168000 167999 167998 167997 167996 167995 167994 167993 167992 167991 167990 167989 167988 167987 167986 167985 167984 167983 167982 167981 167980 167979 167978 167977 167976 167975 167974 167973 167972 167971 167970 167969 167968 167967 167966 167965 167964 167963 167962 167961 167960 167959 167958 167957 167956 167955 167954 167953 167952 167951 167950 167949 167948 167947 167946 167945 167944 167943 167942 167941 167940 167939 167938 167937 167936 167935 167934 167933 167932 167931 167930 167929 167928 167927 167926 167925 167924 167923 167922 167921 167920 167919 167918 167917 167916 167915 167914 167913 167912 167911 167910 167909 167908 167907 167906 167905 167904 167903 167902 167901 167900 167899 167898 167897 167896 167895 167894 167893 167892 167891 167890 167889 167888 167887 167886 167885 167884 167883 167882 167881 167880 167879 167878 167877 167876 167875 167874 167873 167872 167871 167870 167869 167868 167867 167866 167865 167864 167863 167862 167861 167860 167859 167858 167857 167856 167855 167854 167853 167852 167851 167850 167849 167848 167847 167846 167845 167844 167843 167842 167841 167840 167839 167838 167837 167836 167835 167834 167833 167832 167831 167830 167829 167828 167827 167826 167825 167824 167823 167822 167821 167820 167819 167818 167817 167816 167815 167814 167813 167812 167811 167810 167809 167808 167807 167806 167805 167804 167803 167802 167801 167800 167799 167798 167797 167796 167795 167794 167793 167792 167791 167790 167789 167788 167787 167786 167785 167784 167783 167782 167781 167780 167779 167778 167777 167776 167775 167774 167773 167772 167771 167770 167769 167768 167767 167766 167765 167764 167763 167762 167761 167760 167759 167758 167757 167756 167755 167754 167753 167752 167751 167750 167749 167748 167747 167746 167745 167744 167743 167742 167741 167740 167739 167738 167737 167736 167735 167734 167733 167732 167731 167730 167729 167728 167727 167726 167725 167724 167723 167722 167721 167720 167719 167718 167717 167716 167715 167714 167713 167712 167711 167710 167709 167708 167707 167706 167705 167704 167703 167702 167701 167700 167699 167698 167697 167696 167695 167694 167693 167692 167691 167690 167689 167688 167687 167686 167685 167684 167683 167682 167681 167680 167679 167678 167677 167676 167675 167674 167673 167672 167671 167670 167669 167668 167667 167666 167665 167664 167663 167662 167661 167660 167659 167658 167657 167656 167655 167654 167653 167652 167651 167650 167649 167648 167647 167646 167645 167644 167643 167642 167641 167640 167639 167638 167637 167636 167635 167634 167633 167632 167631 167630 167629 167628 167627 167626 167625 167624 167623 167622 167621 167620 167619 167618 167617 167616 167615 167614 167613 167612 167611 167610 167609 167608 167607 167606 167605 167604 167603 167602 167601 167600 167599 167598 167597 167596 167595 167594 167593 167592 167591 167590 167589 167588 167587 167586 167585 167584 167583 167582 167581 167580 167579 167578 167577 167576 167575 167574 167573 167572 167571 167570 167569 167568 167567 167566 167565 167564 167563 167562 167561 167560 167559 167558 167557 167556 167555 167554 167553 167552 167551 167550 167549 167548 167547 167546 167545 167544 167543 167542 167541 167540 167539 167538 167537 167536 167535 167534 167533 167532 167531 167530 167529 167528 167527 167526 167525 167524 167523 167522 167521 167520 167519 167518 167517 167516 167515 167514 167513 167512 167511 167510 167509 167508 167507 167506 167505 167504 167503 167502 167501 167500 167499 167498 167497 167496 167495 167494 167493 167492 167491 167490 167489 167488 167487 167486 167485 167484 167483 167482 167481 167480 167479 167478 167477 167476 167475 167474 167473 167472 167471 167470 167469 167468 167467 167466 167465 167464 167463 167462 167461 167460 167459 167458 167457 167456 167455 167454 167453 167452 167451 167450 167449 167448 167447 167446 167445 167444 167443 167442 167441 167440 167439 167438 167437 167436 167435 167434 167433 167432 167431 167430 167429 167428 167427 167426 167425 167424 167423 167422 167421 167420 167419 167418 167417 167416 167415 167414 167413 167412 167411 167410 167409 167408 167407 167406 167405 167404 167403 167402 167401 167400 167399 167398 167397 167396 167395 167394 167393 167392 167391 167390 167389 167388 167387 167386 167385 167384 167383 167382 167381 167380 167379 167378 167377 167376 167375 167374 167373 167372 167371 167370 167369 167368 167367 167366 167365 167364 167363 167362 167361 167360 167359 167358 167357 167356 167355 167354 167353 167352 167351 167350 167349 167348 167347 167346 167345 167344 167343 167342 167341 167340 167339 167338 167337 167336 167335 167334 167333 167332 167331 167330 167329 167328 167327 167326 167325 167324 167323 167322 167321 167320 167319 167318 167317 167316 167315 167314 167313 167312 167311 167310 167309 167308 167307 167306 167305 167304 167303 167302 167301 167300 167299 167298 167297 167296 167295 167294 167293 167292 167291 167290 167289 167288 167287 167286 167285 167284 167283 167282 167281 167280 167279 167278 167277 167276 167275 167274 167273 167272 167271 167270 167269 167268 167267 167266 167265 167264 167263 167262 167261 167260 167259 167258 167257 167256 167255 167254 167253 167252 167251 167250 167249 167248 167247 167246 167245 167244 167243 167242 167241 167240 167239 167238 167237 167236 167235 167234 167233 167232 167231 167230 167229 167228 167227 167226 167225 167224 167223 167222 167221 167220 167219 167218 167217 167216 167215 167214 167213 167212 167211 167210 167209 167208 167207 167206 167205 167204 167203 167202 167201 167200 167199 167198 167197 167196 167195 167194 167193 167192 167191 167190 167189 167188 167187 167186 167185 167184 167183 167182 167181 167180 167179 167178 167177 167176 167175 167174 167173 167172 167171 167170 167169 167168 167167 167166 167165 167164 167163 167162 167161 167160 167159 167158 167157 167156 167155 167154 167153 167152 167151 167150 167149 167148 167147 167146 167145 167144 167143 167142 167141 167140 167139 167138 167137 167136 167135 167134 167133 167132 167131 167130 167129 167128 167127 167126 167125 167124 167123 167122 167121 167120 167119 167118 167117 167116 167115 167114 167113 167112 167111 167110 167109 167108 167107 167106 167105 167104 167103 167102 167101 167100 167099 167098 167097 167096 167095 167094 167093 167092 167091 167090 167089 167088 167087 167086 167085 167084 167083 167082 167081 167080 167079 167078 167077 167076 167075 167074 167073 167072 167071 167070 167069 167068 167067 167066 167065 167064 167063 167062 167061 167060 167059 167058 167057 167056 167055 167054 167053 167052 167051 167050 167049 167048 167047 167046 167045 167044 167043 167042 167041 167040 167039 167038 167037 167036 167035 167034 167033 167032 167031 167030 167029 167028 167027 167026 167025 167024 167023 167022 167021 167020 167019 167018 167017 167016 167015 167014 167013 167012 167011 167010 167009 167008 167007 167006 167005 167004 167003 167002 167001 167000 166999 166998 166997 166996 166995 166994 166993 166992 166991 166990 166989 166988 166987 166986 166985 166984 166983 166982 166981 166980 166979 166978 166977 166976 166975 166974 166973 166972 166971 166970 166969 166968 166967 166966 166965 166964 166963 166962 166961 166960 166959 166958 166957 166956 166955 166954 166953 166952 166951 166950 166949 166948 166947 166946 166945 166944 166943 166942 166941 166940 166939 166938 166937 166936 166935 166934 166933 166932 166931 166930 166929 166928 166927 166926 166925 166924 166923 166922 166921 166920 166919 166918 166917 166916 166915 166914 166913 166912 166911 166910 166909 166908 166907 166906 166905 166904 166903 166902 166901 166900 166899 166898 166897 166896 166895 166894 166893 166892 166891 166890 166889 166888 166887 166886 166885 166884 166883 166882 166881 166880 166879 166878 166877 166876 166875 166874 166873 166872 166871 166870 166869 166868 166867 166866 166865 166864 166863 166862 166861 166860 166859 166858 166857 166856 166855 166854 166853 166852 166851 166850 166849 166848 166847 166846 166845 166844 166843 166842 166841 166840 166839 166838 166837 166836 166835 166834 166833 166832 166831 166830 166829 166828 166827 166826 166825 166824 166823 166822 166821 166820 166819 166818 166817 166816 166815 166814 166813 166812 166811 166810 166809 166808 166807 166806 166805 166804 166803 166802 166801 166800 166799 166798 166797 166796 166795 166794 166793 166792 166791 166790 166789 166788 166787 166786 166785 166784 166783 166782 166781 166780 166779 166778 166777 166776 166775 166774 166773 166772 166771 166770 166769 166768 166767 166766 166765 166764 166763 166762 166761 166760 166759 166758 166757 166756 166755 166754 166753 166752 166751 166750 166749 166748 166747 166746 166745 166744 166743 166742 166741 166740 166739 166738 166737 166736 166735 166734 166733 166732 166731 166730 166729 166728 166727 166726 166725 166724 166723 166722 166721 166720 166719 166718 166717 166716 166715 166714 166713 166712 166711 166710 166709 166708 166707 166706 166705 166704 166703 166702 166701 166700 166699 166698 166697 166696 166695 166694 166693 166692 166691 166690 166689 166688 166687 166686 166685 166684 166683 166682 166681 166680 166679 166678 166677 166676 166675 166674 166673 166672 166671 166670 166669 166668 166667 166666 166665 166664 166663 166662 166661 166660 166659 166658 166657 166656 166655 166654 166653 166652 166651 166650 166649 166648 166647 166646 166645 166644 166643 166642 166641 166640 166639 166638 166637 166636 166635 166634 166633 166632 166631 166630 166629 166628 166627 166626 166625 166624 166623 166622 166621 166620 166619 166618 166617 166616 166615 166614 166613 166612 166611 166610 166609 166608 166607 166606 166605 166604 166603 166602 166601 166600 166599 166598 166597 166596 166595 166594 166593 166592 166591 166590 166589 166588 166587 166586 166585 166584 166583 166582 166581 166580 166579 166578 166577 166576 166575 166574 166573 166572 166571 166570 166569 166568 166567 166566 166565 166564 166563 166562 166561 166560 166559 166558 166557 166556 166555 166554 166553 166552 166551 166550 166549 166548 166547 166546 166545 166544 166543 166542 166541 166540 166539 166538 166537 166536 166535 166534 166533 166532 166531 166530 166529 166528 166527 166526 166525 166524 166523 166522 166521 166520 166519 166518 166517 166516 166515 166514 166513 166512 166511 166510 166509 166508 166507 166506 166505 166504 166503 166502 166501 166500 166499 166498 166497 166496 166495 166494 166493 166492 166491 166490 166489 166488 166487 166486 166485 166484 166483 166482 166481 166480 166479 166478 166477 166476 166475 166474 166473 166472 166471 166470 166469 166468 166467 166466 166465 166464 166463 166462 166461 166460 166459 166458 166457 166456 166455 166454 166453 166452 166451 166450 166449 166448 166447 166446 166445 166444 166443 166442 166441 166440 166439 166438 166437 166436 166435 166434 166433 166432 166431 166430 166429 166428 166427 166426 166425 166424 166423 166422 166421 166420 166419 166418 166417 166416 166415 166414 166413 166412 166411 166410 166409 166408 166407 166406 166405 166404 166403 166402 166401 166400 166399 166398 166397 166396 166395 166394 166393 166392 166391 166390 166389 166388 166387 166386 166385 166384 166383 166382 166381 166380 166379 166378 166377 166376 166375 166374 166373 166372 166371 166370 166369 166368 166367 166366 166365 166364 166363 166362 166361 166360 166359 166358 166357 166356 166355 166354 166353 166352 166351 166350 166349 166348 166347 166346 166345 166344 166343 166342 166341 166340 166339 166338 166337 166336 166335 166334 166333 166332 166331 166330 166329 166328 166327 166326 166325 166324 166323 166322 166321 166320 166319 166318 166317 166316 166315 166314 166313 166312 166311 166310 166309 166308 166307 166306 166305 166304 166303 166302 166301 166300 166299 166298 166297 166296 166295 166294 166293 166292 166291 166290 166289 166288 166287 166286 166285 166284 166283 166282 166281 166280 166279 166278 166277 166276 166275 166274 166273 166272 166271 166270 166269 166268 166267 166266 166265 166264 166263 166262 166261 166260 166259 166258 166257 166256 166255 166254 166253 166252 166251 166250 166249 166248 166247 166246 166245 166244 166243 166242 166241 166240 166239 166238 166237 166236 166235 166234 166233 166232 166231 166230 166229 166228 166227 166226 166225 166224 166223 166222 166221 166220 166219 166218 166217 166216 166215 166214 166213 166212 166211 166210 166209 166208 166207 166206 166205 166204 166203 166202 166201 166200 166199 166198 166197 166196 166195 166194 166193 166192 166191 166190 166189 166188 166187 166186 166185 166184 166183 166182 166181 166180 166179 166178 166177 166176 166175 166174 166173 166172 166171 166170 166169 166168 166167 166166 166165 166164 166163 166162 166161 166160 166159 166158 166157 166156 166155 166154 166153 166152 166151 166150 166149 166148 166147 166146 166145 166144 166143 166142 166141 166140 166139 166138 166137 166136 166135 166134 166133 166132 166131 166130 166129 166128 166127 166126 166125 166124 166123 166122 166121 166120 166119 166118 166117 166116 166115 166114 166113 166112 166111 166110 166109 166108 166107 166106 166105 166104 166103 166102 166101 166100 166099 166098 166097 166096 166095 166094 166093 166092 166091 166090 166089 166088 166087 166086 166085 166084 166083 166082 166081 166080 166079 166078 166077 166076 166075 166074 166073 166072 166071 166070 166069 166068 166067 166066 166065 166064 166063 166062 166061 166060 166059 166058 166057 166056 166055 166054 166053 166052 166051 166050 166049 166048 166047 166046 166045 166044 166043 166042 166041 166040 166039 166038 166037 166036 166035 166034 166033 166032 166031 166030 166029 166028 166027 166026 166025 166024 166023 166022 166021 166020 166019 166018 166017 166016 166015 166014 166013 166012 166011 166010 166009 166008 166007 166006 166005 166004 166003 166002 166001 166000 165999 165998 165997 165996 165995 165994 165993 165992 165991 165990 165989 165988 165987 165986 165985 165984 165983 165982 165981 165980 165979 165978 165977 165976 165975 165974 165973 165972 165971 165970 165969 165968 165967 165966 165965 165964 165963 165962 165961 165960 165959 165958 165957 165956 165955 165954 165953 165952 165951 165950 165949 165948 165947 165946 165945 165944 165943 165942 165941 165940 165939 165938 165937 165936 165935 165934 165933 165932 165931 165930 165929 165928 165927 165926 165925 165924 165923 165922 165921 165920 165919 165918 165917 165916 165915 165914 165913 165912 165911 165910 165909 165908 165907 165906 165905 165904 165903 165902 165901 165900 165899 165898 165897 165896 165895 165894 165893 165892 165891 165890 165889 165888 165887 165886 165885 165884 165883 165882 165881 165880 165879 165878 165877 165876 165875 165874 165873 165872 165871 165870 165869 165868 165867 165866 165865 165864 165863 165862 165861 165860 165859 165858 165857 165856 165855 165854 165853 165852 165851 165850 165849 165848 165847 165846 165845 165844 165843 165842 165841 165840 165839 165838 165837 165836 165835 165834 165833 165832 165831 165830 165829 165828 165827 165826 165825 165824 165823 165822 165821 165820 165819 165818 165817 165816 165815 165814 165813 165812 165811 165810 165809 165808 165807 165806 165805 165804 165803 165802 165801 165800 165799 165798 165797 165796 165795 165794 165793 165792 165791 165790 165789 165788 165787 165786 165785 165784 165783 165782 165781 165780 165779 165778 165777 165776 165775 165774 165773 165772 165771 165770 165769 165768 165767 165766 165765 165764 165763 165762 165761 165760 165759 165758 165757 165756 165755 165754 165753 165752 165751 165750 165749 165748 165747 165746 165745 165744 165743 165742 165741 165740 165739 165738 165737 165736 165735 165734 165733 165732 165731 165730 165729 165728 165727 165726 165725 165724 165723 165722 165721 165720 165719 165718 165717 165716 165715 165714 165713 165712 165711 165710 165709 165708 165707 165706 165705 165704 165703 165702 165701 165700 165699 165698 165697 165696 165695 165694 165693 165692 165691 165690 165689 165688 165687 165686 165685 165684 165683 165682 165681 165680 165679 165678 165677 165676 165675 165674 165673 165672 165671 165670 165669 165668 165667 165666 165665 165664 165663 165662 165661 165660 165659 165658 165657 165656 165655 165654 165653 165652 165651 165650 165649 165648 165647 165646 165645 165644 165643 165642 165641 165640 165639 165638 165637 165636 165635 165634 165633 165632 165631 165630 165629 165628 165627 165626 165625 165624 165623 165622 165621 165620 165619 165618 165617 165616 165615 165614 165613 165612 165611 165610 165609 165608 165607 165606 165605 165604 165603 165602 165601 165600 165599 165598 165597 165596 165595 165594 165593 165592 165591 165590 165589 165588 165587 165586 165585 165584 165583 165582 165581 165580 165579 165578 165577 165576 165575 165574 165573 165572 165571 165570 165569 165568 165567 165566 165565 165564 165563 165562 165561 165560 165559 165558 165557 165556 165555 165554 165553 165552 165551 165550 165549 165548 165547 165546 165545 165544 165543 165542 165541 165540 165539 165538 165537 165536 165535 165534 165533 165532 165531 165530 165529 165528 165527 165526 165525 165524 165523 165522 165521 165520 165519 165518 165517 165516 165515 165514 165513 165512 165511 165510 165509 165508 165507 165506 165505 165504 165503 165502 165501 165500 165499 165498 165497 165496 165495 165494 165493 165492 165491 165490 165489 165488 165487 165486 165485 165484 165483 165482 165481 165480 165479 165478 165477 165476 165475 165474 165473 165472 165471 165470 165469 165468 165467 165466 165465 165464 165463 165462 165461 165460 165459 165458 165457 165456 165455 165454 165453 165452 165451 165450 165449 165448 165447 165446 165445 165444 165443 165442 165441 165440 165439 165438 165437 165436 165435 165434 165433 165432 165431 165430 165429 165428 165427 165426 165425 165424 165423 165422 165421 165420 165419 165418 165417 165416 165415 165414 165413 165412 165411 165410 165409 165408 165407 165406 165405 165404 165403 165402 165401 165400 165399 165398 165397 165396 165395 165394 165393 165392 165391 165390 165389 165388 165387 165386 165385 165384 165383 165382 165381 165380 165379 165378 165377 165376 165375 165374 165373 165372 165371 165370 165369 165368 165367 165366 165365 165364 165363 165362 165361 165360 165359 165358 165357 165356 165355 165354 165353 165352 165351 165350 165349 165348 165347 165346 165345 165344 165343 165342 165341 165340 165339 165338 165337 165336 165335 165334 165333 165332 165331 165330 165329 165328 165327 165326 165325 165324 165323 165322 165321 165320 165319 165318 165317 165316 165315 165314 165313 165312 165311 165310 165309 165308 165307 165306 165305 165304 165303 165302 165301 165300 165299 165298 165297 165296 165295 165294 165293 165292 165291 165290 165289 165288 165287 165286 165285 165284 165283 165282 165281 165280 165279 165278 165277 165276 165275 165274 165273 165272 165271 165270 165269 165268 165267 165266 165265 165264 165263 165262 165261 165260 165259 165258 165257 165256 165255 165254 165253 165252 165251 165250 165249 165248 165247 165246 165245 165244 165243 165242 165241 165240 165239 165238 165237 165236 165235 165234 165233 165232 165231 165230 165229 165228 165227 165226 165225 165224 165223 165222 165221 165220 165219 165218 165217 165216 165215 165214 165213 165212 165211 165210 165209 165208 165207 165206 165205 165204 165203 165202 165201 165200 165199 165198 165197 165196 165195 165194 165193 165192 165191 165190 165189 165188 165187 165186 165185 165184 165183 165182 165181 165180 165179 165178 165177 165176 165175 165174 165173 165172 165171 165170 165169 165168 165167 165166 165165 165164 165163 165162 165161 165160 165159 165158 165157 165156 165155 165154 165153 165152 165151 165150 165149 165148 165147 165146 165145 165144 165143 165142 165141 165140 165139 165138 165137 165136 165135 165134 165133 165132 165131 165130 165129 165128 165127 165126 165125 165124 165123 165122 165121 165120 165119 165118 165117 165116 165115 165114 165113 165112 165111 165110 165109 165108 165107 165106 165105 165104 165103 165102 165101 165100 165099 165098 165097 165096 165095 165094 165093 165092 165091 165090 165089 165088 165087 165086 165085 165084 165083 165082 165081 165080 165079 165078 165077 165076 165075 165074 165073 165072 165071 165070 165069 165068 165067 165066 165065 165064 165063 165062 165061 165060 165059 165058 165057 165056 165055 165054 165053 165052 165051 165050 165049 165048 165047 165046 165045 165044 165043 165042 165041 165040 165039 165038 165037 165036 165035 165034 165033 165032 165031 165030 165029 165028 165027 165026 165025 165024 165023 165022 165021 165020 165019 165018 165017 165016 165015 165014 165013 165012 165011 165010 165009 165008 165007 165006 165005 165004 165003 165002 165001 165000 164999 164998 164997 164996 164995 164994 164993 164992 164991 164990 164989 164988 164987 164986 164985 164984 164983 164982 164981 164980 164979 164978 164977 164976 164975 164974 164973 164972 164971 164970 164969 164968 164967 164966 164965 164964 164963 164962 164961 164960 164959 164958 164957 164956 164955 164954 164953 164952 164951 164950 164949 164948 164947 164946 164945 164944 164943 164942 164941 164940 164939 164938 164937 164936 164935 164934 164933 164932 164931 164930 164929 164928 164927 164926 164925 164924 164923 164922 164921 164920 164919 164918 164917 164916 164915 164914 164913 164912 164911 164910 164909 164908 164907 164906 164905 164904 164903 164902 164901 164900 164899 164898 164897 164896 164895 164894 164893 164892 164891 164890 164889 164888 164887 164886 164885 164884 164883 164882 164881 164880 164879 164878 164877 164876 164875 164874 164873 164872 164871 164870 164869 164868 164867 164866 164865 164864 164863 164862 164861 164860 164859 164858 164857 164856 164855 164854 164853 164852 164851 164850 164849 164848 164847 164846 164845 164844 164843 164842 164841 164840 164839 164838 164837 164836 164835 164834 164833 164832 164831 164830 164829 164828 164827 164826 164825 164824 164823 164822 164821 164820 164819 164818 164817 164816 164815 164814 164813 164812 164811 164810 164809 164808 164807 164806 164805 164804 164803 164802 164801 164800 164799 164798 164797 164796 164795 164794 164793 164792 164791 164790 164789 164788 164787 164786 164785 164784 164783 164782 164781 164780 164779 164778 164777 164776 164775 164774 164773 164772 164771 164770 164769 164768 164767 164766 164765 164764 164763 164762 164761 164760 164759 164758 164757 164756 164755 164754 164753 164752 164751 164750 164749 164748 164747 164746 164745 164744 164743 164742 164741 164740 164739 164738 164737 164736 164735 164734 164733 164732 164731 164730 164729 164728 164727 164726 164725 164724 164723 164722 164721 164720 164719 164718 164717 164716 164715 164714 164713 164712 164711 164710 164709 164708 164707 164706 164705 164704 164703 164702 164701 164700 164699 164698 164697 164696 164695 164694 164693 164692 164691 164690 164689 164688 164687 164686 164685 164684 164683 164682 164681 164680 164679 164678 164677 164676 164675 164674 164673 164672 164671 164670 164669 164668 164667 164666 164665 164664 164663 164662 164661 164660 164659 164658 164657 164656 164655 164654 164653 164652 164651 164650 164649 164648 164647 164646 164645 164644 164643 164642 164641 164640 164639 164638 164637 164636 164635 164634 164633 164632 164631 164630 164629 164628 164627 164626 164625 164624 164623 164622 164621 164620 164619 164618 164617 164616 164615 164614 164613 164612 164611 164610 164609 164608 164607 164606 164605 164604 164603 164602 164601 164600 164599 164598 164597 164596 164595 164594 164593 164592 164591 164590 164589 164588 164587 164586 164585 164584 164583 164582 164581 164580 164579 164578 164577 164576 164575 164574 164573 164572 164571 164570 164569 164568 164567 164566 164565 164564 164563 164562 164561 164560 164559 164558 164557 164556 164555 164554 164553 164552 164551 164550 164549 164548 164547 164546 164545 164544 164543 164542 164541 164540 164539 164538 164537 164536 164535 164534 164533 164532 164531 164530 164529 164528 164527 164526 164525 164524 164523 164522 164521 164520 164519 164518 164517 164516 164515 164514 164513 164512 164511 164510 164509 164508 164507 164506 164505 164504 164503 164502 164501 164500 164499 164498 164497 164496 164495 164494 164493 164492 164491 164490 164489 164488 164487 164486 164485 164484 164483 164482 164481 164480 164479 164478 164477 164476 164475 164474 164473 164472 164471 164470 164469 164468 164467 164466 164465 164464 164463 164462 164461 164460 164459 164458 164457 164456 164455 164454 164453 164452 164451 164450 164449 164448 164447 164446 164445 164444 164443 164442 164441 164440 164439 164438 164437 164436 164435 164434 164433 164432 164431 164430 164429 164428 164427 164426 164425 164424 164423 164422 164421 164420 164419 164418 164417 164416 164415 164414 164413 164412 164411 164410 164409 164408 164407 164406 164405 164404 164403 164402 164401 164400 164399 164398 164397 164396 164395 164394 164393 164392 164391 164390 164389 164388 164387 164386 164385 164384 164383 164382 164381 164380 164379 164378 164377 164376 164375 164374 164373 164372 164371 164370 164369 164368 164367 164366 164365 164364 164363 164362 164361 164360 164359 164358 164357 164356 164355 164354 164353 164352 164351 164350 164349 164348 164347 164346 164345 164344 164343 164342 164341 164340 164339 164338 164337 164336 164335 164334 164333 164332 164331 164330 164329 164328 164327 164326 164325 164324 164323 164322 164321 164320 164319 164318 164317 164316 164315 164314 164313 164312 164311 164310 164309 164308 164307 164306 164305 164304 164303 164302 164301 164300 164299 164298 164297 164296 164295 164294 164293 164292 164291 164290 164289 164288 164287 164286 164285 164284 164283 164282 164281 164280 164279 164278 164277 164276 164275 164274 164273 164272 164271 164270 164269 164268 164267 164266 164265 164264 164263 164262 164261 164260 164259 164258 164257 164256 164255 164254 164253 164252 164251 164250 164249 164248 164247 164246 164245 164244 164243 164242 164241 164240 164239 164238 164237 164236 164235 164234 164233 164232 164231 164230 164229 164228 164227 164226 164225 164224 164223 164222 164221 164220 164219 164218 164217 164216 164215 164214 164213 164212 164211 164210 164209 164208 164207 164206 164205 164204 164203 164202 164201 164200 164199 164198 164197 164196 164195 164194 164193 164192 164191 164190 164189 164188 164187 164186 164185 164184 164183 164182 164181 164180 164179 164178 164177 164176 164175 164174 164173 164172 164171 164170 164169 164168 164167 164166 164165 164164 164163 164162 164161 164160 164159 164158 164157 164156 164155 164154 164153 164152 164151 164150 164149 164148 164147 164146 164145 164144 164143 164142 164141 164140 164139 164138 164137 164136 164135 164134 164133 164132 164131 164130 164129 164128 164127 164126 164125 164124 164123 164122 164121 164120 164119 164118 164117 164116 164115 164114 164113 164112 164111 164110 164109 164108 164107 164106 164105 164104 164103 164102 164101 164100 164099 164098 164097 164096 164095 164094 164093 164092 164091 164090 164089 164088 164087 164086 164085 164084 164083 164082 164081 164080 164079 164078 164077 164076 164075 164074 164073 164072 164071 164070 164069 164068 164067 164066 164065 164064 164063 164062 164061 164060 164059 164058 164057 164056 164055 164054 164053 164052 164051 164050 164049 164048 164047 164046 164045 164044 164043 164042 164041 164040 164039 164038 164037 164036 164035 164034 164033 164032 164031 164030 164029 164028 164027 164026 164025 164024 164023 164022 164021 164020 164019 164018 164017 164016 164015 164014 164013 164012 164011 164010 164009 164008 164007 164006 164005 164004 164003 164002 164001 164000 163999 163998 163997 163996 163995 163994 163993 163992 163991 163990 163989 163988 163987 163986 163985 163984 163983 163982 163981 163980 163979 163978 163977 163976 163975 163974 163973 163972 163971 163970 163969 163968 163967 163966 163965 163964 163963 163962 163961 163960 163959 163958 163957 163956 163955 163954 163953 163952 163951 163950 163949 163948 163947 163946 163945 163944 163943 163942 163941 163940 163939 163938 163937 163936 163935 163934 163933 163932 163931 163930 163929 163928 163927 163926 163925 163924 163923 163922 163921 163920 163919 163918 163917 163916 163915 163914 163913 163912 163911 163910 163909 163908 163907 163906 163905 163904 163903 163902 163901 163900 163899 163898 163897 163896 163895 163894 163893 163892 163891 163890 163889 163888 163887 163886 163885 163884 163883 163882 163881 163880 163879 163878 163877 163876 163875 163874 163873 163872 163871 163870 163869 163868 163867 163866 163865 163864 163863 163862 163861 163860 163859 163858 163857 163856 163855 163854 163853 163852 163851 163850 163849 163848 163847 163846 163845 163844 163843 163842 163841 163840 163839 163838 163837 163836 163835 163834 163833 163832 163831 163830 163829 163828 163827 163826 163825 163824 163823 163822 163821 163820 163819 163818 163817 163816 163815 163814 163813 163812 163811 163810 163809 163808 163807 163806 163805 163804 163803 163802 163801 163800 163799 163798 163797 163796 163795 163794 163793 163792 163791 163790 163789 163788 163787 163786 163785 163784 163783 163782 163781 163780 163779 163778 163777 163776 163775 163774 163773 163772 163771 163770 163769 163768 163767 163766 163765 163764 163763 163762 163761 163760 163759 163758 163757 163756 163755 163754 163753 163752 163751 163750 163749 163748 163747 163746 163745 163744 163743 163742 163741 163740 163739 163738 163737 163736 163735 163734 163733 163732 163731 163730 163729 163728 163727 163726 163725 163724 163723 163722 163721 163720 163719 163718 163717 163716 163715 163714 163713 163712 163711 163710 163709 163708 163707 163706 163705 163704 163703 163702 163701 163700 163699 163698 163697 163696 163695 163694 163693 163692 163691 163690 163689 163688 163687 163686 163685 163684 163683 163682 163681 163680 163679 163678 163677 163676 163675 163674 163673 163672 163671 163670 163669 163668 163667 163666 163665 163664 163663 163662 163661 163660 163659 163658 163657 163656 163655 163654 163653 163652 163651 163650 163649 163648 163647 163646 163645 163644 163643 163642 163641 163640 163639 163638 163637 163636 163635 163634 163633 163632 163631 163630 163629 163628 163627 163626 163625 163624 163623 163622 163621 163620 163619 163618 163617 163616 163615 163614 163613 163612 163611 163610 163609 163608 163607 163606 163605 163604 163603 163602 163601 163600 163599 163598 163597 163596 163595 163594 163593 163592 163591 163590 163589 163588 163587 163586 163585 163584 163583 163582 163581 163580 163579 163578 163577 163576 163575 163574 163573 163572 163571 163570 163569 163568 163567 163566 163565 163564 163563 163562 163561 163560 163559 163558 163557 163556 163555 163554 163553 163552 163551 163550 163549 163548 163547 163546 163545 163544 163543 163542 163541 163540 163539 163538 163537 163536 163535 163534 163533 163532 163531 163530 163529 163528 163527 163526 163525 163524 163523 163522 163521 163520 163519 163518 163517 163516 163515 163514 163513 163512 163511 163510 163509 163508 163507 163506 163505 163504 163503 163502 163501 163500 163499 163498 163497 163496 163495 163494 163493 163492 163491 163490 163489 163488 163487 163486 163485 163484 163483 163482 163481 163480 163479 163478 163477 163476 163475 163474 163473 163472 163471 163470 163469 163468 163467 163466 163465 163464 163463 163462 163461 163460 163459 163458 163457 163456 163455 163454 163453 163452 163451 163450 163449 163448 163447 163446 163445 163444 163443 163442 163441 163440 163439 163438 163437 163436 163435 163434 163433 163432 163431 163430 163429 163428 163427 163426 163425 163424 163423 163422 163421 163420 163419 163418 163417 163416 163415 163414 163413 163412 163411 163410 163409 163408 163407 163406 163405 163404 163403 163402 163401 163400 163399 163398 163397 163396 163395 163394 163393 163392 163391 163390 163389 163388 163387 163386 163385 163384 163383 163382 163381 163380 163379 163378 163377 163376 163375 163374 163373 163372 163371 163370 163369 163368 163367 163366 163365 163364 163363 163362 163361 163360 163359 163358 163357 163356 163355 163354 163353 163352 163351 163350 163349 163348 163347 163346 163345 163344 163343 163342 163341 163340 163339 163338 163337 163336 163335 163334 163333 163332 163331 163330 163329 163328 163327 163326 163325 163324 163323 163322 163321 163320 163319 163318 163317 163316 163315 163314 163313 163312 163311 163310 163309 163308 163307 163306 163305 163304 163303 163302 163301 163300 163299 163298 163297 163296 163295 163294 163293 163292 163291 163290 163289 163288 163287 163286 163285 163284 163283 163282 163281 163280 163279 163278 163277 163276 163275 163274 163273 163272 163271 163270 163269 163268 163267 163266 163265 163264 163263 163262 163261 163260 163259 163258 163257 163256 163255 163254 163253 163252 163251 163250 163249 163248 163247 163246 163245 163244 163243 163242 163241 163240 163239 163238 163237 163236 163235 163234 163233 163232 163231 163230 163229 163228 163227 163226 163225 163224 163223 163222 163221 163220 163219 163218 163217 163216 163215 163214 163213 163212 163211 163210 163209 163208 163207 163206 163205 163204 163203 163202 163201 163200 163199 163198 163197 163196 163195 163194 163193 163192 163191 163190 163189 163188 163187 163186 163185 163184 163183 163182 163181 163180 163179 163178 163177 163176 163175 163174 163173 163172 163171 163170 163169 163168 163167 163166 163165 163164 163163 163162 163161 163160 163159 163158 163157 163156 163155 163154 163153 163152 163151 163150 163149 163148 163147 163146 163145 163144 163143 163142 163141 163140 163139 163138 163137 163136 163135 163134 163133 163132 163131 163130 163129 163128 163127 163126 163125 163124 163123 163122 163121 163120 163119 163118 163117 163116 163115 163114 163113 163112 163111 163110 163109 163108 163107 163106 163105 163104 163103 163102 163101 163100 163099 163098 163097 163096 163095 163094 163093 163092 163091 163090 163089 163088 163087 163086 163085 163084 163083 163082 163081 163080 163079 163078 163077 163076 163075 163074 163073 163072 163071 163070 163069 163068 163067 163066 163065 163064 163063 163062 163061 163060 163059 163058 163057 163056 163055 163054 163053 163052 163051 163050 163049 163048 163047 163046 163045 163044 163043 163042 163041 163040 163039 163038 163037 163036 163035 163034 163033 163032 163031 163030 163029 163028 163027 163026 163025 163024 163023 163022 163021 163020 163019 163018 163017 163016 163015 163014 163013 163012 163011 163010 163009 163008 163007 163006 163005 163004 163003 163002 163001 163000 162999 162998 162997 162996 162995 162994 162993 162992 162991 162990 162989 162988 162987 162986 162985 162984 162983 162982 162981 162980 162979 162978 162977 162976 162975 162974 162973 162972 162971 162970 162969 162968 162967 162966 162965 162964 162963 162962 162961 162960 162959 162958 162957 162956 162955 162954 162953 162952 162951 162950 162949 162948 162947 162946 162945 162944 162943 162942 162941 162940 162939 162938 162937 162936 162935 162934 162933 162932 162931 162930 162929 162928 162927 162926 162925 162924 162923 162922 162921 162920 162919 162918 162917 162916 162915 162914 162913 162912 162911 162910 162909 162908 162907 162906 162905 162904 162903 162902 162901 162900 162899 162898 162897 162896 162895 162894 162893 162892 162891 162890 162889 162888 162887 162886 162885 162884 162883 162882 162881 162880 162879 162878 162877 162876 162875 162874 162873 162872 162871 162870 162869 162868 162867 162866 162865 162864 162863 162862 162861 162860 162859 162858 162857 162856 162855 162854 162853 162852 162851 162850 162849 162848 162847 162846 162845 162844 162843 162842 162841 162840 162839 162838 162837 162836 162835 162834 162833 162832 162831 162830 162829 162828 162827 162826 162825 162824 162823 162822 162821 162820 162819 162818 162817 162816 162815 162814 162813 162812 162811 162810 162809 162808 162807 162806 162805 162804 162803 162802 162801 162800 162799 162798 162797 162796 162795 162794 162793 162792 162791 162790 162789 162788 162787 162786 162785 162784 162783 162782 162781 162780 162779 162778 162777 162776 162775 162774 162773 162772 162771 162770 162769 162768 162767 162766 162765 162764 162763 162762 162761 162760 162759 162758 162757 162756 162755 162754 162753 162752 162751 162750 162749 162748 162747 162746 162745 162744 162743 162742 162741 162740 162739 162738 162737 162736 162735 162734 162733 162732 162731 162730 162729 162728 162727 162726 162725 162724 162723 162722 162721 162720 162719 162718 162717 162716 162715 162714 162713 162712 162711 162710 162709 162708 162707 162706 162705 162704 162703 162702 162701 162700 162699 162698 162697 162696 162695 162694 162693 162692 162691 162690 162689 162688 162687 162686 162685 162684 162683 162682 162681 162680 162679 162678 162677 162676 162675 162674 162673 162672 162671 162670 162669 162668 162667 162666 162665 162664 162663 162662 162661 162660 162659 162658 162657 162656 162655 162654 162653 162652 162651 162650 162649 162648 162647 162646 162645 162644 162643 162642 162641 162640 162639 162638 162637 162636 162635 162634 162633 162632 162631 162630 162629 162628 162627 162626 162625 162624 162623 162622 162621 162620 162619 162618 162617 162616 162615 162614 162613 162612 162611 162610 162609 162608 162607 162606 162605 162604 162603 162602 162601 162600 162599 162598 162597 162596 162595 162594 162593 162592 162591 162590 162589 162588 162587 162586 162585 162584 162583 162582 162581 162580 162579 162578 162577 162576 162575 162574 162573 162572 162571 162570 162569 162568 162567 162566 162565 162564 162563 162562 162561 162560 162559 162558 162557 162556 162555 162554 162553 162552 162551 162550 162549 162548 162547 162546 162545 162544 162543 162542 162541 162540 162539 162538 162537 162536 162535 162534 162533 162532 162531 162530 162529 162528 162527 162526 162525 162524 162523 162522 162521 162520 162519 162518 162517 162516 162515 162514 162513 162512 162511 162510 162509 162508 162507 162506 162505 162504 162503 162502 162501 162500 162499 162498 162497 162496 162495 162494 162493 162492 162491 162490 162489 162488 162487 162486 162485 162484 162483 162482 162481 162480 162479 162478 162477 162476 162475 162474 162473 162472 162471 162470 162469 162468 162467 162466 162465 162464 162463 162462 162461 162460 162459 162458 162457 162456 162455 162454 162453 162452 162451 162450 162449 162448 162447 162446 162445 162444 162443 162442 162441 162440 162439 162438 162437 162436 162435 162434 162433 162432 162431 162430 162429 162428 162427 162426 162425 162424 162423 162422 162421 162420 162419 162418 162417 162416 162415 162414 162413 162412 162411 162410 162409 162408 162407 162406 162405 162404 162403 162402 162401 162400 162399 162398 162397 162396 162395 162394 162393 162392 162391 162390 162389 162388 162387 162386 162385 162384 162383 162382 162381 162380 162379 162378 162377 162376 162375 162374 162373 162372 162371 162370 162369 162368 162367 162366 162365 162364 162363 162362 162361 162360 162359 162358 162357 162356 162355 162354 162353 162352 162351 162350 162349 162348 162347 162346 162345 162344 162343 162342 162341 162340 162339 162338 162337 162336 162335 162334 162333 162332 162331 162330 162329 162328 162327 162326 162325 162324 162323 162322 162321 162320 162319 162318 162317 162316 162315 162314 162313 162312 162311 162310 162309 162308 162307 162306 162305 162304 162303 162302 162301 162300 162299 162298 162297 162296 162295 162294 162293 162292 162291 162290 162289 162288 162287 162286 162285 162284 162283 162282 162281 162280 162279 162278 162277 162276 162275 162274 162273 162272 162271 162270 162269 162268 162267 162266 162265 162264 162263 162262 162261 162260 162259 162258 162257 162256 162255 162254 162253 162252 162251 162250 162249 162248 162247 162246 162245 162244 162243 162242 162241 162240 162239 162238 162237 162236 162235 162234 162233 162232 162231 162230 162229 162228 162227 162226 162225 162224 162223 162222 162221 162220 162219 162218 162217 162216 162215 162214 162213 162212 162211 162210 162209 162208 162207 162206 162205 162204 162203 162202 162201 162200 162199 162198 162197 162196 162195 162194 162193 162192 162191 162190 162189 162188 162187 162186 162185 162184 162183 162182 162181 162180 162179 162178 162177 162176 162175 162174 162173 162172 162171 162170 162169 162168 162167 162166 162165 162164 162163 162162 162161 162160 162159 162158 162157 162156 162155 162154 162153 162152 162151 162150 162149 162148 162147 162146 162145 162144 162143 162142 162141 162140 162139 162138 162137 162136 162135 162134 162133 162132 162131 162130 162129 162128 162127 162126 162125 162124 162123 162122 162121 162120 162119 162118 162117 162116 162115 162114 162113 162112 162111 162110 162109 162108 162107 162106 162105 162104 162103 162102 162101 162100 162099 162098 162097 162096 162095 162094 162093 162092 162091 162090 162089 162088 162087 162086 162085 162084 162083 162082 162081 162080 162079 162078 162077 162076 162075 162074 162073 162072 162071 162070 162069 162068 162067 162066 162065 162064 162063 162062 162061 162060 162059 162058 162057 162056 162055 162054 162053 162052 162051 162050 162049 162048 162047 162046 162045 162044 162043 162042 162041 162040 162039 162038 162037 162036 162035 162034 162033 162032 162031 162030 162029 162028 162027 162026 162025 162024 162023 162022 162021 162020 162019 162018 162017 162016 162015 162014 162013 162012 162011 162010 162009 162008 162007 162006 162005 162004 162003 162002 162001 162000 161999 161998 161997 161996 161995 161994 161993 161992 161991 161990 161989 161988 161987 161986 161985 161984 161983 161982 161981 161980 161979 161978 161977 161976 161975 161974 161973 161972 161971 161970 161969 161968 161967 161966 161965 161964 161963 161962 161961 161960 161959 161958 161957 161956 161955 161954 161953 161952 161951 161950 161949 161948 161947 161946 161945 161944 161943 161942 161941 161940 161939 161938 161937 161936 161935 161934 161933 161932 161931 161930 161929 161928 161927 161926 161925 161924 161923 161922 161921 161920 161919 161918 161917 161916 161915 161914 161913 161912 161911 161910 161909 161908 161907 161906 161905 161904 161903 161902 161901 161900 161899 161898 161897 161896 161895 161894 161893 161892 161891 161890 161889 161888 161887 161886 161885 161884 161883 161882 161881 161880 161879 161878 161877 161876 161875 161874 161873 161872 161871 161870 161869 161868 161867 161866 161865 161864 161863 161862 161861 161860 161859 161858 161857 161856 161855 161854 161853 161852 161851 161850 161849 161848 161847 161846 161845 161844 161843 161842 161841 161840 161839 161838 161837 161836 161835 161834 161833 161832 161831 161830 161829 161828 161827 161826 161825 161824 161823 161822 161821 161820 161819 161818 161817 161816 161815 161814 161813 161812 161811 161810 161809 161808 161807 161806 161805 161804 161803 161802 161801 161800 161799 161798 161797 161796 161795 161794 161793 161792 161791 161790 161789 161788 161787 161786 161785 161784 161783 161782 161781 161780 161779 161778 161777 161776 161775 161774 161773 161772 161771 161770 161769 161768 161767 161766 161765 161764 161763 161762 161761 161760 161759 161758 161757 161756 161755 161754 161753 161752 161751 161750 161749 161748 161747 161746 161745 161744 161743 161742 161741 161740 161739 161738 161737 161736 161735 161734 161733 161732 161731 161730 161729 161728 161727 161726 161725 161724 161723 161722 161721 161720 161719 161718 161717 161716 161715 161714 161713 161712 161711 161710 161709 161708 161707 161706 161705 161704 161703 161702 161701 161700 161699 161698 161697 161696 161695 161694 161693 161692 161691 161690 161689 161688 161687 161686 161685 161684 161683 161682 161681 161680 161679 161678 161677 161676 161675 161674 161673 161672 161671 161670 161669 161668 161667 161666 161665 161664 161663 161662 161661 161660 161659 161658 161657 161656 161655 161654 161653 161652 161651 161650 161649 161648 161647 161646 161645 161644 161643 161642 161641 161640 161639 161638 161637 161636 161635 161634 161633 161632 161631 161630 161629 161628 161627 161626 161625 161624 161623 161622 161621 161620 161619 161618 161617 161616 161615 161614 161613 161612 161611 161610 161609 161608 161607 161606 161605 161604 161603 161602 161601 161600 161599 161598 161597 161596 161595 161594 161593 161592 161591 161590 161589 161588 161587 161586 161585 161584 161583 161582 161581 161580 161579 161578 161577 161576 161575 161574 161573 161572 161571 161570 161569 161568 161567 161566 161565 161564 161563 161562 161561 161560 161559 161558 161557 161556 161555 161554 161553 161552 161551 161550 161549 161548 161547 161546 161545 161544 161543 161542 161541 161540 161539 161538 161537 161536 161535 161534 161533 161532 161531 161530 161529 161528 161527 161526 161525 161524 161523 161522 161521 161520 161519 161518 161517 161516 161515 161514 161513 161512 161511 161510 161509 161508 161507 161506 161505 161504 161503 161502 161501 161500 161499 161498 161497 161496 161495 161494 161493 161492 161491 161490 161489 161488 161487 161486 161485 161484 161483 161482 161481 161480 161479 161478 161477 161476 161475 161474 161473 161472 161471 161470 161469 161468 161467 161466 161465 161464 161463 161462 161461 161460 161459 161458 161457 161456 161455 161454 161453 161452 161451 161450 161449 161448 161447 161446 161445 161444 161443 161442 161441 161440 161439 161438 161437 161436 161435 161434 161433 161432 161431 161430 161429 161428 161427 161426 161425 161424 161423 161422 161421 161420 161419 161418 161417 161416 161415 161414 161413 161412 161411 161410 161409 161408 161407 161406 161405 161404 161403 161402 161401 161400 161399 161398 161397 161396 161395 161394 161393 161392 161391 161390 161389 161388 161387 161386 161385 161384 161383 161382 161381 161380 161379 161378 161377 161376 161375 161374 161373 161372 161371 161370 161369 161368 161367 161366 161365 161364 161363 161362 161361 161360 161359 161358 161357 161356 161355 161354 161353 161352 161351 161350 161349 161348 161347 161346 161345 161344 161343 161342 161341 161340 161339 161338 161337 161336 161335 161334 161333 161332 161331 161330 161329 161328 161327 161326 161325 161324 161323 161322 161321 161320 161319 161318 161317 161316 161315 161314 161313 161312 161311 161310 161309 161308 161307 161306 161305 161304 161303 161302 161301 161300 161299 161298 161297 161296 161295 161294 161293 161292 161291 161290 161289 161288 161287 161286 161285 161284 161283 161282 161281 161280 161279 161278 161277 161276 161275 161274 161273 161272 161271 161270 161269 161268 161267 161266 161265 161264 161263 161262 161261 161260 161259 161258 161257 161256 161255 161254 161253 161252 161251 161250 161249 161248 161247 161246 161245 161244 161243 161242 161241 161240 161239 161238 161237 161236 161235 161234 161233 161232 161231 161230 161229 161228 161227 161226 161225 161224 161223 161222 161221 161220 161219 161218 161217 161216 161215 161214 161213 161212 161211 161210 161209 161208 161207 161206 161205 161204 161203 161202 161201 161200 161199 161198 161197 161196 161195 161194 161193 161192 161191 161190 161189 161188 161187 161186 161185 161184 161183 161182 161181 161180 161179 161178 161177 161176 161175 161174 161173 161172 161171 161170 161169 161168 161167 161166 161165 161164 161163 161162 161161 161160 161159 161158 161157 161156 161155 161154 161153 161152 161151 161150 161149 161148 161147 161146 161145 161144 161143 161142 161141 161140 161139 161138 161137 161136 161135 161134 161133 161132 161131 161130 161129 161128 161127 161126 161125 161124 161123 161122 161121 161120 161119 161118 161117 161116 161115 161114 161113 161112 161111 161110 161109 161108 161107 161106 161105 161104 161103 161102 161101 161100 161099 161098 161097 161096 161095 161094 161093 161092 161091 161090 161089 161088 161087 161086 161085 161084 161083 161082 161081 161080 161079 161078 161077 161076 161075 161074 161073 161072 161071 161070 161069 161068 161067 161066 161065 161064 161063 161062 161061 161060 161059 161058 161057 161056 161055 161054 161053 161052 161051 161050 161049 161048 161047 161046 161045 161044 161043 161042 161041 161040 161039 161038 161037 161036 161035 161034 161033 161032 161031 161030 161029 161028 161027 161026 161025 161024 161023 161022 161021 161020 161019 161018 161017 161016 161015 161014 161013 161012 161011 161010 161009 161008 161007 161006 161005 161004 161003 161002 161001 161000 160999 160998 160997 160996 160995 160994 160993 160992 160991 160990 160989 160988 160987 160986 160985 160984 160983 160982 160981 160980 160979 160978 160977 160976 160975 160974 160973 160972 160971 160970 160969 160968 160967 160966 160965 160964 160963 160962 160961 160960 160959 160958 160957 160956 160955 160954 160953 160952 160951 160950 160949 160948 160947 160946 160945 160944 160943 160942 160941 160940 160939 160938 160937 160936 160935 160934 160933 160932 160931 160930 160929 160928 160927 160926 160925 160924 160923 160922 160921 160920 160919 160918 160917 160916 160915 160914 160913 160912 160911 160910 160909 160908 160907 160906 160905 160904 160903 160902 160901 160900 160899 160898 160897 160896 160895 160894 160893 160892 160891 160890 160889 160888 160887 160886 160885 160884 160883 160882 160881 160880 160879 160878 160877 160876 160875 160874 160873 160872 160871 160870 160869 160868 160867 160866 160865 160864 160863 160862 160861 160860 160859 160858 160857 160856 160855 160854 160853 160852 160851 160850 160849 160848 160847 160846 160845 160844 160843 160842 160841 160840 160839 160838 160837 160836 160835 160834 160833 160832 160831 160830 160829 160828 160827 160826 160825 160824 160823 160822 160821 160820 160819 160818 160817 160816 160815 160814 160813 160812 160811 160810 160809 160808 160807 160806 160805 160804 160803 160802 160801 160800 160799 160798 160797 160796 160795 160794 160793 160792 160791 160790 160789 160788 160787 160786 160785 160784 160783 160782 160781 160780 160779 160778 160777 160776 160775 160774 160773 160772 160771 160770 160769 160768 160767 160766 160765 160764 160763 160762 160761 160760 160759 160758 160757 160756 160755 160754 160753 160752 160751 160750 160749 160748 160747 160746 160745 160744 160743 160742 160741 160740 160739 160738 160737 160736 160735 160734 160733 160732 160731 160730 160729 160728 160727 160726 160725 160724 160723 160722 160721 160720 160719 160718 160717 160716 160715 160714 160713 160712 160711 160710 160709 160708 160707 160706 160705 160704 160703 160702 160701 160700 160699 160698 160697 160696 160695 160694 160693 160692 160691 160690 160689 160688 160687 160686 160685 160684 160683 160682 160681 160680 160679 160678 160677 160676 160675 160674 160673 160672 160671 160670 160669 160668 160667 160666 160665 160664 160663 160662 160661 160660 160659 160658 160657 160656 160655 160654 160653 160652 160651 160650 160649 160648 160647 160646 160645 160644 160643 160642 160641 160640 160639 160638 160637 160636 160635 160634 160633 160632 160631 160630 160629 160628 160627 160626 160625 160624 160623 160622 160621 160620 160619 160618 160617 160616 160615 160614 160613 160612 160611 160610 160609 160608 160607 160606 160605 160604 160603 160602 160601 160600 160599 160598 160597 160596 160595 160594 160593 160592 160591 160590 160589 160588 160587 160586 160585 160584 160583 160582 160581 160580 160579 160578 160577 160576 160575 160574 160573 160572 160571 160570 160569 160568 160567 160566 160565 160564 160563 160562 160561 160560 160559 160558 160557 160556 160555 160554 160553 160552 160551 160550 160549 160548 160547 160546 160545 160544 160543 160542 160541 160540 160539 160538 160537 160536 160535 160534 160533 160532 160531 160530 160529 160528 160527 160526 160525 160524 160523 160522 160521 160520 160519 160518 160517 160516 160515 160514 160513 160512 160511 160510 160509 160508 160507 160506 160505 160504 160503 160502 160501 160500 160499 160498 160497 160496 160495 160494 160493 160492 160491 160490 160489 160488 160487 160486 160485 160484 160483 160482 160481 160480 160479 160478 160477 160476 160475 160474 160473 160472 160471 160470 160469 160468 160467 160466 160465 160464 160463 160462 160461 160460 160459 160458 160457 160456 160455 160454 160453 160452 160451 160450 160449 160448 160447 160446 160445 160444 160443 160442 160441 160440 160439 160438 160437 160436 160435 160434 160433 160432 160431 160430 160429 160428 160427 160426 160425 160424 160423 160422 160421 160420 160419 160418 160417 160416 160415 160414 160413 160412 160411 160410 160409 160408 160407 160406 160405 160404 160403 160402 160401 160400 160399 160398 160397 160396 160395 160394 160393 160392 160391 160390 160389 160388 160387 160386 160385 160384 160383 160382 160381 160380 160379 160378 160377 160376 160375 160374 160373 160372 160371 160370 160369 160368 160367 160366 160365 160364 160363 160362 160361 160360 160359 160358 160357 160356 160355 160354 160353 160352 160351 160350 160349 160348 160347 160346 160345 160344 160343 160342 160341 160340 160339 160338 160337 160336 160335 160334 160333 160332 160331 160330 160329 160328 160327 160326 160325 160324 160323 160322 160321 160320 160319 160318 160317 160316 160315 160314 160313 160312 160311 160310 160309 160308 160307 160306 160305 160304 160303 160302 160301 160300 160299 160298 160297 160296 160295 160294 160293 160292 160291 160290 160289 160288 160287 160286 160285 160284 160283 160282 160281 160280 160279 160278 160277 160276 160275 160274 160273 160272 160271 160270 160269 160268 160267 160266 160265 160264 160263 160262 160261 160260 160259 160258 160257 160256 160255 160254 160253 160252 160251 160250 160249 160248 160247 160246 160245 160244 160243 160242 160241 160240 160239 160238 160237 160236 160235 160234 160233 160232 160231 160230 160229 160228 160227 160226 160225 160224 160223 160222 160221 160220 160219 160218 160217 160216 160215 160214 160213 160212 160211 160210 160209 160208 160207 160206 160205 160204 160203 160202 160201 160200 160199 160198 160197 160196 160195 160194 160193 160192 160191 160190 160189 160188 160187 160186 160185 160184 160183 160182 160181 160180 160179 160178 160177 160176 160175 160174 160173 160172 160171 160170 160169 160168 160167 160166 160165 160164 160163 160162 160161 160160 160159 160158 160157 160156 160155 160154 160153 160152 160151 160150 160149 160148 160147 160146 160145 160144 160143 160142 160141 160140 160139 160138 160137 160136 160135 160134 160133 160132 160131 160130 160129 160128 160127 160126 160125 160124 160123 160122 160121 160120 160119 160118 160117 160116 160115 160114 160113 160112 160111 160110 160109 160108 160107 160106 160105 160104 160103 160102 160101 160100 160099 160098 160097 160096 160095 160094 160093 160092 160091 160090 160089 160088 160087 160086 160085 160084 160083 160082 160081 160080 160079 160078 160077 160076 160075 160074 160073 160072 160071 160070 160069 160068 160067 160066 160065 160064 160063 160062 160061 160060 160059 160058 160057 160056 160055 160054 160053 160052 160051 160050 160049 160048 160047 160046 160045 160044 160043 160042 160041 160040 160039 160038 160037 160036 160035 160034 160033 160032 160031 160030 160029 160028 160027 160026 160025 160024 160023 160022 160021 160020 160019 160018 160017 160016 160015 160014 160013 160012 160011 160010 160009 160008 160007 160006 160005 160004 160003 160002 160001 160000 159999 159998 159997 159996 159995 159994 159993 159992 159991 159990 159989 159988 159987 159986 159985 159984 159983 159982 159981 159980 159979 159978 159977 159976 159975 159974 159973 159972 159971 159970 159969 159968 159967 159966 159965 159964 159963 159962 159961 159960 159959 159958 159957 159956 159955 159954 159953 159952 159951 159950 159949 159948 159947 159946 159945 159944 159943 159942 159941 159940 159939 159938 159937 159936 159935 159934 159933 159932 159931 159930 159929 159928 159927 159926 159925 159924 159923 159922 159921 159920 159919 159918 159917 159916 159915 159914 159913 159912 159911 159910 159909 159908 159907 159906 159905 159904 159903 159902 159901 159900 159899 159898 159897 159896 159895 159894 159893 159892 159891 159890 159889 159888 159887 159886 159885 159884 159883 159882 159881 159880 159879 159878 159877 159876 159875 159874 159873 159872 159871 159870 159869 159868 159867 159866 159865 159864 159863 159862 159861 159860 159859 159858 159857 159856 159855 159854 159853 159852 159851 159850 159849 159848 159847 159846 159845 159844 159843 159842 159841 159840 159839 159838 159837 159836 159835 159834 159833 159832 159831 159830 159829 159828 159827 159826 159825 159824 159823 159822 159821 159820 159819 159818 159817 159816 159815 159814 159813 159812 159811 159810 159809 159808 159807 159806 159805 159804 159803 159802 159801 159800 159799 159798 159797 159796 159795 159794 159793 159792 159791 159790 159789 159788 159787 159786 159785 159784 159783 159782 159781 159780 159779 159778 159777 159776 159775 159774 159773 159772 159771 159770 159769 159768 159767 159766 159765 159764 159763 159762 159761 159760 159759 159758 159757 159756 159755 159754 159753 159752 159751 159750 159749 159748 159747 159746 159745 159744 159743 159742 159741 159740 159739 159738 159737 159736 159735 159734 159733 159732 159731 159730 159729 159728 159727 159726 159725 159724 159723 159722 159721 159720 159719 159718 159717 159716 159715 159714 159713 159712 159711 159710 159709 159708 159707 159706 159705 159704 159703 159702 159701 159700 159699 159698 159697 159696 159695 159694 159693 159692 159691 159690 159689 159688 159687 159686 159685 159684 159683 159682 159681 159680 159679 159678 159677 159676 159675 159674 159673 159672 159671 159670 159669 159668 159667 159666 159665 159664 159663 159662 159661 159660 159659 159658 159657 159656 159655 159654 159653 159652 159651 159650 159649 159648 159647 159646 159645 159644 159643 159642 159641 159640 159639 159638 159637 159636 159635 159634 159633 159632 159631 159630 159629 159628 159627 159626 159625 159624 159623 159622 159621 159620 159619 159618 159617 159616 159615 159614 159613 159612 159611 159610 159609 159608 159607 159606 159605 159604 159603 159602 159601 159600 159599 159598 159597 159596 159595 159594 159593 159592 159591 159590 159589 159588 159587 159586 159585 159584 159583 159582 159581 159580 159579 159578 159577 159576 159575 159574 159573 159572 159571 159570 159569 159568 159567 159566 159565 159564 159563 159562 159561 159560 159559 159558 159557 159556 159555 159554 159553 159552 159551 159550 159549 159548 159547 159546 159545 159544 159543 159542 159541 159540 159539 159538 159537 159536 159535 159534 159533 159532 159531 159530 159529 159528 159527 159526 159525 159524 159523 159522 159521 159520 159519 159518 159517 159516 159515 159514 159513 159512 159511 159510 159509 159508 159507 159506 159505 159504 159503 159502 159501 159500 159499 159498 159497 159496 159495 159494 159493 159492 159491 159490 159489 159488 159487 159486 159485 159484 159483 159482 159481 159480 159479 159478 159477 159476 159475 159474 159473 159472 159471 159470 159469 159468 159467 159466 159465 159464 159463 159462 159461 159460 159459 159458 159457 159456 159455 159454 159453 159452 159451 159450 159449 159448 159447 159446 159445 159444 159443 159442 159441 159440 159439 159438 159437 159436 159435 159434 159433 159432 159431 159430 159429 159428 159427 159426 159425 159424 159423 159422 159421 159420 159419 159418 159417 159416 159415 159414 159413 159412 159411 159410 159409 159408 159407 159406 159405 159404 159403 159402 159401 159400 159399 159398 159397 159396 159395 159394 159393 159392 159391 159390 159389 159388 159387 159386 159385 159384 159383 159382 159381 159380 159379 159378 159377 159376 159375 159374 159373 159372 159371 159370 159369 159368 159367 159366 159365 159364 159363 159362 159361 159360 159359 159358 159357 159356 159355 159354 159353 159352 159351 159350 159349 159348 159347 159346 159345 159344 159343 159342 159341 159340 159339 159338 159337 159336 159335 159334 159333 159332 159331 159330 159329 159328 159327 159326 159325 159324 159323 159322 159321 159320 159319 159318 159317 159316 159315 159314 159313 159312 159311 159310 159309 159308 159307 159306 159305 159304 159303 159302 159301 159300 159299 159298 159297 159296 159295 159294 159293 159292 159291 159290 159289 159288 159287 159286 159285 159284 159283 159282 159281 159280 159279 159278 159277 159276 159275 159274 159273 159272 159271 159270 159269 159268 159267 159266 159265 159264 159263 159262 159261 159260 159259 159258 159257 159256 159255 159254 159253 159252 159251 159250 159249 159248 159247 159246 159245 159244 159243 159242 159241 159240 159239 159238 159237 159236 159235 159234 159233 159232 159231 159230 159229 159228 159227 159226 159225 159224 159223 159222 159221 159220 159219 159218 159217 159216 159215 159214 159213 159212 159211 159210 159209 159208 159207 159206 159205 159204 159203 159202 159201 159200 159199 159198 159197 159196 159195 159194 159193 159192 159191 159190 159189 159188 159187 159186 159185 159184 159183 159182 159181 159180 159179 159178 159177 159176 159175 159174 159173 159172 159171 159170 159169 159168 159167 159166 159165 159164 159163 159162 159161 159160 159159 159158 159157 159156 159155 159154 159153 159152 159151 159150 159149 159148 159147 159146 159145 159144 159143 159142 159141 159140 159139 159138 159137 159136 159135 159134 159133 159132 159131 159130 159129 159128 159127 159126 159125 159124 159123 159122 159121 159120 159119 159118 159117 159116 159115 159114 159113 159112 159111 159110 159109 159108 159107 159106 159105 159104 159103 159102 159101 159100 159099 159098 159097 159096 159095 159094 159093 159092 159091 159090 159089 159088 159087 159086 159085 159084 159083 159082 159081 159080 159079 159078 159077 159076 159075 159074 159073 159072 159071 159070 159069 159068 159067 159066 159065 159064 159063 159062 159061 159060 159059 159058 159057 159056 159055 159054 159053 159052 159051 159050 159049 159048 159047 159046 159045 159044 159043 159042 159041 159040 159039 159038 159037 159036 159035 159034 159033 159032 159031 159030 159029 159028 159027 159026 159025 159024 159023 159022 159021 159020 159019 159018 159017 159016 159015 159014 159013 159012 159011 159010 159009 159008 159007 159006 159005 159004 159003 159002 159001 159000 158999 158998 158997 158996 158995 158994 158993 158992 158991 158990 158989 158988 158987 158986 158985 158984 158983 158982 158981 158980 158979 158978 158977 158976 158975 158974 158973 158972 158971 158970 158969 158968 158967 158966 158965 158964 158963 158962 158961 158960 158959 158958 158957 158956 158955 158954 158953 158952 158951 158950 158949 158948 158947 158946 158945 158944 158943 158942 158941 158940 158939 158938 158937 158936 158935 158934 158933 158932 158931 158930 158929 158928 158927 158926 158925 158924 158923 158922 158921 158920 158919 158918 158917 158916 158915 158914 158913 158912 158911 158910 158909 158908 158907 158906 158905 158904 158903 158902 158901 158900 158899 158898 158897 158896 158895 158894 158893 158892 158891 158890 158889 158888 158887 158886 158885 158884 158883 158882 158881 158880 158879 158878 158877 158876 158875 158874 158873 158872 158871 158870 158869 158868 158867 158866 158865 158864 158863 158862 158861 158860 158859 158858 158857 158856 158855 158854 158853 158852 158851 158850 158849 158848 158847 158846 158845 158844 158843 158842 158841 158840 158839 158838 158837 158836 158835 158834 158833 158832 158831 158830 158829 158828 158827 158826 158825 158824 158823 158822 158821 158820 158819 158818 158817 158816 158815 158814 158813 158812 158811 158810 158809 158808 158807 158806 158805 158804 158803 158802 158801 158800 158799 158798 158797 158796 158795 158794 158793 158792 158791 158790 158789 158788 158787 158786 158785 158784 158783 158782 158781 158780 158779 158778 158777 158776 158775 158774 158773 158772 158771 158770 158769 158768 158767 158766 158765 158764 158763 158762 158761 158760 158759 158758 158757 158756 158755 158754 158753 158752 158751 158750 158749 158748 158747 158746 158745 158744 158743 158742 158741 158740 158739 158738 158737 158736 158735 158734 158733 158732 158731 158730 158729 158728 158727 158726 158725 158724 158723 158722 158721 158720 158719 158718 158717 158716 158715 158714 158713 158712 158711 158710 158709 158708 158707 158706 158705 158704 158703 158702 158701 158700 158699 158698 158697 158696 158695 158694 158693 158692 158691 158690 158689 158688 158687 158686 158685 158684 158683 158682 158681 158680 158679 158678 158677 158676 158675 158674 158673 158672 158671 158670 158669 158668 158667 158666 158665 158664 158663 158662 158661 158660 158659 158658 158657 158656 158655 158654 158653 158652 158651 158650 158649 158648 158647 158646 158645 158644 158643 158642 158641 158640 158639 158638 158637 158636 158635 158634 158633 158632 158631 158630 158629 158628 158627 158626 158625 158624 158623 158622 158621 158620 158619 158618 158617 158616 158615 158614 158613 158612 158611 158610 158609 158608 158607 158606 158605 158604 158603 158602 158601 158600 158599 158598 158597 158596 158595 158594 158593 158592 158591 158590 158589 158588 158587 158586 158585 158584 158583 158582 158581 158580 158579 158578 158577 158576 158575 158574 158573 158572 158571 158570 158569 158568 158567 158566 158565 158564 158563 158562 158561 158560 158559 158558 158557 158556 158555 158554 158553 158552 158551 158550 158549 158548 158547 158546 158545 158544 158543 158542 158541 158540 158539 158538 158537 158536 158535 158534 158533 158532 158531 158530 158529 158528 158527 158526 158525 158524 158523 158522 158521 158520 158519 158518 158517 158516 158515 158514 158513 158512 158511 158510 158509 158508 158507 158506 158505 158504 158503 158502 158501 158500 158499 158498 158497 158496 158495 158494 158493 158492 158491 158490 158489 158488 158487 158486 158485 158484 158483 158482 158481 158480 158479 158478 158477 158476 158475 158474 158473 158472 158471 158470 158469 158468 158467 158466 158465 158464 158463 158462 158461 158460 158459 158458 158457 158456 158455 158454 158453 158452 158451 158450 158449 158448 158447 158446 158445 158444 158443 158442 158441 158440 158439 158438 158437 158436 158435 158434 158433 158432 158431 158430 158429 158428 158427 158426 158425 158424 158423 158422 158421 158420 158419 158418 158417 158416 158415 158414 158413 158412 158411 158410 158409 158408 158407 158406 158405 158404 158403 158402 158401 158400 158399 158398 158397 158396 158395 158394 158393 158392 158391 158390 158389 158388 158387 158386 158385 158384 158383 158382 158381 158380 158379 158378 158377 158376 158375 158374 158373 158372 158371 158370 158369 158368 158367 158366 158365 158364 158363 158362 158361 158360 158359 158358 158357 158356 158355 158354 158353 158352 158351 158350 158349 158348 158347 158346 158345 158344 158343 158342 158341 158340 158339 158338 158337 158336 158335 158334 158333 158332 158331 158330 158329 158328 158327 158326 158325 158324 158323 158322 158321 158320 158319 158318 158317 158316 158315 158314 158313 158312 158311 158310 158309 158308 158307 158306 158305 158304 158303 158302 158301 158300 158299 158298 158297 158296 158295 158294 158293 158292 158291 158290 158289 158288 158287 158286 158285 158284 158283 158282 158281 158280 158279 158278 158277 158276 158275 158274 158273 158272 158271 158270 158269 158268 158267 158266 158265 158264 158263 158262 158261 158260 158259 158258 158257 158256 158255 158254 158253 158252 158251 158250 158249 158248 158247 158246 158245 158244 158243 158242 158241 158240 158239 158238 158237 158236 158235 158234 158233 158232 158231 158230 158229 158228 158227 158226 158225 158224 158223 158222 158221 158220 158219 158218 158217 158216 158215 158214 158213 158212 158211 158210 158209 158208 158207 158206 158205 158204 158203 158202 158201 158200 158199 158198 158197 158196 158195 158194 158193 158192 158191 158190 158189 158188 158187 158186 158185 158184 158183 158182 158181 158180 158179 158178 158177 158176 158175 158174 158173 158172 158171 158170 158169 158168 158167 158166 158165 158164 158163 158162 158161 158160 158159 158158 158157 158156 158155 158154 158153 158152 158151 158150 158149 158148 158147 158146 158145 158144 158143 158142 158141 158140 158139 158138 158137 158136 158135 158134 158133 158132 158131 158130 158129 158128 158127 158126 158125 158124 158123 158122 158121 158120 158119 158118 158117 158116 158115 158114 158113 158112 158111 158110 158109 158108 158107 158106 158105 158104 158103 158102 158101 158100 158099 158098 158097 158096 158095 158094 158093 158092 158091 158090 158089 158088 158087 158086 158085 158084 158083 158082 158081 158080 158079 158078 158077 158076 158075 158074 158073 158072 158071 158070 158069 158068 158067 158066 158065 158064 158063 158062 158061 158060 158059 158058 158057 158056 158055 158054 158053 158052 158051 158050 158049 158048 158047 158046 158045 158044 158043 158042 158041 158040 158039 158038 158037 158036 158035 158034 158033 158032 158031 158030 158029 158028 158027 158026 158025 158024 158023 158022 158021 158020 158019 158018 158017 158016 158015 158014 158013 158012 158011 158010 158009 158008 158007 158006 158005 158004 158003 158002 158001 158000 157999 157998 157997 157996 157995 157994 157993 157992 157991 157990 157989 157988 157987 157986 157985 157984 157983 157982 157981 157980 157979 157978 157977 157976 157975 157974 157973 157972 157971 157970 157969 157968 157967 157966 157965 157964 157963 157962 157961 157960 157959 157958 157957 157956 157955 157954 157953 157952 157951 157950 157949 157948 157947 157946 157945 157944 157943 157942 157941 157940 157939 157938 157937 157936 157935 157934 157933 157932 157931 157930 157929 157928 157927 157926 157925 157924 157923 157922 157921 157920 157919 157918 157917 157916 157915 157914 157913 157912 157911 157910 157909 157908 157907 157906 157905 157904 157903 157902 157901 157900 157899 157898 157897 157896 157895 157894 157893 157892 157891 157890 157889 157888 157887 157886 157885 157884 157883 157882 157881 157880 157879 157878 157877 157876 157875 157874 157873 157872 157871 157870 157869 157868 157867 157866 157865 157864 157863 157862 157861 157860 157859 157858 157857 157856 157855 157854 157853 157852 157851 157850 157849 157848 157847 157846 157845 157844 157843 157842 157841 157840 157839 157838 157837 157836 157835 157834 157833 157832 157831 157830 157829 157828 157827 157826 157825 157824 157823 157822 157821 157820 157819 157818 157817 157816 157815 157814 157813 157812 157811 157810 157809 157808 157807 157806 157805 157804 157803 157802 157801 157800 157799 157798 157797 157796 157795 157794 157793 157792 157791 157790 157789 157788 157787 157786 157785 157784 157783 157782 157781 157780 157779 157778 157777 157776 157775 157774 157773 157772 157771 157770 157769 157768 157767 157766 157765 157764 157763 157762 157761 157760 157759 157758 157757 157756 157755 157754 157753 157752 157751 157750 157749 157748 157747 157746 157745 157744 157743 157742 157741 157740 157739 157738 157737 157736 157735 157734 157733 157732 157731 157730 157729 157728 157727 157726 157725 157724 157723 157722 157721 157720 157719 157718 157717 157716 157715 157714 157713 157712 157711 157710 157709 157708 157707 157706 157705 157704 157703 157702 157701 157700 157699 157698 157697 157696 157695 157694 157693 157692 157691 157690 157689 157688 157687 157686 157685 157684 157683 157682 157681 157680 157679 157678 157677 157676 157675 157674 157673 157672 157671 157670 157669 157668 157667 157666 157665 157664 157663 157662 157661 157660 157659 157658 157657 157656 157655 157654 157653 157652 157651 157650 157649 157648 157647 157646 157645 157644 157643 157642 157641 157640 157639 157638 157637 157636 157635 157634 157633 157632 157631 157630 157629 157628 157627 157626 157625 157624 157623 157622 157621 157620 157619 157618 157617 157616 157615 157614 157613 157612 157611 157610 157609 157608 157607 157606 157605 157604 157603 157602 157601 157600 157599 157598 157597 157596 157595 157594 157593 157592 157591 157590 157589 157588 157587 157586 157585 157584 157583 157582 157581 157580 157579 157578 157577 157576 157575 157574 157573 157572 157571 157570 157569 157568 157567 157566 157565 157564 157563 157562 157561 157560 157559 157558 157557 157556 157555 157554 157553 157552 157551 157550 157549 157548 157547 157546 157545 157544 157543 157542 157541 157540 157539 157538 157537 157536 157535 157534 157533 157532 157531 157530 157529 157528 157527 157526 157525 157524 157523 157522 157521 157520 157519 157518 157517 157516 157515 157514 157513 157512 157511 157510 157509 157508 157507 157506 157505 157504 157503 157502 157501 157500 157499 157498 157497 157496 157495 157494 157493 157492 157491 157490 157489 157488 157487 157486 157485 157484 157483 157482 157481 157480 157479 157478 157477 157476 157475 157474 157473 157472 157471 157470 157469 157468 157467 157466 157465 157464 157463 157462 157461 157460 157459 157458 157457 157456 157455 157454 157453 157452 157451 157450 157449 157448 157447 157446 157445 157444 157443 157442 157441 157440 157439 157438 157437 157436 157435 157434 157433 157432 157431 157430 157429 157428 157427 157426 157425 157424 157423 157422 157421 157420 157419 157418 157417 157416 157415 157414 157413 157412 157411 157410 157409 157408 157407 157406 157405 157404 157403 157402 157401 157400 157399 157398 157397 157396 157395 157394 157393 157392 157391 157390 157389 157388 157387 157386 157385 157384 157383 157382 157381 157380 157379 157378 157377 157376 157375 157374 157373 157372 157371 157370 157369 157368 157367 157366 157365 157364 157363 157362 157361 157360 157359 157358 157357 157356 157355 157354 157353 157352 157351 157350 157349 157348 157347 157346 157345 157344 157343 157342 157341 157340 157339 157338 157337 157336 157335 157334 157333 157332 157331 157330 157329 157328 157327 157326 157325 157324 157323 157322 157321 157320 157319 157318 157317 157316 157315 157314 157313 157312 157311 157310 157309 157308 157307 157306 157305 157304 157303 157302 157301 157300 157299 157298 157297 157296 157295 157294 157293 157292 157291 157290 157289 157288 157287 157286 157285 157284 157283 157282 157281 157280 157279 157278 157277 157276 157275 157274 157273 157272 157271 157270 157269 157268 157267 157266 157265 157264 157263 157262 157261 157260 157259 157258 157257 157256 157255 157254 157253 157252 157251 157250 157249 157248 157247 157246 157245 157244 157243 157242 157241 157240 157239 157238 157237 157236 157235 157234 157233 157232 157231 157230 157229 157228 157227 157226 157225 157224 157223 157222 157221 157220 157219 157218 157217 157216 157215 157214 157213 157212 157211 157210 157209 157208 157207 157206 157205 157204 157203 157202 157201 157200 157199 157198 157197 157196 157195 157194 157193 157192 157191 157190 157189 157188 157187 157186 157185 157184 157183 157182 157181 157180 157179 157178 157177 157176 157175 157174 157173 157172 157171 157170 157169 157168 157167 157166 157165 157164 157163 157162 157161 157160 157159 157158 157157 157156 157155 157154 157153 157152 157151 157150 157149 157148 157147 157146 157145 157144 157143 157142 157141 157140 157139 157138 157137 157136 157135 157134 157133 157132 157131 157130 157129 157128 157127 157126 157125 157124 157123 157122 157121 157120 157119 157118 157117 157116 157115 157114 157113 157112 157111 157110 157109 157108 157107 157106 157105 157104 157103 157102 157101 157100 157099 157098 157097 157096 157095 157094 157093 157092 157091 157090 157089 157088 157087 157086 157085 157084 157083 157082 157081 157080 157079 157078 157077 157076 157075 157074 157073 157072 157071 157070 157069 157068 157067 157066 157065 157064 157063 157062 157061 157060 157059 157058 157057 157056 157055 157054 157053 157052 157051 157050 157049 157048 157047 157046 157045 157044 157043 157042 157041 157040 157039 157038 157037 157036 157035 157034 157033 157032 157031 157030 157029 157028 157027 157026 157025 157024 157023 157022 157021 157020 157019 157018 157017 157016 157015 157014 157013 157012 157011 157010 157009 157008 157007 157006 157005 157004 157003 157002 157001 157000 156999 156998 156997 156996 156995 156994 156993 156992 156991 156990 156989 156988 156987 156986 156985 156984 156983 156982 156981 156980 156979 156978 156977 156976 156975 156974 156973 156972 156971 156970 156969 156968 156967 156966 156965 156964 156963 156962 156961 156960 156959 156958 156957 156956 156955 156954 156953 156952 156951 156950 156949 156948 156947 156946 156945 156944 156943 156942 156941 156940 156939 156938 156937 156936 156935 156934 156933 156932 156931 156930 156929 156928 156927 156926 156925 156924 156923 156922 156921 156920 156919 156918 156917 156916 156915 156914 156913 156912 156911 156910 156909 156908 156907 156906 156905 156904 156903 156902 156901 156900 156899 156898 156897 156896 156895 156894 156893 156892 156891 156890 156889 156888 156887 156886 156885 156884 156883 156882 156881 156880 156879 156878 156877 156876 156875 156874 156873 156872 156871 156870 156869 156868 156867 156866 156865 156864 156863 156862 156861 156860 156859 156858 156857 156856 156855 156854 156853 156852 156851 156850 156849 156848 156847 156846 156845 156844 156843 156842 156841 156840 156839 156838 156837 156836 156835 156834 156833 156832 156831 156830 156829 156828 156827 156826 156825 156824 156823 156822 156821 156820 156819 156818 156817 156816 156815 156814 156813 156812 156811 156810 156809 156808 156807 156806 156805 156804 156803 156802 156801 156800 156799 156798 156797 156796 156795 156794 156793 156792 156791 156790 156789 156788 156787 156786 156785 156784 156783 156782 156781 156780 156779 156778 156777 156776 156775 156774 156773 156772 156771 156770 156769 156768 156767 156766 156765 156764 156763 156762 156761 156760 156759 156758 156757 156756 156755 156754 156753 156752 156751 156750 156749 156748 156747 156746 156745 156744 156743 156742 156741 156740 156739 156738 156737 156736 156735 156734 156733 156732 156731 156730 156729 156728 156727 156726 156725 156724 156723 156722 156721 156720 156719 156718 156717 156716 156715 156714 156713 156712 156711 156710 156709 156708 156707 156706 156705 156704 156703 156702 156701 156700 156699 156698 156697 156696 156695 156694 156693 156692 156691 156690 156689 156688 156687 156686 156685 156684 156683 156682 156681 156680 156679 156678 156677 156676 156675 156674 156673 156672 156671 156670 156669 156668 156667 156666 156665 156664 156663 156662 156661 156660 156659 156658 156657 156656 156655 156654 156653 156652 156651 156650 156649 156648 156647 156646 156645 156644 156643 156642 156641 156640 156639 156638 156637 156636 156635 156634 156633 156632 156631 156630 156629 156628 156627 156626 156625 156624 156623 156622 156621 156620 156619 156618 156617 156616 156615 156614 156613 156612 156611 156610 156609 156608 156607 156606 156605 156604 156603 156602 156601 156600 156599 156598 156597 156596 156595 156594 156593 156592 156591 156590 156589 156588 156587 156586 156585 156584 156583 156582 156581 156580 156579 156578 156577 156576 156575 156574 156573 156572 156571 156570 156569 156568 156567 156566 156565 156564 156563 156562 156561 156560 156559 156558 156557 156556 156555 156554 156553 156552 156551 156550 156549 156548 156547 156546 156545 156544 156543 156542 156541 156540 156539 156538 156537 156536 156535 156534 156533 156532 156531 156530 156529 156528 156527 156526 156525 156524 156523 156522 156521 156520 156519 156518 156517 156516 156515 156514 156513 156512 156511 156510 156509 156508 156507 156506 156505 156504 156503 156502 156501 156500 156499 156498 156497 156496 156495 156494 156493 156492 156491 156490 156489 156488 156487 156486 156485 156484 156483 156482 156481 156480 156479 156478 156477 156476 156475 156474 156473 156472 156471 156470 156469 156468 156467 156466 156465 156464 156463 156462 156461 156460 156459 156458 156457 156456 156455 156454 156453 156452 156451 156450 156449 156448 156447 156446 156445 156444 156443 156442 156441 156440 156439 156438 156437 156436 156435 156434 156433 156432 156431 156430 156429 156428 156427 156426 156425 156424 156423 156422 156421 156420 156419 156418 156417 156416 156415 156414 156413 156412 156411 156410 156409 156408 156407 156406 156405 156404 156403 156402 156401 156400 156399 156398 156397 156396 156395 156394 156393 156392 156391 156390 156389 156388 156387 156386 156385 156384 156383 156382 156381 156380 156379 156378 156377 156376 156375 156374 156373 156372 156371 156370 156369 156368 156367 156366 156365 156364 156363 156362 156361 156360 156359 156358 156357 156356 156355 156354 156353 156352 156351 156350 156349 156348 156347 156346 156345 156344 156343 156342 156341 156340 156339 156338 156337 156336 156335 156334 156333 156332 156331 156330 156329 156328 156327 156326 156325 156324 156323 156322 156321 156320 156319 156318 156317 156316 156315 156314 156313 156312 156311 156310 156309 156308 156307 156306 156305 156304 156303 156302 156301 156300 156299 156298 156297 156296 156295 156294 156293 156292 156291 156290 156289 156288 156287 156286 156285 156284 156283 156282 156281 156280 156279 156278 156277 156276 156275 156274 156273 156272 156271 156270 156269 156268 156267 156266 156265 156264 156263 156262 156261 156260 156259 156258 156257 156256 156255 156254 156253 156252 156251 156250 156249 156248 156247 156246 156245 156244 156243 156242 156241 156240 156239 156238 156237 156236 156235 156234 156233 156232 156231 156230 156229 156228 156227 156226 156225 156224 156223 156222 156221 156220 156219 156218 156217 156216 156215 156214 156213 156212 156211 156210 156209 156208 156207 156206 156205 156204 156203 156202 156201 156200 156199 156198 156197 156196 156195 156194 156193 156192 156191 156190 156189 156188 156187 156186 156185 156184 156183 156182 156181 156180 156179 156178 156177 156176 156175 156174 156173 156172 156171 156170 156169 156168 156167 156166 156165 156164 156163 156162 156161 156160 156159 156158 156157 156156 156155 156154 156153 156152 156151 156150 156149 156148 156147 156146 156145 156144 156143 156142 156141 156140 156139 156138 156137 156136 156135 156134 156133 156132 156131 156130 156129 156128 156127 156126 156125 156124 156123 156122 156121 156120 156119 156118 156117 156116 156115 156114 156113 156112 156111 156110 156109 156108 156107 156106 156105 156104 156103 156102 156101 156100 156099 156098 156097 156096 156095 156094 156093 156092 156091 156090 156089 156088 156087 156086 156085 156084 156083 156082 156081 156080 156079 156078 156077 156076 156075 156074 156073 156072 156071 156070 156069 156068 156067 156066 156065 156064 156063 156062 156061 156060 156059 156058 156057 156056 156055 156054 156053 156052 156051 156050 156049 156048 156047 156046 156045 156044 156043 156042 156041 156040 156039 156038 156037 156036 156035 156034 156033 156032 156031 156030 156029 156028 156027 156026 156025 156024 156023 156022 156021 156020 156019 156018 156017 156016 156015 156014 156013 156012 156011 156010 156009 156008 156007 156006 156005 156004 156003 156002 156001 156000 155999 155998 155997 155996 155995 155994 155993 155992 155991 155990 155989 155988 155987 155986 155985 155984 155983 155982 155981 155980 155979 155978 155977 155976 155975 155974 155973 155972 155971 155970 155969 155968 155967 155966 155965 155964 155963 155962 155961 155960 155959 155958 155957 155956 155955 155954 155953 155952 155951 155950 155949 155948 155947 155946 155945 155944 155943 155942 155941 155940 155939 155938 155937 155936 155935 155934 155933 155932 155931 155930 155929 155928 155927 155926 155925 155924 155923 155922 155921 155920 155919 155918 155917 155916 155915 155914 155913 155912 155911 155910 155909 155908 155907 155906 155905 155904 155903 155902 155901 155900 155899 155898 155897 155896 155895 155894 155893 155892 155891 155890 155889 155888 155887 155886 155885 155884 155883 155882 155881 155880 155879 155878 155877 155876 155875 155874 155873 155872 155871 155870 155869 155868 155867 155866 155865 155864 155863 155862 155861 155860 155859 155858 155857 155856 155855 155854 155853 155852 155851 155850 155849 155848 155847 155846 155845 155844 155843 155842 155841 155840 155839 155838 155837 155836 155835 155834 155833 155832 155831 155830 155829 155828 155827 155826 155825 155824 155823 155822 155821 155820 155819 155818 155817 155816 155815 155814 155813 155812 155811 155810 155809 155808 155807 155806 155805 155804 155803 155802 155801 155800 155799 155798 155797 155796 155795 155794 155793 155792 155791 155790 155789 155788 155787 155786 155785 155784 155783 155782 155781 155780 155779 155778 155777 155776 155775 155774 155773 155772 155771 155770 155769 155768 155767 155766 155765 155764 155763 155762 155761 155760 155759 155758 155757 155756 155755 155754 155753 155752 155751 155750 155749 155748 155747 155746 155745 155744 155743 155742 155741 155740 155739 155738 155737 155736 155735 155734 155733 155732 155731 155730 155729 155728 155727 155726 155725 155724 155723 155722 155721 155720 155719 155718 155717 155716 155715 155714 155713 155712 155711 155710 155709 155708 155707 155706 155705 155704 155703 155702 155701 155700 155699 155698 155697 155696 155695 155694 155693 155692 155691 155690 155689 155688 155687 155686 155685 155684 155683 155682 155681 155680 155679 155678 155677 155676 155675 155674 155673 155672 155671 155670 155669 155668 155667 155666 155665 155664 155663 155662 155661 155660 155659 155658 155657 155656 155655 155654 155653 155652 155651 155650 155649 155648 155647 155646 155645 155644 155643 155642 155641 155640 155639 155638 155637 155636 155635 155634 155633 155632 155631 155630 155629 155628 155627 155626 155625 155624 155623 155622 155621 155620 155619 155618 155617 155616 155615 155614 155613 155612 155611 155610 155609 155608 155607 155606 155605 155604 155603 155602 155601 155600 155599 155598 155597 155596 155595 155594 155593 155592 155591 155590 155589 155588 155587 155586 155585 155584 155583 155582 155581 155580 155579 155578 155577 155576 155575 155574 155573 155572 155571 155570 155569 155568 155567 155566 155565 155564 155563 155562 155561 155560 155559 155558 155557 155556 155555 155554 155553 155552 155551 155550 155549 155548 155547 155546 155545 155544 155543 155542 155541 155540 155539 155538 155537 155536 155535 155534 155533 155532 155531 155530 155529 155528 155527 155526 155525 155524 155523 155522 155521 155520 155519 155518 155517 155516 155515 155514 155513 155512 155511 155510 155509 155508 155507 155506 155505 155504 155503 155502 155501 155500 155499 155498 155497 155496 155495 155494 155493 155492 155491 155490 155489 155488 155487 155486 155485 155484 155483 155482 155481 155480 155479 155478 155477 155476 155475 155474 155473 155472 155471 155470 155469 155468 155467 155466 155465 155464 155463 155462 155461 155460 155459 155458 155457 155456 155455 155454 155453 155452 155451 155450 155449 155448 155447 155446 155445 155444 155443 155442 155441 155440 155439 155438 155437 155436 155435 155434 155433 155432 155431 155430 155429 155428 155427 155426 155425 155424 155423 155422 155421 155420 155419 155418 155417 155416 155415 155414 155413 155412 155411 155410 155409 155408 155407 155406 155405 155404 155403 155402 155401 155400 155399 155398 155397 155396 155395 155394 155393 155392 155391 155390 155389 155388 155387 155386 155385 155384 155383 155382 155381 155380 155379 155378 155377 155376 155375 155374 155373 155372 155371 155370 155369 155368 155367 155366 155365 155364 155363 155362 155361 155360 155359 155358 155357 155356 155355 155354 155353 155352 155351 155350 155349 155348 155347 155346 155345 155344 155343 155342 155341 155340 155339 155338 155337 155336 155335 155334 155333 155332 155331 155330 155329 155328 155327 155326 155325 155324 155323 155322 155321 155320 155319 155318 155317 155316 155315 155314 155313 155312 155311 155310 155309 155308 155307 155306 155305 155304 155303 155302 155301 155300 155299 155298 155297 155296 155295 155294 155293 155292 155291 155290 155289 155288 155287 155286 155285 155284 155283 155282 155281 155280 155279 155278 155277 155276 155275 155274 155273 155272 155271 155270 155269 155268 155267 155266 155265 155264 155263 155262 155261 155260 155259 155258 155257 155256 155255 155254 155253 155252 155251 155250 155249 155248 155247 155246 155245 155244 155243 155242 155241 155240 155239 155238 155237 155236 155235 155234 155233 155232 155231 155230 155229 155228 155227 155226 155225 155224 155223 155222 155221 155220 155219 155218 155217 155216 155215 155214 155213 155212 155211 155210 155209 155208 155207 155206 155205 155204 155203 155202 155201 155200 155199 155198 155197 155196 155195 155194 155193 155192 155191 155190 155189 155188 155187 155186 155185 155184 155183 155182 155181 155180 155179 155178 155177 155176 155175 155174 155173 155172 155171 155170 155169 155168 155167 155166 155165 155164 155163 155162 155161 155160 155159 155158 155157 155156 155155 155154 155153 155152 155151 155150 155149 155148 155147 155146 155145 155144 155143 155142 155141 155140 155139 155138 155137 155136 155135 155134 155133 155132 155131 155130 155129 155128 155127 155126 155125 155124 155123 155122 155121 155120 155119 155118 155117 155116 155115 155114 155113 155112 155111 155110 155109 155108 155107 155106 155105 155104 155103 155102 155101 155100 155099 155098 155097 155096 155095 155094 155093 155092 155091 155090 155089 155088 155087 155086 155085 155084 155083 155082 155081 155080 155079 155078 155077 155076 155075 155074 155073 155072 155071 155070 155069 155068 155067 155066 155065 155064 155063 155062 155061 155060 155059 155058 155057 155056 155055 155054 155053 155052 155051 155050 155049 155048 155047 155046 155045 155044 155043 155042 155041 155040 155039 155038 155037 155036 155035 155034 155033 155032 155031 155030 155029 155028 155027 155026 155025 155024 155023 155022 155021 155020 155019 155018 155017 155016 155015 155014 155013 155012 155011 155010 155009 155008 155007 155006 155005 155004 155003 155002 155001 155000 154999 154998 154997 154996 154995 154994 154993 154992 154991 154990 154989 154988 154987 154986 154985 154984 154983 154982 154981 154980 154979 154978 154977 154976 154975 154974 154973 154972 154971 154970 154969 154968 154967 154966 154965 154964 154963 154962 154961 154960 154959 154958 154957 154956 154955 154954 154953 154952 154951 154950 154949 154948 154947 154946 154945 154944 154943 154942 154941 154940 154939 154938 154937 154936 154935 154934 154933 154932 154931 154930 154929 154928 154927 154926 154925 154924 154923 154922 154921 154920 154919 154918 154917 154916 154915 154914 154913 154912 154911 154910 154909 154908 154907 154906 154905 154904 154903 154902 154901 154900 154899 154898 154897 154896 154895 154894 154893 154892 154891 154890 154889 154888 154887 154886 154885 154884 154883 154882 154881 154880 154879 154878 154877 154876 154875 154874 154873 154872 154871 154870 154869 154868 154867 154866 154865 154864 154863 154862 154861 154860 154859 154858 154857 154856 154855 154854 154853 154852 154851 154850 154849 154848 154847 154846 154845 154844 154843 154842 154841 154840 154839 154838 154837 154836 154835 154834 154833 154832 154831 154830 154829 154828 154827 154826 154825 154824 154823 154822 154821 154820 154819 154818 154817 154816 154815 154814 154813 154812 154811 154810 154809 154808 154807 154806 154805 154804 154803 154802 154801 154800 154799 154798 154797 154796 154795 154794 154793 154792 154791 154790 154789 154788 154787 154786 154785 154784 154783 154782 154781 154780 154779 154778 154777 154776 154775 154774 154773 154772 154771 154770 154769 154768 154767 154766 154765 154764 154763 154762 154761 154760 154759 154758 154757 154756 154755 154754 154753 154752 154751 154750 154749 154748 154747 154746 154745 154744 154743 154742 154741 154740 154739 154738 154737 154736 154735 154734 154733 154732 154731 154730 154729 154728 154727 154726 154725 154724 154723 154722 154721 154720 154719 154718 154717 154716 154715 154714 154713 154712 154711 154710 154709 154708 154707 154706 154705 154704 154703 154702 154701 154700 154699 154698 154697 154696 154695 154694 154693 154692 154691 154690 154689 154688 154687 154686 154685 154684 154683 154682 154681 154680 154679 154678 154677 154676 154675 154674 154673 154672 154671 154670 154669 154668 154667 154666 154665 154664 154663 154662 154661 154660 154659 154658 154657 154656 154655 154654 154653 154652 154651 154650 154649 154648 154647 154646 154645 154644 154643 154642 154641 154640 154639 154638 154637 154636 154635 154634 154633 154632 154631 154630 154629 154628 154627 154626 154625 154624 154623 154622 154621 154620 154619 154618 154617 154616 154615 154614 154613 154612 154611 154610 154609 154608 154607 154606 154605 154604 154603 154602 154601 154600 154599 154598 154597 154596 154595 154594 154593 154592 154591 154590 154589 154588 154587 154586 154585 154584 154583 154582 154581 154580 154579 154578 154577 154576 154575 154574 154573 154572 154571 154570 154569 154568 154567 154566 154565 154564 154563 154562 154561 154560 154559 154558 154557 154556 154555 154554 154553 154552 154551 154550 154549 154548 154547 154546 154545 154544 154543 154542 154541 154540 154539 154538 154537 154536 154535 154534 154533 154532 154531 154530 154529 154528 154527 154526 154525 154524 154523 154522 154521 154520 154519 154518 154517 154516 154515 154514 154513 154512 154511 154510 154509 154508 154507 154506 154505 154504 154503 154502 154501 154500 154499 154498 154497 154496 154495 154494 154493 154492 154491 154490 154489 154488 154487 154486 154485 154484 154483 154482 154481 154480 154479 154478 154477 154476 154475 154474 154473 154472 154471 154470 154469 154468 154467 154466 154465 154464 154463 154462 154461 154460 154459 154458 154457 154456 154455 154454 154453 154452 154451 154450 154449 154448 154447 154446 154445 154444 154443 154442 154441 154440 154439 154438 154437 154436 154435 154434 154433 154432 154431 154430 154429 154428 154427 154426 154425 154424 154423 154422 154421 154420 154419 154418 154417 154416 154415 154414 154413 154412 154411 154410 154409 154408 154407 154406 154405 154404 154403 154402 154401 154400 154399 154398 154397 154396 154395 154394 154393 154392 154391 154390 154389 154388 154387 154386 154385 154384 154383 154382 154381 154380 154379 154378 154377 154376 154375 154374 154373 154372 154371 154370 154369 154368 154367 154366 154365 154364 154363 154362 154361 154360 154359 154358 154357 154356 154355 154354 154353 154352 154351 154350 154349 154348 154347 154346 154345 154344 154343 154342 154341 154340 154339 154338 154337 154336 154335 154334 154333 154332 154331 154330 154329 154328 154327 154326 154325 154324 154323 154322 154321 154320 154319 154318 154317 154316 154315 154314 154313 154312 154311 154310 154309 154308 154307 154306 154305 154304 154303 154302 154301 154300 154299 154298 154297 154296 154295 154294 154293 154292 154291 154290 154289 154288 154287 154286 154285 154284 154283 154282 154281 154280 154279 154278 154277 154276 154275 154274 154273 154272 154271 154270 154269 154268 154267 154266 154265 154264 154263 154262 154261 154260 154259 154258 154257 154256 154255 154254 154253 154252 154251 154250 154249 154248 154247 154246 154245 154244 154243 154242 154241 154240 154239 154238 154237 154236 154235 154234 154233 154232 154231 154230 154229 154228 154227 154226 154225 154224 154223 154222 154221 154220 154219 154218 154217 154216 154215 154214 154213 154212 154211 154210 154209 154208 154207 154206 154205 154204 154203 154202 154201 154200 154199 154198 154197 154196 154195 154194 154193 154192 154191 154190 154189 154188 154187 154186 154185 154184 154183 154182 154181 154180 154179 154178 154177 154176 154175 154174 154173 154172 154171 154170 154169 154168 154167 154166 154165 154164 154163 154162 154161 154160 154159 154158 154157 154156 154155 154154 154153 154152 154151 154150 154149 154148 154147 154146 154145 154144 154143 154142 154141 154140 154139 154138 154137 154136 154135 154134 154133 154132 154131 154130 154129 154128 154127 154126 154125 154124 154123 154122 154121 154120 154119 154118 154117 154116 154115 154114 154113 154112 154111 154110 154109 154108 154107 154106 154105 154104 154103 154102 154101 154100 154099 154098 154097 154096 154095 154094 154093 154092 154091 154090 154089 154088 154087 154086 154085 154084 154083 154082 154081 154080 154079 154078 154077 154076 154075 154074 154073 154072 154071 154070 154069 154068 154067 154066 154065 154064 154063 154062 154061 154060 154059 154058 154057 154056 154055 154054 154053 154052 154051 154050 154049 154048 154047 154046 154045 154044 154043 154042 154041 154040 154039 154038 154037 154036 154035 154034 154033 154032 154031 154030 154029 154028 154027 154026 154025 154024 154023 154022 154021 154020 154019 154018 154017 154016 154015 154014 154013 154012 154011 154010 154009 154008 154007 154006 154005 154004 154003 154002 154001 154000 153999 153998 153997 153996 153995 153994 153993 153992 153991 153990 153989 153988 153987 153986 153985 153984 153983 153982 153981 153980 153979 153978 153977 153976 153975 153974 153973 153972 153971 153970 153969 153968 153967 153966 153965 153964 153963 153962 153961 153960 153959 153958 153957 153956 153955 153954 153953 153952 153951 153950 153949 153948 153947 153946 153945 153944 153943 153942 153941 153940 153939 153938 153937 153936 153935 153934 153933 153932 153931 153930 153929 153928 153927 153926 153925 153924 153923 153922 153921 153920 153919 153918 153917 153916 153915 153914 153913 153912 153911 153910 153909 153908 153907 153906 153905 153904 153903 153902 153901 153900 153899 153898 153897 153896 153895 153894 153893 153892 153891 153890 153889 153888 153887 153886 153885 153884 153883 153882 153881 153880 153879 153878 153877 153876 153875 153874 153873 153872 153871 153870 153869 153868 153867 153866 153865 153864 153863 153862 153861 153860 153859 153858 153857 153856 153855 153854 153853 153852 153851 153850 153849 153848 153847 153846 153845 153844 153843 153842 153841 153840 153839 153838 153837 153836 153835 153834 153833 153832 153831 153830 153829 153828 153827 153826 153825 153824 153823 153822 153821 153820 153819 153818 153817 153816 153815 153814 153813 153812 153811 153810 153809 153808 153807 153806 153805 153804 153803 153802 153801 153800 153799 153798 153797 153796 153795 153794 153793 153792 153791 153790 153789 153788 153787 153786 153785 153784 153783 153782 153781 153780 153779 153778 153777 153776 153775 153774 153773 153772 153771 153770 153769 153768 153767 153766 153765 153764 153763 153762 153761 153760 153759 153758 153757 153756 153755 153754 153753 153752 153751 153750 153749 153748 153747 153746 153745 153744 153743 153742 153741 153740 153739 153738 153737 153736 153735 153734 153733 153732 153731 153730 153729 153728 153727 153726 153725 153724 153723 153722 153721 153720 153719 153718 153717 153716 153715 153714 153713 153712 153711 153710 153709 153708 153707 153706 153705 153704 153703 153702 153701 153700 153699 153698 153697 153696 153695 153694 153693 153692 153691 153690 153689 153688 153687 153686 153685 153684 153683 153682 153681 153680 153679 153678 153677 153676 153675 153674 153673 153672 153671 153670 153669 153668 153667 153666 153665 153664 153663 153662 153661 153660 153659 153658 153657 153656 153655 153654 153653 153652 153651 153650 153649 153648 153647 153646 153645 153644 153643 153642 153641 153640 153639 153638 153637 153636 153635 153634 153633 153632 153631 153630 153629 153628 153627 153626 153625 153624 153623 153622 153621 153620 153619 153618 153617 153616 153615 153614 153613 153612 153611 153610 153609 153608 153607 153606 153605 153604 153603 153602 153601 153600 153599 153598 153597 153596 153595 153594 153593 153592 153591 153590 153589 153588 153587 153586 153585 153584 153583 153582 153581 153580 153579 153578 153577 153576 153575 153574 153573 153572 153571 153570 153569 153568 153567 153566 153565 153564 153563 153562 153561 153560 153559 153558 153557 153556 153555 153554 153553 153552 153551 153550 153549 153548 153547 153546 153545 153544 153543 153542 153541 153540 153539 153538 153537 153536 153535 153534 153533 153532 153531 153530 153529 153528 153527 153526 153525 153524 153523 153522 153521 153520 153519 153518 153517 153516 153515 153514 153513 153512 153511 153510 153509 153508 153507 153506 153505 153504 153503 153502 153501 153500 153499 153498 153497 153496 153495 153494 153493 153492 153491 153490 153489 153488 153487 153486 153485 153484 153483 153482 153481 153480 153479 153478 153477 153476 153475 153474 153473 153472 153471 153470 153469 153468 153467 153466 153465 153464 153463 153462 153461 153460 153459 153458 153457 153456 153455 153454 153453 153452 153451 153450 153449 153448 153447 153446 153445 153444 153443 153442 153441 153440 153439 153438 153437 153436 153435 153434 153433 153432 153431 153430 153429 153428 153427 153426 153425 153424 153423 153422 153421 153420 153419 153418 153417 153416 153415 153414 153413 153412 153411 153410 153409 153408 153407 153406 153405 153404 153403 153402 153401 153400 153399 153398 153397 153396 153395 153394 153393 153392 153391 153390 153389 153388 153387 153386 153385 153384 153383 153382 153381 153380 153379 153378 153377 153376 153375 153374 153373 153372 153371 153370 153369 153368 153367 153366 153365 153364 153363 153362 153361 153360 153359 153358 153357 153356 153355 153354 153353 153352 153351 153350 153349 153348 153347 153346 153345 153344 153343 153342 153341 153340 153339 153338 153337 153336 153335 153334 153333 153332 153331 153330 153329 153328 153327 153326 153325 153324 153323 153322 153321 153320 153319 153318 153317 153316 153315 153314 153313 153312 153311 153310 153309 153308 153307 153306 153305 153304 153303 153302 153301 153300 153299 153298 153297 153296 153295 153294 153293 153292 153291 153290 153289 153288 153287 153286 153285 153284 153283 153282 153281 153280 153279 153278 153277 153276 153275 153274 153273 153272 153271 153270 153269 153268 153267 153266 153265 153264 153263 153262 153261 153260 153259 153258 153257 153256 153255 153254 153253 153252 153251 153250 153249 153248 153247 153246 153245 153244 153243 153242 153241 153240 153239 153238 153237 153236 153235 153234 153233 153232 153231 153230 153229 153228 153227 153226 153225 153224 153223 153222 153221 153220 153219 153218 153217 153216 153215 153214 153213 153212 153211 153210 153209 153208 153207 153206 153205 153204 153203 153202 153201 153200 153199 153198 153197 153196 153195 153194 153193 153192 153191 153190 153189 153188 153187 153186 153185 153184 153183 153182 153181 153180 153179 153178 153177 153176 153175 153174 153173 153172 153171 153170 153169 153168 153167 153166 153165 153164 153163 153162 153161 153160 153159 153158 153157 153156 153155 153154 153153 153152 153151 153150 153149 153148 153147 153146 153145 153144 153143 153142 153141 153140 153139 153138 153137 153136 153135 153134 153133 153132 153131 153130 153129 153128 153127 153126 153125 153124 153123 153122 153121 153120 153119 153118 153117 153116 153115 153114 153113 153112 153111 153110 153109 153108 153107 153106 153105 153104 153103 153102 153101 153100 153099 153098 153097 153096 153095 153094 153093 153092 153091 153090 153089 153088 153087 153086 153085 153084 153083 153082 153081 153080 153079 153078 153077 153076 153075 153074 153073 153072 153071 153070 153069 153068 153067 153066 153065 153064 153063 153062 153061 153060 153059 153058 153057 153056 153055 153054 153053 153052 153051 153050 153049 153048 153047 153046 153045 153044 153043 153042 153041 153040 153039 153038 153037 153036 153035 153034 153033 153032 153031 153030 153029 153028 153027 153026 153025 153024 153023 153022 153021 153020 153019 153018 153017 153016 153015 153014 153013 153012 153011 153010 153009 153008 153007 153006 153005 153004 153003 153002 153001 153000 152999 152998 152997 152996 152995 152994 152993 152992 152991 152990 152989 152988 152987 152986 152985 152984 152983 152982 152981 152980 152979 152978 152977 152976 152975 152974 152973 152972 152971 152970 152969 152968 152967 152966 152965 152964 152963 152962 152961 152960 152959 152958 152957 152956 152955 152954 152953 152952 152951 152950 152949 152948 152947 152946 152945 152944 152943 152942 152941 152940 152939 152938 152937 152936 152935 152934 152933 152932 152931 152930 152929 152928 152927 152926 152925 152924 152923 152922 152921 152920 152919 152918 152917 152916 152915 152914 152913 152912 152911 152910 152909 152908 152907 152906 152905 152904 152903 152902 152901 152900 152899 152898 152897 152896 152895 152894 152893 152892 152891 152890 152889 152888 152887 152886 152885 152884 152883 152882 152881 152880 152879 152878 152877 152876 152875 152874 152873 152872 152871 152870 152869 152868 152867 152866 152865 152864 152863 152862 152861 152860 152859 152858 152857 152856 152855 152854 152853 152852 152851 152850 152849 152848 152847 152846 152845 152844 152843 152842 152841 152840 152839 152838 152837 152836 152835 152834 152833 152832 152831 152830 152829 152828 152827 152826 152825 152824 152823 152822 152821 152820 152819 152818 152817 152816 152815 152814 152813 152812 152811 152810 152809 152808 152807 152806 152805 152804 152803 152802 152801 152800 152799 152798 152797 152796 152795 152794 152793 152792 152791 152790 152789 152788 152787 152786 152785 152784 152783 152782 152781 152780 152779 152778 152777 152776 152775 152774 152773 152772 152771 152770 152769 152768 152767 152766 152765 152764 152763 152762 152761 152760 152759 152758 152757 152756 152755 152754 152753 152752 152751 152750 152749 152748 152747 152746 152745 152744 152743 152742 152741 152740 152739 152738 152737 152736 152735 152734 152733 152732 152731 152730 152729 152728 152727 152726 152725 152724 152723 152722 152721 152720 152719 152718 152717 152716 152715 152714 152713 152712 152711 152710 152709 152708 152707 152706 152705 152704 152703 152702 152701 152700 152699 152698 152697 152696 152695 152694 152693 152692 152691 152690 152689 152688 152687 152686 152685 152684 152683 152682 152681 152680 152679 152678 152677 152676 152675 152674 152673 152672 152671 152670 152669 152668 152667 152666 152665 152664 152663 152662 152661 152660 152659 152658 152657 152656 152655 152654 152653 152652 152651 152650 152649 152648 152647 152646 152645 152644 152643 152642 152641 152640 152639 152638 152637 152636 152635 152634 152633 152632 152631 152630 152629 152628 152627 152626 152625 152624 152623 152622 152621 152620 152619 152618 152617 152616 152615 152614 152613 152612 152611 152610 152609 152608 152607 152606 152605 152604 152603 152602 152601 152600 152599 152598 152597 152596 152595 152594 152593 152592 152591 152590 152589 152588 152587 152586 152585 152584 152583 152582 152581 152580 152579 152578 152577 152576 152575 152574 152573 152572 152571 152570 152569 152568 152567 152566 152565 152564 152563 152562 152561 152560 152559 152558 152557 152556 152555 152554 152553 152552 152551 152550 152549 152548 152547 152546 152545 152544 152543 152542 152541 152540 152539 152538 152537 152536 152535 152534 152533 152532 152531 152530 152529 152528 152527 152526 152525 152524 152523 152522 152521 152520 152519 152518 152517 152516 152515 152514 152513 152512 152511 152510 152509 152508 152507 152506 152505 152504 152503 152502 152501 152500 152499 152498 152497 152496 152495 152494 152493 152492 152491 152490 152489 152488 152487 152486 152485 152484 152483 152482 152481 152480 152479 152478 152477 152476 152475 152474 152473 152472 152471 152470 152469 152468 152467 152466 152465 152464 152463 152462 152461 152460 152459 152458 152457 152456 152455 152454 152453 152452 152451 152450 152449 152448 152447 152446 152445 152444 152443 152442 152441 152440 152439 152438 152437 152436 152435 152434 152433 152432 152431 152430 152429 152428 152427 152426 152425 152424 152423 152422 152421 152420 152419 152418 152417 152416 152415 152414 152413 152412 152411 152410 152409 152408 152407 152406 152405 152404 152403 152402 152401 152400 152399 152398 152397 152396 152395 152394 152393 152392 152391 152390 152389 152388 152387 152386 152385 152384 152383 152382 152381 152380 152379 152378 152377 152376 152375 152374 152373 152372 152371 152370 152369 152368 152367 152366 152365 152364 152363 152362 152361 152360 152359 152358 152357 152356 152355 152354 152353 152352 152351 152350 152349 152348 152347 152346 152345 152344 152343 152342 152341 152340 152339 152338 152337 152336 152335 152334 152333 152332 152331 152330 152329 152328 152327 152326 152325 152324 152323 152322 152321 152320 152319 152318 152317 152316 152315 152314 152313 152312 152311 152310 152309 152308 152307 152306 152305 152304 152303 152302 152301 152300 152299 152298 152297 152296 152295 152294 152293 152292 152291 152290 152289 152288 152287 152286 152285 152284 152283 152282 152281 152280 152279 152278 152277 152276 152275 152274 152273 152272 152271 152270 152269 152268 152267 152266 152265 152264 152263 152262 152261 152260 152259 152258 152257 152256 152255 152254 152253 152252 152251 152250 152249 152248 152247 152246 152245 152244 152243 152242 152241 152240 152239 152238 152237 152236 152235 152234 152233 152232 152231 152230 152229 152228 152227 152226 152225 152224 152223 152222 152221 152220 152219 152218 152217 152216 152215 152214 152213 152212 152211 152210 152209 152208 152207 152206 152205 152204 152203 152202 152201 152200 152199 152198 152197 152196 152195 152194 152193 152192 152191 152190 152189 152188 152187 152186 152185 152184 152183 152182 152181 152180 152179 152178 152177 152176 152175 152174 152173 152172 152171 152170 152169 152168 152167 152166 152165 152164 152163 152162 152161 152160 152159 152158 152157 152156 152155 152154 152153 152152 152151 152150 152149 152148 152147 152146 152145 152144 152143 152142 152141 152140 152139 152138 152137 152136 152135 152134 152133 152132 152131 152130 152129 152128 152127 152126 152125 152124 152123 152122 152121 152120 152119 152118 152117 152116 152115 152114 152113 152112 152111 152110 152109 152108 152107 152106 152105 152104 152103 152102 152101 152100 152099 152098 152097 152096 152095 152094 152093 152092 152091 152090 152089 152088 152087 152086 152085 152084 152083 152082 152081 152080 152079 152078 152077 152076 152075 152074 152073 152072 152071 152070 152069 152068 152067 152066 152065 152064 152063 152062 152061 152060 152059 152058 152057 152056 152055 152054 152053 152052 152051 152050 152049 152048 152047 152046 152045 152044 152043 152042 152041 152040 152039 152038 152037 152036 152035 152034 152033 152032 152031 152030 152029 152028 152027 152026 152025 152024 152023 152022 152021 152020 152019 152018 152017 152016 152015 152014 152013 152012 152011 152010 152009 152008 152007 152006 152005 152004 152003 152002 152001 152000 151999 151998 151997 151996 151995 151994 151993 151992 151991 151990 151989 151988 151987 151986 151985 151984 151983 151982 151981 151980 151979 151978 151977 151976 151975 151974 151973 151972 151971 151970 151969 151968 151967 151966 151965 151964 151963 151962 151961 151960 151959 151958 151957 151956 151955 151954 151953 151952 151951 151950 151949 151948 151947 151946 151945 151944 151943 151942 151941 151940 151939 151938 151937 151936 151935 151934 151933 151932 151931 151930 151929 151928 151927 151926 151925 151924 151923 151922 151921 151920 151919 151918 151917 151916 151915 151914 151913 151912 151911 151910 151909 151908 151907 151906 151905 151904 151903 151902 151901 151900 151899 151898 151897 151896 151895 151894 151893 151892 151891 151890 151889 151888 151887 151886 151885 151884 151883 151882 151881 151880 151879 151878 151877 151876 151875 151874 151873 151872 151871 151870 151869 151868 151867 151866 151865 151864 151863 151862 151861 151860 151859 151858 151857 151856 151855 151854 151853 151852 151851 151850 151849 151848 151847 151846 151845 151844 151843 151842 151841 151840 151839 151838 151837 151836 151835 151834 151833 151832 151831 151830 151829 151828 151827 151826 151825 151824 151823 151822 151821 151820 151819 151818 151817 151816 151815 151814 151813 151812 151811 151810 151809 151808 151807 151806 151805 151804 151803 151802 151801 151800 151799 151798 151797 151796 151795 151794 151793 151792 151791 151790 151789 151788 151787 151786 151785 151784 151783 151782 151781 151780 151779 151778 151777 151776 151775 151774 151773 151772 151771 151770 151769 151768 151767 151766 151765 151764 151763 151762 151761 151760 151759 151758 151757 151756 151755 151754 151753 151752 151751 151750 151749 151748 151747 151746 151745 151744 151743 151742 151741 151740 151739 151738 151737 151736 151735 151734 151733 151732 151731 151730 151729 151728 151727 151726 151725 151724 151723 151722 151721 151720 151719 151718 151717 151716 151715 151714 151713 151712 151711 151710 151709 151708 151707 151706 151705 151704 151703 151702 151701 151700 151699 151698 151697 151696 151695 151694 151693 151692 151691 151690 151689 151688 151687 151686 151685 151684 151683 151682 151681 151680 151679 151678 151677 151676 151675 151674 151673 151672 151671 151670 151669 151668 151667 151666 151665 151664 151663 151662 151661 151660 151659 151658 151657 151656 151655 151654 151653 151652 151651 151650 151649 151648 151647 151646 151645 151644 151643 151642 151641 151640 151639 151638 151637 151636 151635 151634 151633 151632 151631 151630 151629 151628 151627 151626 151625 151624 151623 151622 151621 151620 151619 151618 151617 151616 151615 151614 151613 151612 151611 151610 151609 151608 151607 151606 151605 151604 151603 151602 151601 151600 151599 151598 151597 151596 151595 151594 151593 151592 151591 151590 151589 151588 151587 151586 151585 151584 151583 151582 151581 151580 151579 151578 151577 151576 151575 151574 151573 151572 151571 151570 151569 151568 151567 151566 151565 151564 151563 151562 151561 151560 151559 151558 151557 151556 151555 151554 151553 151552 151551 151550 151549 151548 151547 151546 151545 151544 151543 151542 151541 151540 151539 151538 151537 151536 151535 151534 151533 151532 151531 151530 151529 151528 151527 151526 151525 151524 151523 151522 151521 151520 151519 151518 151517 151516 151515 151514 151513 151512 151511 151510 151509 151508 151507 151506 151505 151504 151503 151502 151501 151500 151499 151498 151497 151496 151495 151494 151493 151492 151491 151490 151489 151488 151487 151486 151485 151484 151483 151482 151481 151480 151479 151478 151477 151476 151475 151474 151473 151472 151471 151470 151469 151468 151467 151466 151465 151464 151463 151462 151461 151460 151459 151458 151457 151456 151455 151454 151453 151452 151451 151450 151449 151448 151447 151446 151445 151444 151443 151442 151441 151440 151439 151438 151437 151436 151435 151434 151433 151432 151431 151430 151429 151428 151427 151426 151425 151424 151423 151422 151421 151420 151419 151418 151417 151416 151415 151414 151413 151412 151411 151410 151409 151408 151407 151406 151405 151404 151403 151402 151401 151400 151399 151398 151397 151396 151395 151394 151393 151392 151391 151390 151389 151388 151387 151386 151385 151384 151383 151382 151381 151380 151379 151378 151377 151376 151375 151374 151373 151372 151371 151370 151369 151368 151367 151366 151365 151364 151363 151362 151361 151360 151359 151358 151357 151356 151355 151354 151353 151352 151351 151350 151349 151348 151347 151346 151345 151344 151343 151342 151341 151340 151339 151338 151337 151336 151335 151334 151333 151332 151331 151330 151329 151328 151327 151326 151325 151324 151323 151322 151321 151320 151319 151318 151317 151316 151315 151314 151313 151312 151311 151310 151309 151308 151307 151306 151305 151304 151303 151302 151301 151300 151299 151298 151297 151296 151295 151294 151293 151292 151291 151290 151289 151288 151287 151286 151285 151284 151283 151282 151281 151280 151279 151278 151277 151276 151275 151274 151273 151272 151271 151270 151269 151268 151267 151266 151265 151264 151263 151262 151261 151260 151259 151258 151257 151256 151255 151254 151253 151252 151251 151250 151249 151248 151247 151246 151245 151244 151243 151242 151241 151240 151239 151238 151237 151236 151235 151234 151233 151232 151231 151230 151229 151228 151227 151226 151225 151224 151223 151222 151221 151220 151219 151218 151217 151216 151215 151214 151213 151212 151211 151210 151209 151208 151207 151206 151205 151204 151203 151202 151201 151200 151199 151198 151197 151196 151195 151194 151193 151192 151191 151190 151189 151188 151187 151186 151185 151184 151183 151182 151181 151180 151179 151178 151177 151176 151175 151174 151173 151172 151171 151170 151169 151168 151167 151166 151165 151164 151163 151162 151161 151160 151159 151158 151157 151156 151155 151154 151153 151152 151151 151150 151149 151148 151147 151146 151145 151144 151143 151142 151141 151140 151139 151138 151137 151136 151135 151134 151133 151132 151131 151130 151129 151128 151127 151126 151125 151124 151123 151122 151121 151120 151119 151118 151117 151116 151115 151114 151113 151112 151111 151110 151109 151108 151107 151106 151105 151104 151103 151102 151101 151100 151099 151098 151097 151096 151095 151094 151093 151092 151091 151090 151089 151088 151087 151086 151085 151084 151083 151082 151081 151080 151079 151078 151077 151076 151075 151074 151073 151072 151071 151070 151069 151068 151067 151066 151065 151064 151063 151062 151061 151060 151059 151058 151057 151056 151055 151054 151053 151052 151051 151050 151049 151048 151047 151046 151045 151044 151043 151042 151041 151040 151039 151038 151037 151036 151035 151034 151033 151032 151031 151030 151029 151028 151027 151026 151025 151024 151023 151022 151021 151020 151019 151018 151017 151016 151015 151014 151013 151012 151011 151010 151009 151008 151007 151006 151005 151004 151003 151002 151001 151000 150999 150998 150997 150996 150995 150994 150993 150992 150991 150990 150989 150988 150987 150986 150985 150984 150983 150982 150981 150980 150979 150978 150977 150976 150975 150974 150973 150972 150971 150970 150969 150968 150967 150966 150965 150964 150963 150962 150961 150960 150959 150958 150957 150956 150955 150954 150953 150952 150951 150950 150949 150948 150947 150946 150945 150944 150943 150942 150941 150940 150939 150938 150937 150936 150935 150934 150933 150932 150931 150930 150929 150928 150927 150926 150925 150924 150923 150922 150921 150920 150919 150918 150917 150916 150915 150914 150913 150912 150911 150910 150909 150908 150907 150906 150905 150904 150903 150902 150901 150900 150899 150898 150897 150896 150895 150894 150893 150892 150891 150890 150889 150888 150887 150886 150885 150884 150883 150882 150881 150880 150879 150878 150877 150876 150875 150874 150873 150872 150871 150870 150869 150868 150867 150866 150865 150864 150863 150862 150861 150860 150859 150858 150857 150856 150855 150854 150853 150852 150851 150850 150849 150848 150847 150846 150845 150844 150843 150842 150841 150840 150839 150838 150837 150836 150835 150834 150833 150832 150831 150830 150829 150828 150827 150826 150825 150824 150823 150822 150821 150820 150819 150818 150817 150816 150815 150814 150813 150812 150811 150810 150809 150808 150807 150806 150805 150804 150803 150802 150801 150800 150799 150798 150797 150796 150795 150794 150793 150792 150791 150790 150789 150788 150787 150786 150785 150784 150783 150782 150781 150780 150779 150778 150777 150776 150775 150774 150773 150772 150771 150770 150769 150768 150767 150766 150765 150764 150763 150762 150761 150760 150759 150758 150757 150756 150755 150754 150753 150752 150751 150750 150749 150748 150747 150746 150745 150744 150743 150742 150741 150740 150739 150738 150737 150736 150735 150734 150733 150732 150731 150730 150729 150728 150727 150726 150725 150724 150723 150722 150721 150720 150719 150718 150717 150716 150715 150714 150713 150712 150711 150710 150709 150708 150707 150706 150705 150704 150703 150702 150701 150700 150699 150698 150697 150696 150695 150694 150693 150692 150691 150690 150689 150688 150687 150686 150685 150684 150683 150682 150681 150680 150679 150678 150677 150676 150675 150674 150673 150672 150671 150670 150669 150668 150667 150666 150665 150664 150663 150662 150661 150660 150659 150658 150657 150656 150655 150654 150653 150652 150651 150650 150649 150648 150647 150646 150645 150644 150643 150642 150641 150640 150639 150638 150637 150636 150635 150634 150633 150632 150631 150630 150629 150628 150627 150626 150625 150624 150623 150622 150621 150620 150619 150618 150617 150616 150615 150614 150613 150612 150611 150610 150609 150608 150607 150606 150605 150604 150603 150602 150601 150600 150599 150598 150597 150596 150595 150594 150593 150592 150591 150590 150589 150588 150587 150586 150585 150584 150583 150582 150581 150580 150579 150578 150577 150576 150575 150574 150573 150572 150571 150570 150569 150568 150567 150566 150565 150564 150563 150562 150561 150560 150559 150558 150557 150556 150555 150554 150553 150552 150551 150550 150549 150548 150547 150546 150545 150544 150543 150542 150541 150540 150539 150538 150537 150536 150535 150534 150533 150532 150531 150530 150529 150528 150527 150526 150525 150524 150523 150522 150521 150520 150519 150518 150517 150516 150515 150514 150513 150512 150511 150510 150509 150508 150507 150506 150505 150504 150503 150502 150501 150500 150499 150498 150497 150496 150495 150494 150493 150492 150491 150490 150489 150488 150487 150486 150485 150484 150483 150482 150481 150480 150479 150478 150477 150476 150475 150474 150473 150472 150471 150470 150469 150468 150467 150466 150465 150464 150463 150462 150461 150460 150459 150458 150457 150456 150455 150454 150453 150452 150451 150450 150449 150448 150447 150446 150445 150444 150443 150442 150441 150440 150439 150438 150437 150436 150435 150434 150433 150432 150431 150430 150429 150428 150427 150426 150425 150424 150423 150422 150421 150420 150419 150418 150417 150416 150415 150414 150413 150412 150411 150410 150409 150408 150407 150406 150405 150404 150403 150402 150401 150400 150399 150398 150397 150396 150395 150394 150393 150392 150391 150390 150389 150388 150387 150386 150385 150384 150383 150382 150381 150380 150379 150378 150377 150376 150375 150374 150373 150372 150371 150370 150369 150368 150367 150366 150365 150364 150363 150362 150361 150360 150359 150358 150357 150356 150355 150354 150353 150352 150351 150350 150349 150348 150347 150346 150345 150344 150343 150342 150341 150340 150339 150338 150337 150336 150335 150334 150333 150332 150331 150330 150329 150328 150327 150326 150325 150324 150323 150322 150321 150320 150319 150318 150317 150316 150315 150314 150313 150312 150311 150310 150309 150308 150307 150306 150305 150304 150303 150302 150301 150300 150299 150298 150297 150296 150295 150294 150293 150292 150291 150290 150289 150288 150287 150286 150285 150284 150283 150282 150281 150280 150279 150278 150277 150276 150275 150274 150273 150272 150271 150270 150269 150268 150267 150266 150265 150264 150263 150262 150261 150260 150259 150258 150257 150256 150255 150254 150253 150252 150251 150250 150249 150248 150247 150246 150245 150244 150243 150242 150241 150240 150239 150238 150237 150236 150235 150234 150233 150232 150231 150230 150229 150228 150227 150226 150225 150224 150223 150222 150221 150220 150219 150218 150217 150216 150215 150214 150213 150212 150211 150210 150209 150208 150207 150206 150205 150204 150203 150202 150201 150200 150199 150198 150197 150196 150195 150194 150193 150192 150191 150190 150189 150188 150187 150186 150185 150184 150183 150182 150181 150180 150179 150178 150177 150176 150175 150174 150173 150172 150171 150170 150169 150168 150167 150166 150165 150164 150163 150162 150161 150160 150159 150158 150157 150156 150155 150154 150153 150152 150151 150150 150149 150148 150147 150146 150145 150144 150143 150142 150141 150140 150139 150138 150137 150136 150135 150134 150133 150132 150131 150130 150129 150128 150127 150126 150125 150124 150123 150122 150121 150120 150119 150118 150117 150116 150115 150114 150113 150112 150111 150110 150109 150108 150107 150106 150105 150104 150103 150102 150101 150100 150099 150098 150097 150096 150095 150094 150093 150092 150091 150090 150089 150088 150087 150086 150085 150084 150083 150082 150081 150080 150079 150078 150077 150076 150075 150074 150073 150072 150071 150070 150069 150068 150067 150066 150065 150064 150063 150062 150061 150060 150059 150058 150057 150056 150055 150054 150053 150052 150051 150050 150049 150048 150047 150046 150045 150044 150043 150042 150041 150040 150039 150038 150037 150036 150035 150034 150033 150032 150031 150030 150029 150028 150027 150026 150025 150024 150023 150022 150021 150020 150019 150018 150017 150016 150015 150014 150013 150012 150011 150010 150009 150008 150007 150006 150005 150004 150003 150002 150001 150000 149999 149998 149997 149996 149995 149994 149993 149992 149991 149990 149989 149988 149987 149986 149985 149984 149983 149982 149981 149980 149979 149978 149977 149976 149975 149974 149973 149972 149971 149970 149969 149968 149967 149966 149965 149964 149963 149962 149961 149960 149959 149958 149957 149956 149955 149954 149953 149952 149951 149950 149949 149948 149947 149946 149945 149944 149943 149942 149941 149940 149939 149938 149937 149936 149935 149934 149933 149932 149931 149930 149929 149928 149927 149926 149925 149924 149923 149922 149921 149920 149919 149918 149917 149916 149915 149914 149913 149912 149911 149910 149909 149908 149907 149906 149905 149904 149903 149902 149901 149900 149899 149898 149897 149896 149895 149894 149893 149892 149891 149890 149889 149888 149887 149886 149885 149884 149883 149882 149881 149880 149879 149878 149877 149876 149875 149874 149873 149872 149871 149870 149869 149868 149867 149866 149865 149864 149863 149862 149861 149860 149859 149858 149857 149856 149855 149854 149853 149852 149851 149850 149849 149848 149847 149846 149845 149844 149843 149842 149841 149840 149839 149838 149837 149836 149835 149834 149833 149832 149831 149830 149829 149828 149827 149826 149825 149824 149823 149822 149821 149820 149819 149818 149817 149816 149815 149814 149813 149812 149811 149810 149809 149808 149807 149806 149805 149804 149803 149802 149801 149800 149799 149798 149797 149796 149795 149794 149793 149792 149791 149790 149789 149788 149787 149786 149785 149784 149783 149782 149781 149780 149779 149778 149777 149776 149775 149774 149773 149772 149771 149770 149769 149768 149767 149766 149765 149764 149763 149762 149761 149760 149759 149758 149757 149756 149755 149754 149753 149752 149751 149750 149749 149748 149747 149746 149745 149744 149743 149742 149741 149740 149739 149738 149737 149736 149735 149734 149733 149732 149731 149730 149729 149728 149727 149726 149725 149724 149723 149722 149721 149720 149719 149718 149717 149716 149715 149714 149713 149712 149711 149710 149709 149708 149707 149706 149705 149704 149703 149702 149701 149700 149699 149698 149697 149696 149695 149694 149693 149692 149691 149690 149689 149688 149687 149686 149685 149684 149683 149682 149681 149680 149679 149678 149677 149676 149675 149674 149673 149672 149671 149670 149669 149668 149667 149666 149665 149664 149663 149662 149661 149660 149659 149658 149657 149656 149655 149654 149653 149652 149651 149650 149649 149648 149647 149646 149645 149644 149643 149642 149641 149640 149639 149638 149637 149636 149635 149634 149633 149632 149631 149630 149629 149628 149627 149626 149625 149624 149623 149622 149621 149620 149619 149618 149617 149616 149615 149614 149613 149612 149611 149610 149609 149608 149607 149606 149605 149604 149603 149602 149601 149600 149599 149598 149597 149596 149595 149594 149593 149592 149591 149590 149589 149588 149587 149586 149585 149584 149583 149582 149581 149580 149579 149578 149577 149576 149575 149574 149573 149572 149571 149570 149569 149568 149567 149566 149565 149564 149563 149562 149561 149560 149559 149558 149557 149556 149555 149554 149553 149552 149551 149550 149549 149548 149547 149546 149545 149544 149543 149542 149541 149540 149539 149538 149537 149536 149535 149534 149533 149532 149531 149530 149529 149528 149527 149526 149525 149524 149523 149522 149521 149520 149519 149518 149517 149516 149515 149514 149513 149512 149511 149510 149509 149508 149507 149506 149505 149504 149503 149502 149501 149500 149499 149498 149497 149496 149495 149494 149493 149492 149491 149490 149489 149488 149487 149486 149485 149484 149483 149482 149481 149480 149479 149478 149477 149476 149475 149474 149473 149472 149471 149470 149469 149468 149467 149466 149465 149464 149463 149462 149461 149460 149459 149458 149457 149456 149455 149454 149453 149452 149451 149450 149449 149448 149447 149446 149445 149444 149443 149442 149441 149440 149439 149438 149437 149436 149435 149434 149433 149432 149431 149430 149429 149428 149427 149426 149425 149424 149423 149422 149421 149420 149419 149418 149417 149416 149415 149414 149413 149412 149411 149410 149409 149408 149407 149406 149405 149404 149403 149402 149401 149400 149399 149398 149397 149396 149395 149394 149393 149392 149391 149390 149389 149388 149387 149386 149385 149384 149383 149382 149381 149380 149379 149378 149377 149376 149375 149374 149373 149372 149371 149370 149369 149368 149367 149366 149365 149364 149363 149362 149361 149360 149359 149358 149357 149356 149355 149354 149353 149352 149351 149350 149349 149348 149347 149346 149345 149344 149343 149342 149341 149340 149339 149338 149337 149336 149335 149334 149333 149332 149331 149330 149329 149328 149327 149326 149325 149324 149323 149322 149321 149320 149319 149318 149317 149316 149315 149314 149313 149312 149311 149310 149309 149308 149307 149306 149305 149304 149303 149302 149301 149300 149299 149298 149297 149296 149295 149294 149293 149292 149291 149290 149289 149288 149287 149286 149285 149284 149283 149282 149281 149280 149279 149278 149277 149276 149275 149274 149273 149272 149271 149270 149269 149268 149267 149266 149265 149264 149263 149262 149261 149260 149259 149258 149257 149256 149255 149254 149253 149252 149251 149250 149249 149248 149247 149246 149245 149244 149243 149242 149241 149240 149239 149238 149237 149236 149235 149234 149233 149232 149231 149230 149229 149228 149227 149226 149225 149224 149223 149222 149221 149220 149219 149218 149217 149216 149215 149214 149213 149212 149211 149210 149209 149208 149207 149206 149205 149204 149203 149202 149201 149200 149199 149198 149197 149196 149195 149194 149193 149192 149191 149190 149189 149188 149187 149186 149185 149184 149183 149182 149181 149180 149179 149178 149177 149176 149175 149174 149173 149172 149171 149170 149169 149168 149167 149166 149165 149164 149163 149162 149161 149160 149159 149158 149157 149156 149155 149154 149153 149152 149151 149150 149149 149148 149147 149146 149145 149144 149143 149142 149141 149140 149139 149138 149137 149136 149135 149134 149133 149132 149131 149130 149129 149128 149127 149126 149125 149124 149123 149122 149121 149120 149119 149118 149117 149116 149115 149114 149113 149112 149111 149110 149109 149108 149107 149106 149105 149104 149103 149102 149101 149100 149099 149098 149097 149096 149095 149094 149093 149092 149091 149090 149089 149088 149087 149086 149085 149084 149083 149082 149081 149080 149079 149078 149077 149076 149075 149074 149073 149072 149071 149070 149069 149068 149067 149066 149065 149064 149063 149062 149061 149060 149059 149058 149057 149056 149055 149054 149053 149052 149051 149050 149049 149048 149047 149046 149045 149044 149043 149042 149041 149040 149039 149038 149037 149036 149035 149034 149033 149032 149031 149030 149029 149028 149027 149026 149025 149024 149023 149022 149021 149020 149019 149018 149017 149016 149015 149014 149013 149012 149011 149010 149009 149008 149007 149006 149005 149004 149003 149002 149001 149000 148999 148998 148997 148996 148995 148994 148993 148992 148991 148990 148989 148988 148987 148986 148985 148984 148983 148982 148981 148980 148979 148978 148977 148976 148975 148974 148973 148972 148971 148970 148969 148968 148967 148966 148965 148964 148963 148962 148961 148960 148959 148958 148957 148956 148955 148954 148953 148952 148951 148950 148949 148948 148947 148946 148945 148944 148943 148942 148941 148940 148939 148938 148937 148936 148935 148934 148933 148932 148931 148930 148929 148928 148927 148926 148925 148924 148923 148922 148921 148920 148919 148918 148917 148916 148915 148914 148913 148912 148911 148910 148909 148908 148907 148906 148905 148904 148903 148902 148901 148900 148899 148898 148897 148896 148895 148894 148893 148892 148891 148890 148889 148888 148887 148886 148885 148884 148883 148882 148881 148880 148879 148878 148877 148876 148875 148874 148873 148872 148871 148870 148869 148868 148867 148866 148865 148864 148863 148862 148861 148860 148859 148858 148857 148856 148855 148854 148853 148852 148851 148850 148849 148848 148847 148846 148845 148844 148843 148842 148841 148840 148839 148838 148837 148836 148835 148834 148833 148832 148831 148830 148829 148828 148827 148826 148825 148824 148823 148822 148821 148820 148819 148818 148817 148816 148815 148814 148813 148812 148811 148810 148809 148808 148807 148806 148805 148804 148803 148802 148801 148800 148799 148798 148797 148796 148795 148794 148793 148792 148791 148790 148789 148788 148787 148786 148785 148784 148783 148782 148781 148780 148779 148778 148777 148776 148775 148774 148773 148772 148771 148770 148769 148768 148767 148766 148765 148764 148763 148762 148761 148760 148759 148758 148757 148756 148755 148754 148753 148752 148751 148750 148749 148748 148747 148746 148745 148744 148743 148742 148741 148740 148739 148738 148737 148736 148735 148734 148733 148732 148731 148730 148729 148728 148727 148726 148725 148724 148723 148722 148721 148720 148719 148718 148717 148716 148715 148714 148713 148712 148711 148710 148709 148708 148707 148706 148705 148704 148703 148702 148701 148700 148699 148698 148697 148696 148695 148694 148693 148692 148691 148690 148689 148688 148687 148686 148685 148684 148683 148682 148681 148680 148679 148678 148677 148676 148675 148674 148673 148672 148671 148670 148669 148668 148667 148666 148665 148664 148663 148662 148661 148660 148659 148658 148657 148656 148655 148654 148653 148652 148651 148650 148649 148648 148647 148646 148645 148644 148643 148642 148641 148640 148639 148638 148637 148636 148635 148634 148633 148632 148631 148630 148629 148628 148627 148626 148625 148624 148623 148622 148621 148620 148619 148618 148617 148616 148615 148614 148613 148612 148611 148610 148609 148608 148607 148606 148605 148604 148603 148602 148601 148600 148599 148598 148597 148596 148595 148594 148593 148592 148591 148590 148589 148588 148587 148586 148585 148584 148583 148582 148581 148580 148579 148578 148577 148576 148575 148574 148573 148572 148571 148570 148569 148568 148567 148566 148565 148564 148563 148562 148561 148560 148559 148558 148557 148556 148555 148554 148553 148552 148551 148550 148549 148548 148547 148546 148545 148544 148543 148542 148541 148540 148539 148538 148537 148536 148535 148534 148533 148532 148531 148530 148529 148528 148527 148526 148525 148524 148523 148522 148521 148520 148519 148518 148517 148516 148515 148514 148513 148512 148511 148510 148509 148508 148507 148506 148505 148504 148503 148502 148501 148500 148499 148498 148497 148496 148495 148494 148493 148492 148491 148490 148489 148488 148487 148486 148485 148484 148483 148482 148481 148480 148479 148478 148477 148476 148475 148474 148473 148472 148471 148470 148469 148468 148467 148466 148465 148464 148463 148462 148461 148460 148459 148458 148457 148456 148455 148454 148453 148452 148451 148450 148449 148448 148447 148446 148445 148444 148443 148442 148441 148440 148439 148438 148437 148436 148435 148434 148433 148432 148431 148430 148429 148428 148427 148426 148425 148424 148423 148422 148421 148420 148419 148418 148417 148416 148415 148414 148413 148412 148411 148410 148409 148408 148407 148406 148405 148404 148403 148402 148401 148400 148399 148398 148397 148396 148395 148394 148393 148392 148391 148390 148389 148388 148387 148386 148385 148384 148383 148382 148381 148380 148379 148378 148377 148376 148375 148374 148373 148372 148371 148370 148369 148368 148367 148366 148365 148364 148363 148362 148361 148360 148359 148358 148357 148356 148355 148354 148353 148352 148351 148350 148349 148348 148347 148346 148345 148344 148343 148342 148341 148340 148339 148338 148337 148336 148335 148334 148333 148332 148331 148330 148329 148328 148327 148326 148325 148324 148323 148322 148321 148320 148319 148318 148317 148316 148315 148314 148313 148312 148311 148310 148309 148308 148307 148306 148305 148304 148303 148302 148301 148300 148299 148298 148297 148296 148295 148294 148293 148292 148291 148290 148289 148288 148287 148286 148285 148284 148283 148282 148281 148280 148279 148278 148277 148276 148275 148274 148273 148272 148271 148270 148269 148268 148267 148266 148265 148264 148263 148262 148261 148260 148259 148258 148257 148256 148255 148254 148253 148252 148251 148250 148249 148248 148247 148246 148245 148244 148243 148242 148241 148240 148239 148238 148237 148236 148235 148234 148233 148232 148231 148230 148229 148228 148227 148226 148225 148224 148223 148222 148221 148220 148219 148218 148217 148216 148215 148214 148213 148212 148211 148210 148209 148208 148207 148206 148205 148204 148203 148202 148201 148200 148199 148198 148197 148196 148195 148194 148193 148192 148191 148190 148189 148188 148187 148186 148185 148184 148183 148182 148181 148180 148179 148178 148177 148176 148175 148174 148173 148172 148171 148170 148169 148168 148167 148166 148165 148164 148163 148162 148161 148160 148159 148158 148157 148156 148155 148154 148153 148152 148151 148150 148149 148148 148147 148146 148145 148144 148143 148142 148141 148140 148139 148138 148137 148136 148135 148134 148133 148132 148131 148130 148129 148128 148127 148126 148125 148124 148123 148122 148121 148120 148119 148118 148117 148116 148115 148114 148113 148112 148111 148110 148109 148108 148107 148106 148105 148104 148103 148102 148101 148100 148099 148098 148097 148096 148095 148094 148093 148092 148091 148090 148089 148088 148087 148086 148085 148084 148083 148082 148081 148080 148079 148078 148077 148076 148075 148074 148073 148072 148071 148070 148069 148068 148067 148066 148065 148064 148063 148062 148061 148060 148059 148058 148057 148056 148055 148054 148053 148052 148051 148050 148049 148048 148047 148046 148045 148044 148043 148042 148041 148040 148039 148038 148037 148036 148035 148034 148033 148032 148031 148030 148029 148028 148027 148026 148025 148024 148023 148022 148021 148020 148019 148018 148017 148016 148015 148014 148013 148012 148011 148010 148009 148008 148007 148006 148005 148004 148003 148002 148001 148000 147999 147998 147997 147996 147995 147994 147993 147992 147991 147990 147989 147988 147987 147986 147985 147984 147983 147982 147981 147980 147979 147978 147977 147976 147975 147974 147973 147972 147971 147970 147969 147968 147967 147966 147965 147964 147963 147962 147961 147960 147959 147958 147957 147956 147955 147954 147953 147952 147951 147950 147949 147948 147947 147946 147945 147944 147943 147942 147941 147940 147939 147938 147937 147936 147935 147934 147933 147932 147931 147930 147929 147928 147927 147926 147925 147924 147923 147922 147921 147920 147919 147918 147917 147916 147915 147914 147913 147912 147911 147910 147909 147908 147907 147906 147905 147904 147903 147902 147901 147900 147899 147898 147897 147896 147895 147894 147893 147892 147891 147890 147889 147888 147887 147886 147885 147884 147883 147882 147881 147880 147879 147878 147877 147876 147875 147874 147873 147872 147871 147870 147869 147868 147867 147866 147865 147864 147863 147862 147861 147860 147859 147858 147857 147856 147855 147854 147853 147852 147851 147850 147849 147848 147847 147846 147845 147844 147843 147842 147841 147840 147839 147838 147837 147836 147835 147834 147833 147832 147831 147830 147829 147828 147827 147826 147825 147824 147823 147822 147821 147820 147819 147818 147817 147816 147815 147814 147813 147812 147811 147810 147809 147808 147807 147806 147805 147804 147803 147802 147801 147800 147799 147798 147797 147796 147795 147794 147793 147792 147791 147790 147789 147788 147787 147786 147785 147784 147783 147782 147781 147780 147779 147778 147777 147776 147775 147774 147773 147772 147771 147770 147769 147768 147767 147766 147765 147764 147763 147762 147761 147760 147759 147758 147757 147756 147755 147754 147753 147752 147751 147750 147749 147748 147747 147746 147745 147744 147743 147742 147741 147740 147739 147738 147737 147736 147735 147734 147733 147732 147731 147730 147729 147728 147727 147726 147725 147724 147723 147722 147721 147720 147719 147718 147717 147716 147715 147714 147713 147712 147711 147710 147709 147708 147707 147706 147705 147704 147703 147702 147701 147700 147699 147698 147697 147696 147695 147694 147693 147692 147691 147690 147689 147688 147687 147686 147685 147684 147683 147682 147681 147680 147679 147678 147677 147676 147675 147674 147673 147672 147671 147670 147669 147668 147667 147666 147665 147664 147663 147662 147661 147660 147659 147658 147657 147656 147655 147654 147653 147652 147651 147650 147649 147648 147647 147646 147645 147644 147643 147642 147641 147640 147639 147638 147637 147636 147635 147634 147633 147632 147631 147630 147629 147628 147627 147626 147625 147624 147623 147622 147621 147620 147619 147618 147617 147616 147615 147614 147613 147612 147611 147610 147609 147608 147607 147606 147605 147604 147603 147602 147601 147600 147599 147598 147597 147596 147595 147594 147593 147592 147591 147590 147589 147588 147587 147586 147585 147584 147583 147582 147581 147580 147579 147578 147577 147576 147575 147574 147573 147572 147571 147570 147569 147568 147567 147566 147565 147564 147563 147562 147561 147560 147559 147558 147557 147556 147555 147554 147553 147552 147551 147550 147549 147548 147547 147546 147545 147544 147543 147542 147541 147540 147539 147538 147537 147536 147535 147534 147533 147532 147531 147530 147529 147528 147527 147526 147525 147524 147523 147522 147521 147520 147519 147518 147517 147516 147515 147514 147513 147512 147511 147510 147509 147508 147507 147506 147505 147504 147503 147502 147501 147500 147499 147498 147497 147496 147495 147494 147493 147492 147491 147490 147489 147488 147487 147486 147485 147484 147483 147482 147481 147480 147479 147478 147477 147476 147475 147474 147473 147472 147471 147470 147469 147468 147467 147466 147465 147464 147463 147462 147461 147460 147459 147458 147457 147456 147455 147454 147453 147452 147451 147450 147449 147448 147447 147446 147445 147444 147443 147442 147441 147440 147439 147438 147437 147436 147435 147434 147433 147432 147431 147430 147429 147428 147427 147426 147425 147424 147423 147422 147421 147420 147419 147418 147417 147416 147415 147414 147413 147412 147411 147410 147409 147408 147407 147406 147405 147404 147403 147402 147401 147400 147399 147398 147397 147396 147395 147394 147393 147392 147391 147390 147389 147388 147387 147386 147385 147384 147383 147382 147381 147380 147379 147378 147377 147376 147375 147374 147373 147372 147371 147370 147369 147368 147367 147366 147365 147364 147363 147362 147361 147360 147359 147358 147357 147356 147355 147354 147353 147352 147351 147350 147349 147348 147347 147346 147345 147344 147343 147342 147341 147340 147339 147338 147337 147336 147335 147334 147333 147332 147331 147330 147329 147328 147327 147326 147325 147324 147323 147322 147321 147320 147319 147318 147317 147316 147315 147314 147313 147312 147311 147310 147309 147308 147307 147306 147305 147304 147303 147302 147301 147300 147299 147298 147297 147296 147295 147294 147293 147292 147291 147290 147289 147288 147287 147286 147285 147284 147283 147282 147281 147280 147279 147278 147277 147276 147275 147274 147273 147272 147271 147270 147269 147268 147267 147266 147265 147264 147263 147262 147261 147260 147259 147258 147257 147256 147255 147254 147253 147252 147251 147250 147249 147248 147247 147246 147245 147244 147243 147242 147241 147240 147239 147238 147237 147236 147235 147234 147233 147232 147231 147230 147229 147228 147227 147226 147225 147224 147223 147222 147221 147220 147219 147218 147217 147216 147215 147214 147213 147212 147211 147210 147209 147208 147207 147206 147205 147204 147203 147202 147201 147200 147199 147198 147197 147196 147195 147194 147193 147192 147191 147190 147189 147188 147187 147186 147185 147184 147183 147182 147181 147180 147179 147178 147177 147176 147175 147174 147173 147172 147171 147170 147169 147168 147167 147166 147165 147164 147163 147162 147161 147160 147159 147158 147157 147156 147155 147154 147153 147152 147151 147150 147149 147148 147147 147146 147145 147144 147143 147142 147141 147140 147139 147138 147137 147136 147135 147134 147133 147132 147131 147130 147129 147128 147127 147126 147125 147124 147123 147122 147121 147120 147119 147118 147117 147116 147115 147114 147113 147112 147111 147110 147109 147108 147107 147106 147105 147104 147103 147102 147101 147100 147099 147098 147097 147096 147095 147094 147093 147092 147091 147090 147089 147088 147087 147086 147085 147084 147083 147082 147081 147080 147079 147078 147077 147076 147075 147074 147073 147072 147071 147070 147069 147068 147067 147066 147065 147064 147063 147062 147061 147060 147059 147058 147057 147056 147055 147054 147053 147052 147051 147050 147049 147048 147047 147046 147045 147044 147043 147042 147041 147040 147039 147038 147037 147036 147035 147034 147033 147032 147031 147030 147029 147028 147027 147026 147025 147024 147023 147022 147021 147020 147019 147018 147017 147016 147015 147014 147013 147012 147011 147010 147009 147008 147007 147006 147005 147004 147003 147002 147001 147000 146999 146998 146997 146996 146995 146994 146993 146992 146991 146990 146989 146988 146987 146986 146985 146984 146983 146982 146981 146980 146979 146978 146977 146976 146975 146974 146973 146972 146971 146970 146969 146968 146967 146966 146965 146964 146963 146962 146961 146960 146959 146958 146957 146956 146955 146954 146953 146952 146951 146950 146949 146948 146947 146946 146945 146944 146943 146942 146941 146940 146939 146938 146937 146936 146935 146934 146933 146932 146931 146930 146929 146928 146927 146926 146925 146924 146923 146922 146921 146920 146919 146918 146917 146916 146915 146914 146913 146912 146911 146910 146909 146908 146907 146906 146905 146904 146903 146902 146901 146900 146899 146898 146897 146896 146895 146894 146893 146892 146891 146890 146889 146888 146887 146886 146885 146884 146883 146882 146881 146880 146879 146878 146877 146876 146875 146874 146873 146872 146871 146870 146869 146868 146867 146866 146865 146864 146863 146862 146861 146860 146859 146858 146857 146856 146855 146854 146853 146852 146851 146850 146849 146848 146847 146846 146845 146844 146843 146842 146841 146840 146839 146838 146837 146836 146835 146834 146833 146832 146831 146830 146829 146828 146827 146826 146825 146824 146823 146822 146821 146820 146819 146818 146817 146816 146815 146814 146813 146812 146811 146810 146809 146808 146807 146806 146805 146804 146803 146802 146801 146800 146799 146798 146797 146796 146795 146794 146793 146792 146791 146790 146789 146788 146787 146786 146785 146784 146783 146782 146781 146780 146779 146778 146777 146776 146775 146774 146773 146772 146771 146770 146769 146768 146767 146766 146765 146764 146763 146762 146761 146760 146759 146758 146757 146756 146755 146754 146753 146752 146751 146750 146749 146748 146747 146746 146745 146744 146743 146742 146741 146740 146739 146738 146737 146736 146735 146734 146733 146732 146731 146730 146729 146728 146727 146726 146725 146724 146723 146722 146721 146720 146719 146718 146717 146716 146715 146714 146713 146712 146711 146710 146709 146708 146707 146706 146705 146704 146703 146702 146701 146700 146699 146698 146697 146696 146695 146694 146693 146692 146691 146690 146689 146688 146687 146686 146685 146684 146683 146682 146681 146680 146679 146678 146677 146676 146675 146674 146673 146672 146671 146670 146669 146668 146667 146666 146665 146664 146663 146662 146661 146660 146659 146658 146657 146656 146655 146654 146653 146652 146651 146650 146649 146648 146647 146646 146645 146644 146643 146642 146641 146640 146639 146638 146637 146636 146635 146634 146633 146632 146631 146630 146629 146628 146627 146626 146625 146624 146623 146622 146621 146620 146619 146618 146617 146616 146615 146614 146613 146612 146611 146610 146609 146608 146607 146606 146605 146604 146603 146602 146601 146600 146599 146598 146597 146596 146595 146594 146593 146592 146591 146590 146589 146588 146587 146586 146585 146584 146583 146582 146581 146580 146579 146578 146577 146576 146575 146574 146573 146572 146571 146570 146569 146568 146567 146566 146565 146564 146563 146562 146561 146560 146559 146558 146557 146556 146555 146554 146553 146552 146551 146550 146549 146548 146547 146546 146545 146544 146543 146542 146541 146540 146539 146538 146537 146536 146535 146534 146533 146532 146531 146530 146529 146528 146527 146526 146525 146524 146523 146522 146521 146520 146519 146518 146517 146516 146515 146514 146513 146512 146511 146510 146509 146508 146507 146506 146505 146504 146503 146502 146501 146500 146499 146498 146497 146496 146495 146494 146493 146492 146491 146490 146489 146488 146487 146486 146485 146484 146483 146482 146481 146480 146479 146478 146477 146476 146475 146474 146473 146472 146471 146470 146469 146468 146467 146466 146465 146464 146463 146462 146461 146460 146459 146458 146457 146456 146455 146454 146453 146452 146451 146450 146449 146448 146447 146446 146445 146444 146443 146442 146441 146440 146439 146438 146437 146436 146435 146434 146433 146432 146431 146430 146429 146428 146427 146426 146425 146424 146423 146422 146421 146420 146419 146418 146417 146416 146415 146414 146413 146412 146411 146410 146409 146408 146407 146406 146405 146404 146403 146402 146401 146400 146399 146398 146397 146396 146395 146394 146393 146392 146391 146390 146389 146388 146387 146386 146385 146384 146383 146382 146381 146380 146379 146378 146377 146376 146375 146374 146373 146372 146371 146370 146369 146368 146367 146366 146365 146364 146363 146362 146361 146360 146359 146358 146357 146356 146355 146354 146353 146352 146351 146350 146349 146348 146347 146346 146345 146344 146343 146342 146341 146340 146339 146338 146337 146336 146335 146334 146333 146332 146331 146330 146329 146328 146327 146326 146325 146324 146323 146322 146321 146320 146319 146318 146317 146316 146315 146314 146313 146312 146311 146310 146309 146308 146307 146306 146305 146304 146303 146302 146301 146300 146299 146298 146297 146296 146295 146294 146293 146292 146291 146290 146289 146288 146287 146286 146285 146284 146283 146282 146281 146280 146279 146278 146277 146276 146275 146274 146273 146272 146271 146270 146269 146268 146267 146266 146265 146264 146263 146262 146261 146260 146259 146258 146257 146256 146255 146254 146253 146252 146251 146250 146249 146248 146247 146246 146245 146244 146243 146242 146241 146240 146239 146238 146237 146236 146235 146234 146233 146232 146231 146230 146229 146228 146227 146226 146225 146224 146223 146222 146221 146220 146219 146218 146217 146216 146215 146214 146213 146212 146211 146210 146209 146208 146207 146206 146205 146204 146203 146202 146201 146200 146199 146198 146197 146196 146195 146194 146193 146192 146191 146190 146189 146188 146187 146186 146185 146184 146183 146182 146181 146180 146179 146178 146177 146176 146175 146174 146173 146172 146171 146170 146169 146168 146167 146166 146165 146164 146163 146162 146161 146160 146159 146158 146157 146156 146155 146154 146153 146152 146151 146150 146149 146148 146147 146146 146145 146144 146143 146142 146141 146140 146139 146138 146137 146136 146135 146134 146133 146132 146131 146130 146129 146128 146127 146126 146125 146124 146123 146122 146121 146120 146119 146118 146117 146116 146115 146114 146113 146112 146111 146110 146109 146108 146107 146106 146105 146104 146103 146102 146101 146100 146099 146098 146097 146096 146095 146094 146093 146092 146091 146090 146089 146088 146087 146086 146085 146084 146083 146082 146081 146080 146079 146078 146077 146076 146075 146074 146073 146072 146071 146070 146069 146068 146067 146066 146065 146064 146063 146062 146061 146060 146059 146058 146057 146056 146055 146054 146053 146052 146051 146050 146049 146048 146047 146046 146045 146044 146043 146042 146041 146040 146039 146038 146037 146036 146035 146034 146033 146032 146031 146030 146029 146028 146027 146026 146025 146024 146023 146022 146021 146020 146019 146018 146017 146016 146015 146014 146013 146012 146011 146010 146009 146008 146007 146006 146005 146004 146003 146002 146001 146000 145999 145998 145997 145996 145995 145994 145993 145992 145991 145990 145989 145988 145987 145986 145985 145984 145983 145982 145981 145980 145979 145978 145977 145976 145975 145974 145973 145972 145971 145970 145969 145968 145967 145966 145965 145964 145963 145962 145961 145960 145959 145958 145957 145956 145955 145954 145953 145952 145951 145950 145949 145948 145947 145946 145945 145944 145943 145942 145941 145940 145939 145938 145937 145936 145935 145934 145933 145932 145931 145930 145929 145928 145927 145926 145925 145924 145923 145922 145921 145920 145919 145918 145917 145916 145915 145914 145913 145912 145911 145910 145909 145908 145907 145906 145905 145904 145903 145902 145901 145900 145899 145898 145897 145896 145895 145894 145893 145892 145891 145890 145889 145888 145887 145886 145885 145884 145883 145882 145881 145880 145879 145878 145877 145876 145875 145874 145873 145872 145871 145870 145869 145868 145867 145866 145865 145864 145863 145862 145861 145860 145859 145858 145857 145856 145855 145854 145853 145852 145851 145850 145849 145848 145847 145846 145845 145844 145843 145842 145841 145840 145839 145838 145837 145836 145835 145834 145833 145832 145831 145830 145829 145828 145827 145826 145825 145824 145823 145822 145821 145820 145819 145818 145817 145816 145815 145814 145813 145812 145811 145810 145809 145808 145807 145806 145805 145804 145803 145802 145801 145800 145799 145798 145797 145796 145795 145794 145793 145792 145791 145790 145789 145788 145787 145786 145785 145784 145783 145782 145781 145780 145779 145778 145777 145776 145775 145774 145773 145772 145771 145770 145769 145768 145767 145766 145765 145764 145763 145762 145761 145760 145759 145758 145757 145756 145755 145754 145753 145752 145751 145750 145749 145748 145747 145746 145745 145744 145743 145742 145741 145740 145739 145738 145737 145736 145735 145734 145733 145732 145731 145730 145729 145728 145727 145726 145725 145724 145723 145722 145721 145720 145719 145718 145717 145716 145715 145714 145713 145712 145711 145710 145709 145708 145707 145706 145705 145704 145703 145702 145701 145700 145699 145698 145697 145696 145695 145694 145693 145692 145691 145690 145689 145688 145687 145686 145685 145684 145683 145682 145681 145680 145679 145678 145677 145676 145675 145674 145673 145672 145671 145670 145669 145668 145667 145666 145665 145664 145663 145662 145661 145660 145659 145658 145657 145656 145655 145654 145653 145652 145651 145650 145649 145648 145647 145646 145645 145644 145643 145642 145641 145640 145639 145638 145637 145636 145635 145634 145633 145632 145631 145630 145629 145628 145627 145626 145625 145624 145623 145622 145621 145620 145619 145618 145617 145616 145615 145614 145613 145612 145611 145610 145609 145608 145607 145606 145605 145604 145603 145602 145601 145600 145599 145598 145597 145596 145595 145594 145593 145592 145591 145590 145589 145588 145587 145586 145585 145584 145583 145582 145581 145580 145579 145578 145577 145576 145575 145574 145573 145572 145571 145570 145569 145568 145567 145566 145565 145564 145563 145562 145561 145560 145559 145558 145557 145556 145555 145554 145553 145552 145551 145550 145549 145548 145547 145546 145545 145544 145543 145542 145541 145540 145539 145538 145537 145536 145535 145534 145533 145532 145531 145530 145529 145528 145527 145526 145525 145524 145523 145522 145521 145520 145519 145518 145517 145516 145515 145514 145513 145512 145511 145510 145509 145508 145507 145506 145505 145504 145503 145502 145501 145500 145499 145498 145497 145496 145495 145494 145493 145492 145491 145490 145489 145488 145487 145486 145485 145484 145483 145482 145481 145480 145479 145478 145477 145476 145475 145474 145473 145472 145471 145470 145469 145468 145467 145466 145465 145464 145463 145462 145461 145460 145459 145458 145457 145456 145455 145454 145453 145452 145451 145450 145449 145448 145447 145446 145445 145444 145443 145442 145441 145440 145439 145438 145437 145436 145435 145434 145433 145432 145431 145430 145429 145428 145427 145426 145425 145424 145423 145422 145421 145420 145419 145418 145417 145416 145415 145414 145413 145412 145411 145410 145409 145408 145407 145406 145405 145404 145403 145402 145401 145400 145399 145398 145397 145396 145395 145394 145393 145392 145391 145390 145389 145388 145387 145386 145385 145384 145383 145382 145381 145380 145379 145378 145377 145376 145375 145374 145373 145372 145371 145370 145369 145368 145367 145366 145365 145364 145363 145362 145361 145360 145359 145358 145357 145356 145355 145354 145353 145352 145351 145350 145349 145348 145347 145346 145345 145344 145343 145342 145341 145340 145339 145338 145337 145336 145335 145334 145333 145332 145331 145330 145329 145328 145327 145326 145325 145324 145323 145322 145321 145320 145319 145318 145317 145316 145315 145314 145313 145312 145311 145310 145309 145308 145307 145306 145305 145304 145303 145302 145301 145300 145299 145298 145297 145296 145295 145294 145293 145292 145291 145290 145289 145288 145287 145286 145285 145284 145283 145282 145281 145280 145279 145278 145277 145276 145275 145274 145273 145272 145271 145270 145269 145268 145267 145266 145265 145264 145263 145262 145261 145260 145259 145258 145257 145256 145255 145254 145253 145252 145251 145250 145249 145248 145247 145246 145245 145244 145243 145242 145241 145240 145239 145238 145237 145236 145235 145234 145233 145232 145231 145230 145229 145228 145227 145226 145225 145224 145223 145222 145221 145220 145219 145218 145217 145216 145215 145214 145213 145212 145211 145210 145209 145208 145207 145206 145205 145204 145203 145202 145201 145200 145199 145198 145197 145196 145195 145194 145193 145192 145191 145190 145189 145188 145187 145186 145185 145184 145183 145182 145181 145180 145179 145178 145177 145176 145175 145174 145173 145172 145171 145170 145169 145168 145167 145166 145165 145164 145163 145162 145161 145160 145159 145158 145157 145156 145155 145154 145153 145152 145151 145150 145149 145148 145147 145146 145145 145144 145143 145142 145141 145140 145139 145138 145137 145136 145135 145134 145133 145132 145131 145130 145129 145128 145127 145126 145125 145124 145123 145122 145121 145120 145119 145118 145117 145116 145115 145114 145113 145112 145111 145110 145109 145108 145107 145106 145105 145104 145103 145102 145101 145100 145099 145098 145097 145096 145095 145094 145093 145092 145091 145090 145089 145088 145087 145086 145085 145084 145083 145082 145081 145080 145079 145078 145077 145076 145075 145074 145073 145072 145071 145070 145069 145068 145067 145066 145065 145064 145063 145062 145061 145060 145059 145058 145057 145056 145055 145054 145053 145052 145051 145050 145049 145048 145047 145046 145045 145044 145043 145042 145041 145040 145039 145038 145037 145036 145035 145034 145033 145032 145031 145030 145029 145028 145027 145026 145025 145024 145023 145022 145021 145020 145019 145018 145017 145016 145015 145014 145013 145012 145011 145010 145009 145008 145007 145006 145005 145004 145003 145002 145001 145000 144999 144998 144997 144996 144995 144994 144993 144992 144991 144990 144989 144988 144987 144986 144985 144984 144983 144982 144981 144980 144979 144978 144977 144976 144975 144974 144973 144972 144971 144970 144969 144968 144967 144966 144965 144964 144963 144962 144961 144960 144959 144958 144957 144956 144955 144954 144953 144952 144951 144950 144949 144948 144947 144946 144945 144944 144943 144942 144941 144940 144939 144938 144937 144936 144935 144934 144933 144932 144931 144930 144929 144928 144927 144926 144925 144924 144923 144922 144921 144920 144919 144918 144917 144916 144915 144914 144913 144912 144911 144910 144909 144908 144907 144906 144905 144904 144903 144902 144901 144900 144899 144898 144897 144896 144895 144894 144893 144892 144891 144890 144889 144888 144887 144886 144885 144884 144883 144882 144881 144880 144879 144878 144877 144876 144875 144874 144873 144872 144871 144870 144869 144868 144867 144866 144865 144864 144863 144862 144861 144860 144859 144858 144857 144856 144855 144854 144853 144852 144851 144850 144849 144848 144847 144846 144845 144844 144843 144842 144841 144840 144839 144838 144837 144836 144835 144834 144833 144832 144831 144830 144829 144828 144827 144826 144825 144824 144823 144822 144821 144820 144819 144818 144817 144816 144815 144814 144813 144812 144811 144810 144809 144808 144807 144806 144805 144804 144803 144802 144801 144800 144799 144798 144797 144796 144795 144794 144793 144792 144791 144790 144789 144788 144787 144786 144785 144784 144783 144782 144781 144780 144779 144778 144777 144776 144775 144774 144773 144772 144771 144770 144769 144768 144767 144766 144765 144764 144763 144762 144761 144760 144759 144758 144757 144756 144755 144754 144753 144752 144751 144750 144749 144748 144747 144746 144745 144744 144743 144742 144741 144740 144739 144738 144737 144736 144735 144734 144733 144732 144731 144730 144729 144728 144727 144726 144725 144724 144723 144722 144721 144720 144719 144718 144717 144716 144715 144714 144713 144712 144711 144710 144709 144708 144707 144706 144705 144704 144703 144702 144701 144700 144699 144698 144697 144696 144695 144694 144693 144692 144691 144690 144689 144688 144687 144686 144685 144684 144683 144682 144681 144680 144679 144678 144677 144676 144675 144674 144673 144672 144671 144670 144669 144668 144667 144666 144665 144664 144663 144662 144661 144660 144659 144658 144657 144656 144655 144654 144653 144652 144651 144650 144649 144648 144647 144646 144645 144644 144643 144642 144641 144640 144639 144638 144637 144636 144635 144634 144633 144632 144631 144630 144629 144628 144627 144626 144625 144624 144623 144622 144621 144620 144619 144618 144617 144616 144615 144614 144613 144612 144611 144610 144609 144608 144607 144606 144605 144604 144603 144602 144601 144600 144599 144598 144597 144596 144595 144594 144593 144592 144591 144590 144589 144588 144587 144586 144585 144584 144583 144582 144581 144580 144579 144578 144577 144576 144575 144574 144573 144572 144571 144570 144569 144568 144567 144566 144565 144564 144563 144562 144561 144560 144559 144558 144557 144556 144555 144554 144553 144552 144551 144550 144549 144548 144547 144546 144545 144544 144543 144542 144541 144540 144539 144538 144537 144536 144535 144534 144533 144532 144531 144530 144529 144528 144527 144526 144525 144524 144523 144522 144521 144520 144519 144518 144517 144516 144515 144514 144513 144512 144511 144510 144509 144508 144507 144506 144505 144504 144503 144502 144501 144500 144499 144498 144497 144496 144495 144494 144493 144492 144491 144490 144489 144488 144487 144486 144485 144484 144483 144482 144481 144480 144479 144478 144477 144476 144475 144474 144473 144472 144471 144470 144469 144468 144467 144466 144465 144464 144463 144462 144461 144460 144459 144458 144457 144456 144455 144454 144453 144452 144451 144450 144449 144448 144447 144446 144445 144444 144443 144442 144441 144440 144439 144438 144437 144436 144435 144434 144433 144432 144431 144430 144429 144428 144427 144426 144425 144424 144423 144422 144421 144420 144419 144418 144417 144416 144415 144414 144413 144412 144411 144410 144409 144408 144407 144406 144405 144404 144403 144402 144401 144400 144399 144398 144397 144396 144395 144394 144393 144392 144391 144390 144389 144388 144387 144386 144385 144384 144383 144382 144381 144380 144379 144378 144377 144376 144375 144374 144373 144372 144371 144370 144369 144368 144367 144366 144365 144364 144363 144362 144361 144360 144359 144358 144357 144356 144355 144354 144353 144352 144351 144350 144349 144348 144347 144346 144345 144344 144343 144342 144341 144340 144339 144338 144337 144336 144335 144334 144333 144332 144331 144330 144329 144328 144327 144326 144325 144324 144323 144322 144321 144320 144319 144318 144317 144316 144315 144314 144313 144312 144311 144310 144309 144308 144307 144306 144305 144304 144303 144302 144301 144300 144299 144298 144297 144296 144295 144294 144293 144292 144291 144290 144289 144288 144287 144286 144285 144284 144283 144282 144281 144280 144279 144278 144277 144276 144275 144274 144273 144272 144271 144270 144269 144268 144267 144266 144265 144264 144263 144262 144261 144260 144259 144258 144257 144256 144255 144254 144253 144252 144251 144250 144249 144248 144247 144246 144245 144244 144243 144242 144241 144240 144239 144238 144237 144236 144235 144234 144233 144232 144231 144230 144229 144228 144227 144226 144225 144224 144223 144222 144221 144220 144219 144218 144217 144216 144215 144214 144213 144212 144211 144210 144209 144208 144207 144206 144205 144204 144203 144202 144201 144200 144199 144198 144197 144196 144195 144194 144193 144192 144191 144190 144189 144188 144187 144186 144185 144184 144183 144182 144181 144180 144179 144178 144177 144176 144175 144174 144173 144172 144171 144170 144169 144168 144167 144166 144165 144164 144163 144162 144161 144160 144159 144158 144157 144156 144155 144154 144153 144152 144151 144150 144149 144148 144147 144146 144145 144144 144143 144142 144141 144140 144139 144138 144137 144136 144135 144134 144133 144132 144131 144130 144129 144128 144127 144126 144125 144124 144123 144122 144121 144120 144119 144118 144117 144116 144115 144114 144113 144112 144111 144110 144109 144108 144107 144106 144105 144104 144103 144102 144101 144100 144099 144098 144097 144096 144095 144094 144093 144092 144091 144090 144089 144088 144087 144086 144085 144084 144083 144082 144081 144080 144079 144078 144077 144076 144075 144074 144073 144072 144071 144070 144069 144068 144067 144066 144065 144064 144063 144062 144061 144060 144059 144058 144057 144056 144055 144054 144053 144052 144051 144050 144049 144048 144047 144046 144045 144044 144043 144042 144041 144040 144039 144038 144037 144036 144035 144034 144033 144032 144031 144030 144029 144028 144027 144026 144025 144024 144023 144022 144021 144020 144019 144018 144017 144016 144015 144014 144013 144012 144011 144010 144009 144008 144007 144006 144005 144004 144003 144002 144001 144000 143999 143998 143997 143996 143995 143994 143993 143992 143991 143990 143989 143988 143987 143986 143985 143984 143983 143982 143981 143980 143979 143978 143977 143976 143975 143974 143973 143972 143971 143970 143969 143968 143967 143966 143965 143964 143963 143962 143961 143960 143959 143958 143957 143956 143955 143954 143953 143952 143951 143950 143949 143948 143947 143946 143945 143944 143943 143942 143941 143940 143939 143938 143937 143936 143935 143934 143933 143932 143931 143930 143929 143928 143927 143926 143925 143924 143923 143922 143921 143920 143919 143918 143917 143916 143915 143914 143913 143912 143911 143910 143909 143908 143907 143906 143905 143904 143903 143902 143901 143900 143899 143898 143897 143896 143895 143894 143893 143892 143891 143890 143889 143888 143887 143886 143885 143884 143883 143882 143881 143880 143879 143878 143877 143876 143875 143874 143873 143872 143871 143870 143869 143868 143867 143866 143865 143864 143863 143862 143861 143860 143859 143858 143857 143856 143855 143854 143853 143852 143851 143850 143849 143848 143847 143846 143845 143844 143843 143842 143841 143840 143839 143838 143837 143836 143835 143834 143833 143832 143831 143830 143829 143828 143827 143826 143825 143824 143823 143822 143821 143820 143819 143818 143817 143816 143815 143814 143813 143812 143811 143810 143809 143808 143807 143806 143805 143804 143803 143802 143801 143800 143799 143798 143797 143796 143795 143794 143793 143792 143791 143790 143789 143788 143787 143786 143785 143784 143783 143782 143781 143780 143779 143778 143777 143776 143775 143774 143773 143772 143771 143770 143769 143768 143767 143766 143765 143764 143763 143762 143761 143760 143759 143758 143757 143756 143755 143754 143753 143752 143751 143750 143749 143748 143747 143746 143745 143744 143743 143742 143741 143740 143739 143738 143737 143736 143735 143734 143733 143732 143731 143730 143729 143728 143727 143726 143725 143724 143723 143722 143721 143720 143719 143718 143717 143716 143715 143714 143713 143712 143711 143710 143709 143708 143707 143706 143705 143704 143703 143702 143701 143700 143699 143698 143697 143696 143695 143694 143693 143692 143691 143690 143689 143688 143687 143686 143685 143684 143683 143682 143681 143680 143679 143678 143677 143676 143675 143674 143673 143672 143671 143670 143669 143668 143667 143666 143665 143664 143663 143662 143661 143660 143659 143658 143657 143656 143655 143654 143653 143652 143651 143650 143649 143648 143647 143646 143645 143644 143643 143642 143641 143640 143639 143638 143637 143636 143635 143634 143633 143632 143631 143630 143629 143628 143627 143626 143625 143624 143623 143622 143621 143620 143619 143618 143617 143616 143615 143614 143613 143612 143611 143610 143609 143608 143607 143606 143605 143604 143603 143602 143601 143600 143599 143598 143597 143596 143595 143594 143593 143592 143591 143590 143589 143588 143587 143586 143585 143584 143583 143582 143581 143580 143579 143578 143577 143576 143575 143574 143573 143572 143571 143570 143569 143568 143567 143566 143565 143564 143563 143562 143561 143560 143559 143558 143557 143556 143555 143554 143553 143552 143551 143550 143549 143548 143547 143546 143545 143544 143543 143542 143541 143540 143539 143538 143537 143536 143535 143534 143533 143532 143531 143530 143529 143528 143527 143526 143525 143524 143523 143522 143521 143520 143519 143518 143517 143516 143515 143514 143513 143512 143511 143510 143509 143508 143507 143506 143505 143504 143503 143502 143501 143500 143499 143498 143497 143496 143495 143494 143493 143492 143491 143490 143489 143488 143487 143486 143485 143484 143483 143482 143481 143480 143479 143478 143477 143476 143475 143474 143473 143472 143471 143470 143469 143468 143467 143466 143465 143464 143463 143462 143461 143460 143459 143458 143457 143456 143455 143454 143453 143452 143451 143450 143449 143448 143447 143446 143445 143444 143443 143442 143441 143440 143439 143438 143437 143436 143435 143434 143433 143432 143431 143430 143429 143428 143427 143426 143425 143424 143423 143422 143421 143420 143419 143418 143417 143416 143415 143414 143413 143412 143411 143410 143409 143408 143407 143406 143405 143404 143403 143402 143401 143400 143399 143398 143397 143396 143395 143394 143393 143392 143391 143390 143389 143388 143387 143386 143385 143384 143383 143382 143381 143380 143379 143378 143377 143376 143375 143374 143373 143372 143371 143370 143369 143368 143367 143366 143365 143364 143363 143362 143361 143360 143359 143358 143357 143356 143355 143354 143353 143352 143351 143350 143349 143348 143347 143346 143345 143344 143343 143342 143341 143340 143339 143338 143337 143336 143335 143334 143333 143332 143331 143330 143329 143328 143327 143326 143325 143324 143323 143322 143321 143320 143319 143318 143317 143316 143315 143314 143313 143312 143311 143310 143309 143308 143307 143306 143305 143304 143303 143302 143301 143300 143299 143298 143297 143296 143295 143294 143293 143292 143291 143290 143289 143288 143287 143286 143285 143284 143283 143282 143281 143280 143279 143278 143277 143276 143275 143274 143273 143272 143271 143270 143269 143268 143267 143266 143265 143264 143263 143262 143261 143260 143259 143258 143257 143256 143255 143254 143253 143252 143251 143250 143249 143248 143247 143246 143245 143244 143243 143242 143241 143240 143239 143238 143237 143236 143235 143234 143233 143232 143231 143230 143229 143228 143227 143226 143225 143224 143223 143222 143221 143220 143219 143218 143217 143216 143215 143214 143213 143212 143211 143210 143209 143208 143207 143206 143205 143204 143203 143202 143201 143200 143199 143198 143197 143196 143195 143194 143193 143192 143191 143190 143189 143188 143187 143186 143185 143184 143183 143182 143181 143180 143179 143178 143177 143176 143175 143174 143173 143172 143171 143170 143169 143168 143167 143166 143165 143164 143163 143162 143161 143160 143159 143158 143157 143156 143155 143154 143153 143152 143151 143150 143149 143148 143147 143146 143145 143144 143143 143142 143141 143140 143139 143138 143137 143136 143135 143134 143133 143132 143131 143130 143129 143128 143127 143126 143125 143124 143123 143122 143121 143120 143119 143118 143117 143116 143115 143114 143113 143112 143111 143110 143109 143108 143107 143106 143105 143104 143103 143102 143101 143100 143099 143098 143097 143096 143095 143094 143093 143092 143091 143090 143089 143088 143087 143086 143085 143084 143083 143082 143081 143080 143079 143078 143077 143076 143075 143074 143073 143072 143071 143070 143069 143068 143067 143066 143065 143064 143063 143062 143061 143060 143059 143058 143057 143056 143055 143054 143053 143052 143051 143050 143049 143048 143047 143046 143045 143044 143043 143042 143041 143040 143039 143038 143037 143036 143035 143034 143033 143032 143031 143030 143029 143028 143027 143026 143025 143024 143023 143022 143021 143020 143019 143018 143017 143016 143015 143014 143013 143012 143011 143010 143009 143008 143007 143006 143005 143004 143003 143002 143001 143000 142999 142998 142997 142996 142995 142994 142993 142992 142991 142990 142989 142988 142987 142986 142985 142984 142983 142982 142981 142980 142979 142978 142977 142976 142975 142974 142973 142972 142971 142970 142969 142968 142967 142966 142965 142964 142963 142962 142961 142960 142959 142958 142957 142956 142955 142954 142953 142952 142951 142950 142949 142948 142947 142946 142945 142944 142943 142942 142941 142940 142939 142938 142937 142936 142935 142934 142933 142932 142931 142930 142929 142928 142927 142926 142925 142924 142923 142922 142921 142920 142919 142918 142917 142916 142915 142914 142913 142912 142911 142910 142909 142908 142907 142906 142905 142904 142903 142902 142901 142900 142899 142898 142897 142896 142895 142894 142893 142892 142891 142890 142889 142888 142887 142886 142885 142884 142883 142882 142881 142880 142879 142878 142877 142876 142875 142874 142873 142872 142871 142870 142869 142868 142867 142866 142865 142864 142863 142862 142861 142860 142859 142858 142857 142856 142855 142854 142853 142852 142851 142850 142849 142848 142847 142846 142845 142844 142843 142842 142841 142840 142839 142838 142837 142836 142835 142834 142833 142832 142831 142830 142829 142828 142827 142826 142825 142824 142823 142822 142821 142820 142819 142818 142817 142816 142815 142814 142813 142812 142811 142810 142809 142808 142807 142806 142805 142804 142803 142802 142801 142800 142799 142798 142797 142796 142795 142794 142793 142792 142791 142790 142789 142788 142787 142786 142785 142784 142783 142782 142781 142780 142779 142778 142777 142776 142775 142774 142773 142772 142771 142770 142769 142768 142767 142766 142765 142764 142763 142762 142761 142760 142759 142758 142757 142756 142755 142754 142753 142752 142751 142750 142749 142748 142747 142746 142745 142744 142743 142742 142741 142740 142739 142738 142737 142736 142735 142734 142733 142732 142731 142730 142729 142728 142727 142726 142725 142724 142723 142722 142721 142720 142719 142718 142717 142716 142715 142714 142713 142712 142711 142710 142709 142708 142707 142706 142705 142704 142703 142702 142701 142700 142699 142698 142697 142696 142695 142694 142693 142692 142691 142690 142689 142688 142687 142686 142685 142684 142683 142682 142681 142680 142679 142678 142677 142676 142675 142674 142673 142672 142671 142670 142669 142668 142667 142666 142665 142664 142663 142662 142661 142660 142659 142658 142657 142656 142655 142654 142653 142652 142651 142650 142649 142648 142647 142646 142645 142644 142643 142642 142641 142640 142639 142638 142637 142636 142635 142634 142633 142632 142631 142630 142629 142628 142627 142626 142625 142624 142623 142622 142621 142620 142619 142618 142617 142616 142615 142614 142613 142612 142611 142610 142609 142608 142607 142606 142605 142604 142603 142602 142601 142600 142599 142598 142597 142596 142595 142594 142593 142592 142591 142590 142589 142588 142587 142586 142585 142584 142583 142582 142581 142580 142579 142578 142577 142576 142575 142574 142573 142572 142571 142570 142569 142568 142567 142566 142565 142564 142563 142562 142561 142560 142559 142558 142557 142556 142555 142554 142553 142552 142551 142550 142549 142548 142547 142546 142545 142544 142543 142542 142541 142540 142539 142538 142537 142536 142535 142534 142533 142532 142531 142530 142529 142528 142527 142526 142525 142524 142523 142522 142521 142520 142519 142518 142517 142516 142515 142514 142513 142512 142511 142510 142509 142508 142507 142506 142505 142504 142503 142502 142501 142500 142499 142498 142497 142496 142495 142494 142493 142492 142491 142490 142489 142488 142487 142486 142485 142484 142483 142482 142481 142480 142479 142478 142477 142476 142475 142474 142473 142472 142471 142470 142469 142468 142467 142466 142465 142464 142463 142462 142461 142460 142459 142458 142457 142456 142455 142454 142453 142452 142451 142450 142449 142448 142447 142446 142445 142444 142443 142442 142441 142440 142439 142438 142437 142436 142435 142434 142433 142432 142431 142430 142429 142428 142427 142426 142425 142424 142423 142422 142421 142420 142419 142418 142417 142416 142415 142414 142413 142412 142411 142410 142409 142408 142407 142406 142405 142404 142403 142402 142401 142400 142399 142398 142397 142396 142395 142394 142393 142392 142391 142390 142389 142388 142387 142386 142385 142384 142383 142382 142381 142380 142379 142378 142377 142376 142375 142374 142373 142372 142371 142370 142369 142368 142367 142366 142365 142364 142363 142362 142361 142360 142359 142358 142357 142356 142355 142354 142353 142352 142351 142350 142349 142348 142347 142346 142345 142344 142343 142342 142341 142340 142339 142338 142337 142336 142335 142334 142333 142332 142331 142330 142329 142328 142327 142326 142325 142324 142323 142322 142321 142320 142319 142318 142317 142316 142315 142314 142313 142312 142311 142310 142309 142308 142307 142306 142305 142304 142303 142302 142301 142300 142299 142298 142297 142296 142295 142294 142293 142292 142291 142290 142289 142288 142287 142286 142285 142284 142283 142282 142281 142280 142279 142278 142277 142276 142275 142274 142273 142272 142271 142270 142269 142268 142267 142266 142265 142264 142263 142262 142261 142260 142259 142258 142257 142256 142255 142254 142253 142252 142251 142250 142249 142248 142247 142246 142245 142244 142243 142242 142241 142240 142239 142238 142237 142236 142235 142234 142233 142232 142231 142230 142229 142228 142227 142226 142225 142224 142223 142222 142221 142220 142219 142218 142217 142216 142215 142214 142213 142212 142211 142210 142209 142208 142207 142206 142205 142204 142203 142202 142201 142200 142199 142198 142197 142196 142195 142194 142193 142192 142191 142190 142189 142188 142187 142186 142185 142184 142183 142182 142181 142180 142179 142178 142177 142176 142175 142174 142173 142172 142171 142170 142169 142168 142167 142166 142165 142164 142163 142162 142161 142160 142159 142158 142157 142156 142155 142154 142153 142152 142151 142150 142149 142148 142147 142146 142145 142144 142143 142142 142141 142140 142139 142138 142137 142136 142135 142134 142133 142132 142131 142130 142129 142128 142127 142126 142125 142124 142123 142122 142121 142120 142119 142118 142117 142116 142115 142114 142113 142112 142111 142110 142109 142108 142107 142106 142105 142104 142103 142102 142101 142100 142099 142098 142097 142096 142095 142094 142093 142092 142091 142090 142089 142088 142087 142086 142085 142084 142083 142082 142081 142080 142079 142078 142077 142076 142075 142074 142073 142072 142071 142070 142069 142068 142067 142066 142065 142064 142063 142062 142061 142060 142059 142058 142057 142056 142055 142054 142053 142052 142051 142050 142049 142048 142047 142046 142045 142044 142043 142042 142041 142040 142039 142038 142037 142036 142035 142034 142033 142032 142031 142030 142029 142028 142027 142026 142025 142024 142023 142022 142021 142020 142019 142018 142017 142016 142015 142014 142013 142012 142011 142010 142009 142008 142007 142006 142005 142004 142003 142002 142001 142000 141999 141998 141997 141996 141995 141994 141993 141992 141991 141990 141989 141988 141987 141986 141985 141984 141983 141982 141981 141980 141979 141978 141977 141976 141975 141974 141973 141972 141971 141970 141969 141968 141967 141966 141965 141964 141963 141962 141961 141960 141959 141958 141957 141956 141955 141954 141953 141952 141951 141950 141949 141948 141947 141946 141945 141944 141943 141942 141941 141940 141939 141938 141937 141936 141935 141934 141933 141932 141931 141930 141929 141928 141927 141926 141925 141924 141923 141922 141921 141920 141919 141918 141917 141916 141915 141914 141913 141912 141911 141910 141909 141908 141907 141906 141905 141904 141903 141902 141901 141900 141899 141898 141897 141896 141895 141894 141893 141892 141891 141890 141889 141888 141887 141886 141885 141884 141883 141882 141881 141880 141879 141878 141877 141876 141875 141874 141873 141872 141871 141870 141869 141868 141867 141866 141865 141864 141863 141862 141861 141860 141859 141858 141857 141856 141855 141854 141853 141852 141851 141850 141849 141848 141847 141846 141845 141844 141843 141842 141841 141840 141839 141838 141837 141836 141835 141834 141833 141832 141831 141830 141829 141828 141827 141826 141825 141824 141823 141822 141821 141820 141819 141818 141817 141816 141815 141814 141813 141812 141811 141810 141809 141808 141807 141806 141805 141804 141803 141802 141801 141800 141799 141798 141797 141796 141795 141794 141793 141792 141791 141790 141789 141788 141787 141786 141785 141784 141783 141782 141781 141780 141779 141778 141777 141776 141775 141774 141773 141772 141771 141770 141769 141768 141767 141766 141765 141764 141763 141762 141761 141760 141759 141758 141757 141756 141755 141754 141753 141752 141751 141750 141749 141748 141747 141746 141745 141744 141743 141742 141741 141740 141739 141738 141737 141736 141735 141734 141733 141732 141731 141730 141729 141728 141727 141726 141725 141724 141723 141722 141721 141720 141719 141718 141717 141716 141715 141714 141713 141712 141711 141710 141709 141708 141707 141706 141705 141704 141703 141702 141701 141700 141699 141698 141697 141696 141695 141694 141693 141692 141691 141690 141689 141688 141687 141686 141685 141684 141683 141682 141681 141680 141679 141678 141677 141676 141675 141674 141673 141672 141671 141670 141669 141668 141667 141666 141665 141664 141663 141662 141661 141660 141659 141658 141657 141656 141655 141654 141653 141652 141651 141650 141649 141648 141647 141646 141645 141644 141643 141642 141641 141640 141639 141638 141637 141636 141635 141634 141633 141632 141631 141630 141629 141628 141627 141626 141625 141624 141623 141622 141621 141620 141619 141618 141617 141616 141615 141614 141613 141612 141611 141610 141609 141608 141607 141606 141605 141604 141603 141602 141601 141600 141599 141598 141597 141596 141595 141594 141593 141592 141591 141590 141589 141588 141587 141586 141585 141584 141583 141582 141581 141580 141579 141578 141577 141576 141575 141574 141573 141572 141571 141570 141569 141568 141567 141566 141565 141564 141563 141562 141561 141560 141559 141558 141557 141556 141555 141554 141553 141552 141551 141550 141549 141548 141547 141546 141545 141544 141543 141542 141541 141540 141539 141538 141537 141536 141535 141534 141533 141532 141531 141530 141529 141528 141527 141526 141525 141524 141523 141522 141521 141520 141519 141518 141517 141516 141515 141514 141513 141512 141511 141510 141509 141508 141507 141506 141505 141504 141503 141502 141501 141500 141499 141498 141497 141496 141495 141494 141493 141492 141491 141490 141489 141488 141487 141486 141485 141484 141483 141482 141481 141480 141479 141478 141477 141476 141475 141474 141473 141472 141471 141470 141469 141468 141467 141466 141465 141464 141463 141462 141461 141460 141459 141458 141457 141456 141455 141454 141453 141452 141451 141450 141449 141448 141447 141446 141445 141444 141443 141442 141441 141440 141439 141438 141437 141436 141435 141434 141433 141432 141431 141430 141429 141428 141427 141426 141425 141424 141423 141422 141421 141420 141419 141418 141417 141416 141415 141414 141413 141412 141411 141410 141409 141408 141407 141406 141405 141404 141403 141402 141401 141400 141399 141398 141397 141396 141395 141394 141393 141392 141391 141390 141389 141388 141387 141386 141385 141384 141383 141382 141381 141380 141379 141378 141377 141376 141375 141374 141373 141372 141371 141370 141369 141368 141367 141366 141365 141364 141363 141362 141361 141360 141359 141358 141357 141356 141355 141354 141353 141352 141351 141350 141349 141348 141347 141346 141345 141344 141343 141342 141341 141340 141339 141338 141337 141336 141335 141334 141333 141332 141331 141330 141329 141328 141327 141326 141325 141324 141323 141322 141321 141320 141319 141318 141317 141316 141315 141314 141313 141312 141311 141310 141309 141308 141307 141306 141305 141304 141303 141302 141301 141300 141299 141298 141297 141296 141295 141294 141293 141292 141291 141290 141289 141288 141287 141286 141285 141284 141283 141282 141281 141280 141279 141278 141277 141276 141275 141274 141273 141272 141271 141270 141269 141268 141267 141266 141265 141264 141263 141262 141261 141260 141259 141258 141257 141256 141255 141254 141253 141252 141251 141250 141249 141248 141247 141246 141245 141244 141243 141242 141241 141240 141239 141238 141237 141236 141235 141234 141233 141232 141231 141230 141229 141228 141227 141226 141225 141224 141223 141222 141221 141220 141219 141218 141217 141216 141215 141214 141213 141212 141211 141210 141209 141208 141207 141206 141205 141204 141203 141202 141201 141200 141199 141198 141197 141196 141195 141194 141193 141192 141191 141190 141189 141188 141187 141186 141185 141184 141183 141182 141181 141180 141179 141178 141177 141176 141175 141174 141173 141172 141171 141170 141169 141168 141167 141166 141165 141164 141163 141162 141161 141160 141159 141158 141157 141156 141155 141154 141153 141152 141151 141150 141149 141148 141147 141146 141145 141144 141143 141142 141141 141140 141139 141138 141137 141136 141135 141134 141133 141132 141131 141130 141129 141128 141127 141126 141125 141124 141123 141122 141121 141120 141119 141118 141117 141116 141115 141114 141113 141112 141111 141110 141109 141108 141107 141106 141105 141104 141103 141102 141101 141100 141099 141098 141097 141096 141095 141094 141093 141092 141091 141090 141089 141088 141087 141086 141085 141084 141083 141082 141081 141080 141079 141078 141077 141076 141075 141074 141073 141072 141071 141070 141069 141068 141067 141066 141065 141064 141063 141062 141061 141060 141059 141058 141057 141056 141055 141054 141053 141052 141051 141050 141049 141048 141047 141046 141045 141044 141043 141042 141041 141040 141039 141038 141037 141036 141035 141034 141033 141032 141031 141030 141029 141028 141027 141026 141025 141024 141023 141022 141021 141020 141019 141018 141017 141016 141015 141014 141013 141012 141011 141010 141009 141008 141007 141006 141005 141004 141003 141002 141001 141000 140999 140998 140997 140996 140995 140994 140993 140992 140991 140990 140989 140988 140987 140986 140985 140984 140983 140982 140981 140980 140979 140978 140977 140976 140975 140974 140973 140972 140971 140970 140969 140968 140967 140966 140965 140964 140963 140962 140961 140960 140959 140958 140957 140956 140955 140954 140953 140952 140951 140950 140949 140948 140947 140946 140945 140944 140943 140942 140941 140940 140939 140938 140937 140936 140935 140934 140933 140932 140931 140930 140929 140928 140927 140926 140925 140924 140923 140922 140921 140920 140919 140918 140917 140916 140915 140914 140913 140912 140911 140910 140909 140908 140907 140906 140905 140904 140903 140902 140901 140900 140899 140898 140897 140896 140895 140894 140893 140892 140891 140890 140889 140888 140887 140886 140885 140884 140883 140882 140881 140880 140879 140878 140877 140876 140875 140874 140873 140872 140871 140870 140869 140868 140867 140866 140865 140864 140863 140862 140861 140860 140859 140858 140857 140856 140855 140854 140853 140852 140851 140850 140849 140848 140847 140846 140845 140844 140843 140842 140841 140840 140839 140838 140837 140836 140835 140834 140833 140832 140831 140830 140829 140828 140827 140826 140825 140824 140823 140822 140821 140820 140819 140818 140817 140816 140815 140814 140813 140812 140811 140810 140809 140808 140807 140806 140805 140804 140803 140802 140801 140800 140799 140798 140797 140796 140795 140794 140793 140792 140791 140790 140789 140788 140787 140786 140785 140784 140783 140782 140781 140780 140779 140778 140777 140776 140775 140774 140773 140772 140771 140770 140769 140768 140767 140766 140765 140764 140763 140762 140761 140760 140759 140758 140757 140756 140755 140754 140753 140752 140751 140750 140749 140748 140747 140746 140745 140744 140743 140742 140741 140740 140739 140738 140737 140736 140735 140734 140733 140732 140731 140730 140729 140728 140727 140726 140725 140724 140723 140722 140721 140720 140719 140718 140717 140716 140715 140714 140713 140712 140711 140710 140709 140708 140707 140706 140705 140704 140703 140702 140701 140700 140699 140698 140697 140696 140695 140694 140693 140692 140691 140690 140689 140688 140687 140686 140685 140684 140683 140682 140681 140680 140679 140678 140677 140676 140675 140674 140673 140672 140671 140670 140669 140668 140667 140666 140665 140664 140663 140662 140661 140660 140659 140658 140657 140656 140655 140654 140653 140652 140651 140650 140649 140648 140647 140646 140645 140644 140643 140642 140641 140640 140639 140638 140637 140636 140635 140634 140633 140632 140631 140630 140629 140628 140627 140626 140625 140624 140623 140622 140621 140620 140619 140618 140617 140616 140615 140614 140613 140612 140611 140610 140609 140608 140607 140606 140605 140604 140603 140602 140601 140600 140599 140598 140597 140596 140595 140594 140593 140592 140591 140590 140589 140588 140587 140586 140585 140584 140583 140582 140581 140580 140579 140578 140577 140576 140575 140574 140573 140572 140571 140570 140569 140568 140567 140566 140565 140564 140563 140562 140561 140560 140559 140558 140557 140556 140555 140554 140553 140552 140551 140550 140549 140548 140547 140546 140545 140544 140543 140542 140541 140540 140539 140538 140537 140536 140535 140534 140533 140532 140531 140530 140529 140528 140527 140526 140525 140524 140523 140522 140521 140520 140519 140518 140517 140516 140515 140514 140513 140512 140511 140510 140509 140508 140507 140506 140505 140504 140503 140502 140501 140500 140499 140498 140497 140496 140495 140494 140493 140492 140491 140490 140489 140488 140487 140486 140485 140484 140483 140482 140481 140480 140479 140478 140477 140476 140475 140474 140473 140472 140471 140470 140469 140468 140467 140466 140465 140464 140463 140462 140461 140460 140459 140458 140457 140456 140455 140454 140453 140452 140451 140450 140449 140448 140447 140446 140445 140444 140443 140442 140441 140440 140439 140438 140437 140436 140435 140434 140433 140432 140431 140430 140429 140428 140427 140426 140425 140424 140423 140422 140421 140420 140419 140418 140417 140416 140415 140414 140413 140412 140411 140410 140409 140408 140407 140406 140405 140404 140403 140402 140401 140400 140399 140398 140397 140396 140395 140394 140393 140392 140391 140390 140389 140388 140387 140386 140385 140384 140383 140382 140381 140380 140379 140378 140377 140376 140375 140374 140373 140372 140371 140370 140369 140368 140367 140366 140365 140364 140363 140362 140361 140360 140359 140358 140357 140356 140355 140354 140353 140352 140351 140350 140349 140348 140347 140346 140345 140344 140343 140342 140341 140340 140339 140338 140337 140336 140335 140334 140333 140332 140331 140330 140329 140328 140327 140326 140325 140324 140323 140322 140321 140320 140319 140318 140317 140316 140315 140314 140313 140312 140311 140310 140309 140308 140307 140306 140305 140304 140303 140302 140301 140300 140299 140298 140297 140296 140295 140294 140293 140292 140291 140290 140289 140288 140287 140286 140285 140284 140283 140282 140281 140280 140279 140278 140277 140276 140275 140274 140273 140272 140271 140270 140269 140268 140267 140266 140265 140264 140263 140262 140261 140260 140259 140258 140257 140256 140255 140254 140253 140252 140251 140250 140249 140248 140247 140246 140245 140244 140243 140242 140241 140240 140239 140238 140237 140236 140235 140234 140233 140232 140231 140230 140229 140228 140227 140226 140225 140224 140223 140222 140221 140220 140219 140218 140217 140216 140215 140214 140213 140212 140211 140210 140209 140208 140207 140206 140205 140204 140203 140202 140201 140200 140199 140198 140197 140196 140195 140194 140193 140192 140191 140190 140189 140188 140187 140186 140185 140184 140183 140182 140181 140180 140179 140178 140177 140176 140175 140174 140173 140172 140171 140170 140169 140168 140167 140166 140165 140164 140163 140162 140161 140160 140159 140158 140157 140156 140155 140154 140153 140152 140151 140150 140149 140148 140147 140146 140145 140144 140143 140142 140141 140140 140139 140138 140137 140136 140135 140134 140133 140132 140131 140130 140129 140128 140127 140126 140125 140124 140123 140122 140121 140120 140119 140118 140117 140116 140115 140114 140113 140112 140111 140110 140109 140108 140107 140106 140105 140104 140103 140102 140101 140100 140099 140098 140097 140096 140095 140094 140093 140092 140091 140090 140089 140088 140087 140086 140085 140084 140083 140082 140081 140080 140079 140078 140077 140076 140075 140074 140073 140072 140071 140070 140069 140068 140067 140066 140065 140064 140063 140062 140061 140060 140059 140058 140057 140056 140055 140054 140053 140052 140051 140050 140049 140048 140047 140046 140045 140044 140043 140042 140041 140040 140039 140038 140037 140036 140035 140034 140033 140032 140031 140030 140029 140028 140027 140026 140025 140024 140023 140022 140021 140020 140019 140018 140017 140016 140015 140014 140013 140012 140011 140010 140009 140008 140007 140006 140005 140004 140003 140002 140001 140000 139999 139998 139997 139996 139995 139994 139993 139992 139991 139990 139989 139988 139987 139986 139985 139984 139983 139982 139981 139980 139979 139978 139977 139976 139975 139974 139973 139972 139971 139970 139969 139968 139967 139966 139965 139964 139963 139962 139961 139960 139959 139958 139957 139956 139955 139954 139953 139952 139951 139950 139949 139948 139947 139946 139945 139944 139943 139942 139941 139940 139939 139938 139937 139936 139935 139934 139933 139932 139931 139930 139929 139928 139927 139926 139925 139924 139923 139922 139921 139920 139919 139918 139917 139916 139915 139914 139913 139912 139911 139910 139909 139908 139907 139906 139905 139904 139903 139902 139901 139900 139899 139898 139897 139896 139895 139894 139893 139892 139891 139890 139889 139888 139887 139886 139885 139884 139883 139882 139881 139880 139879 139878 139877 139876 139875 139874 139873 139872 139871 139870 139869 139868 139867 139866 139865 139864 139863 139862 139861 139860 139859 139858 139857 139856 139855 139854 139853 139852 139851 139850 139849 139848 139847 139846 139845 139844 139843 139842 139841 139840 139839 139838 139837 139836 139835 139834 139833 139832 139831 139830 139829 139828 139827 139826 139825 139824 139823 139822 139821 139820 139819 139818 139817 139816 139815 139814 139813 139812 139811 139810 139809 139808 139807 139806 139805 139804 139803 139802 139801 139800 139799 139798 139797 139796 139795 139794 139793 139792 139791 139790 139789 139788 139787 139786 139785 139784 139783 139782 139781 139780 139779 139778 139777 139776 139775 139774 139773 139772 139771 139770 139769 139768 139767 139766 139765 139764 139763 139762 139761 139760 139759 139758 139757 139756 139755 139754 139753 139752 139751 139750 139749 139748 139747 139746 139745 139744 139743 139742 139741 139740 139739 139738 139737 139736 139735 139734 139733 139732 139731 139730 139729 139728 139727 139726 139725 139724 139723 139722 139721 139720 139719 139718 139717 139716 139715 139714 139713 139712 139711 139710 139709 139708 139707 139706 139705 139704 139703 139702 139701 139700 139699 139698 139697 139696 139695 139694 139693 139692 139691 139690 139689 139688 139687 139686 139685 139684 139683 139682 139681 139680 139679 139678 139677 139676 139675 139674 139673 139672 139671 139670 139669 139668 139667 139666 139665 139664 139663 139662 139661 139660 139659 139658 139657 139656 139655 139654 139653 139652 139651 139650 139649 139648 139647 139646 139645 139644 139643 139642 139641 139640 139639 139638 139637 139636 139635 139634 139633 139632 139631 139630 139629 139628 139627 139626 139625 139624 139623 139622 139621 139620 139619 139618 139617 139616 139615 139614 139613 139612 139611 139610 139609 139608 139607 139606 139605 139604 139603 139602 139601 139600 139599 139598 139597 139596 139595 139594 139593 139592 139591 139590 139589 139588 139587 139586 139585 139584 139583 139582 139581 139580 139579 139578 139577 139576 139575 139574 139573 139572 139571 139570 139569 139568 139567 139566 139565 139564 139563 139562 139561 139560 139559 139558 139557 139556 139555 139554 139553 139552 139551 139550 139549 139548 139547 139546 139545 139544 139543 139542 139541 139540 139539 139538 139537 139536 139535 139534 139533 139532 139531 139530 139529 139528 139527 139526 139525 139524 139523 139522 139521 139520 139519 139518 139517 139516 139515 139514 139513 139512 139511 139510 139509 139508 139507 139506 139505 139504 139503 139502 139501 139500 139499 139498 139497 139496 139495 139494 139493 139492 139491 139490 139489 139488 139487 139486 139485 139484 139483 139482 139481 139480 139479 139478 139477 139476 139475 139474 139473 139472 139471 139470 139469 139468 139467 139466 139465 139464 139463 139462 139461 139460 139459 139458 139457 139456 139455 139454 139453 139452 139451 139450 139449 139448 139447 139446 139445 139444 139443 139442 139441 139440 139439 139438 139437 139436 139435 139434 139433 139432 139431 139430 139429 139428 139427 139426 139425 139424 139423 139422 139421 139420 139419 139418 139417 139416 139415 139414 139413 139412 139411 139410 139409 139408 139407 139406 139405 139404 139403 139402 139401 139400 139399 139398 139397 139396 139395 139394 139393 139392 139391 139390 139389 139388 139387 139386 139385 139384 139383 139382 139381 139380 139379 139378 139377 139376 139375 139374 139373 139372 139371 139370 139369 139368 139367 139366 139365 139364 139363 139362 139361 139360 139359 139358 139357 139356 139355 139354 139353 139352 139351 139350 139349 139348 139347 139346 139345 139344 139343 139342 139341 139340 139339 139338 139337 139336 139335 139334 139333 139332 139331 139330 139329 139328 139327 139326 139325 139324 139323 139322 139321 139320 139319 139318 139317 139316 139315 139314 139313 139312 139311 139310 139309 139308 139307 139306 139305 139304 139303 139302 139301 139300 139299 139298 139297 139296 139295 139294 139293 139292 139291 139290 139289 139288 139287 139286 139285 139284 139283 139282 139281 139280 139279 139278 139277 139276 139275 139274 139273 139272 139271 139270 139269 139268 139267 139266 139265 139264 139263 139262 139261 139260 139259 139258 139257 139256 139255 139254 139253 139252 139251 139250 139249 139248 139247 139246 139245 139244 139243 139242 139241 139240 139239 139238 139237 139236 139235 139234 139233 139232 139231 139230 139229 139228 139227 139226 139225 139224 139223 139222 139221 139220 139219 139218 139217 139216 139215 139214 139213 139212 139211 139210 139209 139208 139207 139206 139205 139204 139203 139202 139201 139200 139199 139198 139197 139196 139195 139194 139193 139192 139191 139190 139189 139188 139187 139186 139185 139184 139183 139182 139181 139180 139179 139178 139177 139176 139175 139174 139173 139172 139171 139170 139169 139168 139167 139166 139165 139164 139163 139162 139161 139160 139159 139158 139157 139156 139155 139154 139153 139152 139151 139150 139149 139148 139147 139146 139145 139144 139143 139142 139141 139140 139139 139138 139137 139136 139135 139134 139133 139132 139131 139130 139129 139128 139127 139126 139125 139124 139123 139122 139121 139120 139119 139118 139117 139116 139115 139114 139113 139112 139111 139110 139109 139108 139107 139106 139105 139104 139103 139102 139101 139100 139099 139098 139097 139096 139095 139094 139093 139092 139091 139090 139089 139088 139087 139086 139085 139084 139083 139082 139081 139080 139079 139078 139077 139076 139075 139074 139073 139072 139071 139070 139069 139068 139067 139066 139065 139064 139063 139062 139061 139060 139059 139058 139057 139056 139055 139054 139053 139052 139051 139050 139049 139048 139047 139046 139045 139044 139043 139042 139041 139040 139039 139038 139037 139036 139035 139034 139033 139032 139031 139030 139029 139028 139027 139026 139025 139024 139023 139022 139021 139020 139019 139018 139017 139016 139015 139014 139013 139012 139011 139010 139009 139008 139007 139006 139005 139004 139003 139002 139001 139000 138999 138998 138997 138996 138995 138994 138993 138992 138991 138990 138989 138988 138987 138986 138985 138984 138983 138982 138981 138980 138979 138978 138977 138976 138975 138974 138973 138972 138971 138970 138969 138968 138967 138966 138965 138964 138963 138962 138961 138960 138959 138958 138957 138956 138955 138954 138953 138952 138951 138950 138949 138948 138947 138946 138945 138944 138943 138942 138941 138940 138939 138938 138937 138936 138935 138934 138933 138932 138931 138930 138929 138928 138927 138926 138925 138924 138923 138922 138921 138920 138919 138918 138917 138916 138915 138914 138913 138912 138911 138910 138909 138908 138907 138906 138905 138904 138903 138902 138901 138900 138899 138898 138897 138896 138895 138894 138893 138892 138891 138890 138889 138888 138887 138886 138885 138884 138883 138882 138881 138880 138879 138878 138877 138876 138875 138874 138873 138872 138871 138870 138869 138868 138867 138866 138865 138864 138863 138862 138861 138860 138859 138858 138857 138856 138855 138854 138853 138852 138851 138850 138849 138848 138847 138846 138845 138844 138843 138842 138841 138840 138839 138838 138837 138836 138835 138834 138833 138832 138831 138830 138829 138828 138827 138826 138825 138824 138823 138822 138821 138820 138819 138818 138817 138816 138815 138814 138813 138812 138811 138810 138809 138808 138807 138806 138805 138804 138803 138802 138801 138800 138799 138798 138797 138796 138795 138794 138793 138792 138791 138790 138789 138788 138787 138786 138785 138784 138783 138782 138781 138780 138779 138778 138777 138776 138775 138774 138773 138772 138771 138770 138769 138768 138767 138766 138765 138764 138763 138762 138761 138760 138759 138758 138757 138756 138755 138754 138753 138752 138751 138750 138749 138748 138747 138746 138745 138744 138743 138742 138741 138740 138739 138738 138737 138736 138735 138734 138733 138732 138731 138730 138729 138728 138727 138726 138725 138724 138723 138722 138721 138720 138719 138718 138717 138716 138715 138714 138713 138712 138711 138710 138709 138708 138707 138706 138705 138704 138703 138702 138701 138700 138699 138698 138697 138696 138695 138694 138693 138692 138691 138690 138689 138688 138687 138686 138685 138684 138683 138682 138681 138680 138679 138678 138677 138676 138675 138674 138673 138672 138671 138670 138669 138668 138667 138666 138665 138664 138663 138662 138661 138660 138659 138658 138657 138656 138655 138654 138653 138652 138651 138650 138649 138648 138647 138646 138645 138644 138643 138642 138641 138640 138639 138638 138637 138636 138635 138634 138633 138632 138631 138630 138629 138628 138627 138626 138625 138624 138623 138622 138621 138620 138619 138618 138617 138616 138615 138614 138613 138612 138611 138610 138609 138608 138607 138606 138605 138604 138603 138602 138601 138600 138599 138598 138597 138596 138595 138594 138593 138592 138591 138590 138589 138588 138587 138586 138585 138584 138583 138582 138581 138580 138579 138578 138577 138576 138575 138574 138573 138572 138571 138570 138569 138568 138567 138566 138565 138564 138563 138562 138561 138560 138559 138558 138557 138556 138555 138554 138553 138552 138551 138550 138549 138548 138547 138546 138545 138544 138543 138542 138541 138540 138539 138538 138537 138536 138535 138534 138533 138532 138531 138530 138529 138528 138527 138526 138525 138524 138523 138522 138521 138520 138519 138518 138517 138516 138515 138514 138513 138512 138511 138510 138509 138508 138507 138506 138505 138504 138503 138502 138501 138500 138499 138498 138497 138496 138495 138494 138493 138492 138491 138490 138489 138488 138487 138486 138485 138484 138483 138482 138481 138480 138479 138478 138477 138476 138475 138474 138473 138472 138471 138470 138469 138468 138467 138466 138465 138464 138463 138462 138461 138460 138459 138458 138457 138456 138455 138454 138453 138452 138451 138450 138449 138448 138447 138446 138445 138444 138443 138442 138441 138440 138439 138438 138437 138436 138435 138434 138433 138432 138431 138430 138429 138428 138427 138426 138425 138424 138423 138422 138421 138420 138419 138418 138417 138416 138415 138414 138413 138412 138411 138410 138409 138408 138407 138406 138405 138404 138403 138402 138401 138400 138399 138398 138397 138396 138395 138394 138393 138392 138391 138390 138389 138388 138387 138386 138385 138384 138383 138382 138381 138380 138379 138378 138377 138376 138375 138374 138373 138372 138371 138370 138369 138368 138367 138366 138365 138364 138363 138362 138361 138360 138359 138358 138357 138356 138355 138354 138353 138352 138351 138350 138349 138348 138347 138346 138345 138344 138343 138342 138341 138340 138339 138338 138337 138336 138335 138334 138333 138332 138331 138330 138329 138328 138327 138326 138325 138324 138323 138322 138321 138320 138319 138318 138317 138316 138315 138314 138313 138312 138311 138310 138309 138308 138307 138306 138305 138304 138303 138302 138301 138300 138299 138298 138297 138296 138295 138294 138293 138292 138291 138290 138289 138288 138287 138286 138285 138284 138283 138282 138281 138280 138279 138278 138277 138276 138275 138274 138273 138272 138271 138270 138269 138268 138267 138266 138265 138264 138263 138262 138261 138260 138259 138258 138257 138256 138255 138254 138253 138252 138251 138250 138249 138248 138247 138246 138245 138244 138243 138242 138241 138240 138239 138238 138237 138236 138235 138234 138233 138232 138231 138230 138229 138228 138227 138226 138225 138224 138223 138222 138221 138220 138219 138218 138217 138216 138215 138214 138213 138212 138211 138210 138209 138208 138207 138206 138205 138204 138203 138202 138201 138200 138199 138198 138197 138196 138195 138194 138193 138192 138191 138190 138189 138188 138187 138186 138185 138184 138183 138182 138181 138180 138179 138178 138177 138176 138175 138174 138173 138172 138171 138170 138169 138168 138167 138166 138165 138164 138163 138162 138161 138160 138159 138158 138157 138156 138155 138154 138153 138152 138151 138150 138149 138148 138147 138146 138145 138144 138143 138142 138141 138140 138139 138138 138137 138136 138135 138134 138133 138132 138131 138130 138129 138128 138127 138126 138125 138124 138123 138122 138121 138120 138119 138118 138117 138116 138115 138114 138113 138112 138111 138110 138109 138108 138107 138106 138105 138104 138103 138102 138101 138100 138099 138098 138097 138096 138095 138094 138093 138092 138091 138090 138089 138088 138087 138086 138085 138084 138083 138082 138081 138080 138079 138078 138077 138076 138075 138074 138073 138072 138071 138070 138069 138068 138067 138066 138065 138064 138063 138062 138061 138060 138059 138058 138057 138056 138055 138054 138053 138052 138051 138050 138049 138048 138047 138046 138045 138044 138043 138042 138041 138040 138039 138038 138037 138036 138035 138034 138033 138032 138031 138030 138029 138028 138027 138026 138025 138024 138023 138022 138021 138020 138019 138018 138017 138016 138015 138014 138013 138012 138011 138010 138009 138008 138007 138006 138005 138004 138003 138002 138001 138000 137999 137998 137997 137996 137995 137994 137993 137992 137991 137990 137989 137988 137987 137986 137985 137984 137983 137982 137981 137980 137979 137978 137977 137976 137975 137974 137973 137972 137971 137970 137969 137968 137967 137966 137965 137964 137963 137962 137961 137960 137959 137958 137957 137956 137955 137954 137953 137952 137951 137950 137949 137948 137947 137946 137945 137944 137943 137942 137941 137940 137939 137938 137937 137936 137935 137934 137933 137932 137931 137930 137929 137928 137927 137926 137925 137924 137923 137922 137921 137920 137919 137918 137917 137916 137915 137914 137913 137912 137911 137910 137909 137908 137907 137906 137905 137904 137903 137902 137901 137900 137899 137898 137897 137896 137895 137894 137893 137892 137891 137890 137889 137888 137887 137886 137885 137884 137883 137882 137881 137880 137879 137878 137877 137876 137875 137874 137873 137872 137871 137870 137869 137868 137867 137866 137865 137864 137863 137862 137861 137860 137859 137858 137857 137856 137855 137854 137853 137852 137851 137850 137849 137848 137847 137846 137845 137844 137843 137842 137841 137840 137839 137838 137837 137836 137835 137834 137833 137832 137831 137830 137829 137828 137827 137826 137825 137824 137823 137822 137821 137820 137819 137818 137817 137816 137815 137814 137813 137812 137811 137810 137809 137808 137807 137806 137805 137804 137803 137802 137801 137800 137799 137798 137797 137796 137795 137794 137793 137792 137791 137790 137789 137788 137787 137786 137785 137784 137783 137782 137781 137780 137779 137778 137777 137776 137775 137774 137773 137772 137771 137770 137769 137768 137767 137766 137765 137764 137763 137762 137761 137760 137759 137758 137757 137756 137755 137754 137753 137752 137751 137750 137749 137748 137747 137746 137745 137744 137743 137742 137741 137740 137739 137738 137737 137736 137735 137734 137733 137732 137731 137730 137729 137728 137727 137726 137725 137724 137723 137722 137721 137720 137719 137718 137717 137716 137715 137714 137713 137712 137711 137710 137709 137708 137707 137706 137705 137704 137703 137702 137701 137700 137699 137698 137697 137696 137695 137694 137693 137692 137691 137690 137689 137688 137687 137686 137685 137684 137683 137682 137681 137680 137679 137678 137677 137676 137675 137674 137673 137672 137671 137670 137669 137668 137667 137666 137665 137664 137663 137662 137661 137660 137659 137658 137657 137656 137655 137654 137653 137652 137651 137650 137649 137648 137647 137646 137645 137644 137643 137642 137641 137640 137639 137638 137637 137636 137635 137634 137633 137632 137631 137630 137629 137628 137627 137626 137625 137624 137623 137622 137621 137620 137619 137618 137617 137616 137615 137614 137613 137612 137611 137610 137609 137608 137607 137606 137605 137604 137603 137602 137601 137600 137599 137598 137597 137596 137595 137594 137593 137592 137591 137590 137589 137588 137587 137586 137585 137584 137583 137582 137581 137580 137579 137578 137577 137576 137575 137574 137573 137572 137571 137570 137569 137568 137567 137566 137565 137564 137563 137562 137561 137560 137559 137558 137557 137556 137555 137554 137553 137552 137551 137550 137549 137548 137547 137546 137545 137544 137543 137542 137541 137540 137539 137538 137537 137536 137535 137534 137533 137532 137531 137530 137529 137528 137527 137526 137525 137524 137523 137522 137521 137520 137519 137518 137517 137516 137515 137514 137513 137512 137511 137510 137509 137508 137507 137506 137505 137504 137503 137502 137501 137500 137499 137498 137497 137496 137495 137494 137493 137492 137491 137490 137489 137488 137487 137486 137485 137484 137483 137482 137481 137480 137479 137478 137477 137476 137475 137474 137473 137472 137471 137470 137469 137468 137467 137466 137465 137464 137463 137462 137461 137460 137459 137458 137457 137456 137455 137454 137453 137452 137451 137450 137449 137448 137447 137446 137445 137444 137443 137442 137441 137440 137439 137438 137437 137436 137435 137434 137433 137432 137431 137430 137429 137428 137427 137426 137425 137424 137423 137422 137421 137420 137419 137418 137417 137416 137415 137414 137413 137412 137411 137410 137409 137408 137407 137406 137405 137404 137403 137402 137401 137400 137399 137398 137397 137396 137395 137394 137393 137392 137391 137390 137389 137388 137387 137386 137385 137384 137383 137382 137381 137380 137379 137378 137377 137376 137375 137374 137373 137372 137371 137370 137369 137368 137367 137366 137365 137364 137363 137362 137361 137360 137359 137358 137357 137356 137355 137354 137353 137352 137351 137350 137349 137348 137347 137346 137345 137344 137343 137342 137341 137340 137339 137338 137337 137336 137335 137334 137333 137332 137331 137330 137329 137328 137327 137326 137325 137324 137323 137322 137321 137320 137319 137318 137317 137316 137315 137314 137313 137312 137311 137310 137309 137308 137307 137306 137305 137304 137303 137302 137301 137300 137299 137298 137297 137296 137295 137294 137293 137292 137291 137290 137289 137288 137287 137286 137285 137284 137283 137282 137281 137280 137279 137278 137277 137276 137275 137274 137273 137272 137271 137270 137269 137268 137267 137266 137265 137264 137263 137262 137261 137260 137259 137258 137257 137256 137255 137254 137253 137252 137251 137250 137249 137248 137247 137246 137245 137244 137243 137242 137241 137240 137239 137238 137237 137236 137235 137234 137233 137232 137231 137230 137229 137228 137227 137226 137225 137224 137223 137222 137221 137220 137219 137218 137217 137216 137215 137214 137213 137212 137211 137210 137209 137208 137207 137206 137205 137204 137203 137202 137201 137200 137199 137198 137197 137196 137195 137194 137193 137192 137191 137190 137189 137188 137187 137186 137185 137184 137183 137182 137181 137180 137179 137178 137177 137176 137175 137174 137173 137172 137171 137170 137169 137168 137167 137166 137165 137164 137163 137162 137161 137160 137159 137158 137157 137156 137155 137154 137153 137152 137151 137150 137149 137148 137147 137146 137145 137144 137143 137142 137141 137140 137139 137138 137137 137136 137135 137134 137133 137132 137131 137130 137129 137128 137127 137126 137125 137124 137123 137122 137121 137120 137119 137118 137117 137116 137115 137114 137113 137112 137111 137110 137109 137108 137107 137106 137105 137104 137103 137102 137101 137100 137099 137098 137097 137096 137095 137094 137093 137092 137091 137090 137089 137088 137087 137086 137085 137084 137083 137082 137081 137080 137079 137078 137077 137076 137075 137074 137073 137072 137071 137070 137069 137068 137067 137066 137065 137064 137063 137062 137061 137060 137059 137058 137057 137056 137055 137054 137053 137052 137051 137050 137049 137048 137047 137046 137045 137044 137043 137042 137041 137040 137039 137038 137037 137036 137035 137034 137033 137032 137031 137030 137029 137028 137027 137026 137025 137024 137023 137022 137021 137020 137019 137018 137017 137016 137015 137014 137013 137012 137011 137010 137009 137008 137007 137006 137005 137004 137003 137002 137001 137000 136999 136998 136997 136996 136995 136994 136993 136992 136991 136990 136989 136988 136987 136986 136985 136984 136983 136982 136981 136980 136979 136978 136977 136976 136975 136974 136973 136972 136971 136970 136969 136968 136967 136966 136965 136964 136963 136962 136961 136960 136959 136958 136957 136956 136955 136954 136953 136952 136951 136950 136949 136948 136947 136946 136945 136944 136943 136942 136941 136940 136939 136938 136937 136936 136935 136934 136933 136932 136931 136930 136929 136928 136927 136926 136925 136924 136923 136922 136921 136920 136919 136918 136917 136916 136915 136914 136913 136912 136911 136910 136909 136908 136907 136906 136905 136904 136903 136902 136901 136900 136899 136898 136897 136896 136895 136894 136893 136892 136891 136890 136889 136888 136887 136886 136885 136884 136883 136882 136881 136880 136879 136878 136877 136876 136875 136874 136873 136872 136871 136870 136869 136868 136867 136866 136865 136864 136863 136862 136861 136860 136859 136858 136857 136856 136855 136854 136853 136852 136851 136850 136849 136848 136847 136846 136845 136844 136843 136842 136841 136840 136839 136838 136837 136836 136835 136834 136833 136832 136831 136830 136829 136828 136827 136826 136825 136824 136823 136822 136821 136820 136819 136818 136817 136816 136815 136814 136813 136812 136811 136810 136809 136808 136807 136806 136805 136804 136803 136802 136801 136800 136799 136798 136797 136796 136795 136794 136793 136792 136791 136790 136789 136788 136787 136786 136785 136784 136783 136782 136781 136780 136779 136778 136777 136776 136775 136774 136773 136772 136771 136770 136769 136768 136767 136766 136765 136764 136763 136762 136761 136760 136759 136758 136757 136756 136755 136754 136753 136752 136751 136750 136749 136748 136747 136746 136745 136744 136743 136742 136741 136740 136739 136738 136737 136736 136735 136734 136733 136732 136731 136730 136729 136728 136727 136726 136725 136724 136723 136722 136721 136720 136719 136718 136717 136716 136715 136714 136713 136712 136711 136710 136709 136708 136707 136706 136705 136704 136703 136702 136701 136700 136699 136698 136697 136696 136695 136694 136693 136692 136691 136690 136689 136688 136687 136686 136685 136684 136683 136682 136681 136680 136679 136678 136677 136676 136675 136674 136673 136672 136671 136670 136669 136668 136667 136666 136665 136664 136663 136662 136661 136660 136659 136658 136657 136656 136655 136654 136653 136652 136651 136650 136649 136648 136647 136646 136645 136644 136643 136642 136641 136640 136639 136638 136637 136636 136635 136634 136633 136632 136631 136630 136629 136628 136627 136626 136625 136624 136623 136622 136621 136620 136619 136618 136617 136616 136615 136614 136613 136612 136611 136610 136609 136608 136607 136606 136605 136604 136603 136602 136601 136600 136599 136598 136597 136596 136595 136594 136593 136592 136591 136590 136589 136588 136587 136586 136585 136584 136583 136582 136581 136580 136579 136578 136577 136576 136575 136574 136573 136572 136571 136570 136569 136568 136567 136566 136565 136564 136563 136562 136561 136560 136559 136558 136557 136556 136555 136554 136553 136552 136551 136550 136549 136548 136547 136546 136545 136544 136543 136542 136541 136540 136539 136538 136537 136536 136535 136534 136533 136532 136531 136530 136529 136528 136527 136526 136525 136524 136523 136522 136521 136520 136519 136518 136517 136516 136515 136514 136513 136512 136511 136510 136509 136508 136507 136506 136505 136504 136503 136502 136501 136500 136499 136498 136497 136496 136495 136494 136493 136492 136491 136490 136489 136488 136487 136486 136485 136484 136483 136482 136481 136480 136479 136478 136477 136476 136475 136474 136473 136472 136471 136470 136469 136468 136467 136466 136465 136464 136463 136462 136461 136460 136459 136458 136457 136456 136455 136454 136453 136452 136451 136450 136449 136448 136447 136446 136445 136444 136443 136442 136441 136440 136439 136438 136437 136436 136435 136434 136433 136432 136431 136430 136429 136428 136427 136426 136425 136424 136423 136422 136421 136420 136419 136418 136417 136416 136415 136414 136413 136412 136411 136410 136409 136408 136407 136406 136405 136404 136403 136402 136401 136400 136399 136398 136397 136396 136395 136394 136393 136392 136391 136390 136389 136388 136387 136386 136385 136384 136383 136382 136381 136380 136379 136378 136377 136376 136375 136374 136373 136372 136371 136370 136369 136368 136367 136366 136365 136364 136363 136362 136361 136360 136359 136358 136357 136356 136355 136354 136353 136352 136351 136350 136349 136348 136347 136346 136345 136344 136343 136342 136341 136340 136339 136338 136337 136336 136335 136334 136333 136332 136331 136330 136329 136328 136327 136326 136325 136324 136323 136322 136321 136320 136319 136318 136317 136316 136315 136314 136313 136312 136311 136310 136309 136308 136307 136306 136305 136304 136303 136302 136301 136300 136299 136298 136297 136296 136295 136294 136293 136292 136291 136290 136289 136288 136287 136286 136285 136284 136283 136282 136281 136280 136279 136278 136277 136276 136275 136274 136273 136272 136271 136270 136269 136268 136267 136266 136265 136264 136263 136262 136261 136260 136259 136258 136257 136256 136255 136254 136253 136252 136251 136250 136249 136248 136247 136246 136245 136244 136243 136242 136241 136240 136239 136238 136237 136236 136235 136234 136233 136232 136231 136230 136229 136228 136227 136226 136225 136224 136223 136222 136221 136220 136219 136218 136217 136216 136215 136214 136213 136212 136211 136210 136209 136208 136207 136206 136205 136204 136203 136202 136201 136200 136199 136198 136197 136196 136195 136194 136193 136192 136191 136190 136189 136188 136187 136186 136185 136184 136183 136182 136181 136180 136179 136178 136177 136176 136175 136174 136173 136172 136171 136170 136169 136168 136167 136166 136165 136164 136163 136162 136161 136160 136159 136158 136157 136156 136155 136154 136153 136152 136151 136150 136149 136148 136147 136146 136145 136144 136143 136142 136141 136140 136139 136138 136137 136136 136135 136134 136133 136132 136131 136130 136129 136128 136127 136126 136125 136124 136123 136122 136121 136120 136119 136118 136117 136116 136115 136114 136113 136112 136111 136110 136109 136108 136107 136106 136105 136104 136103 136102 136101 136100 136099 136098 136097 136096 136095 136094 136093 136092 136091 136090 136089 136088 136087 136086 136085 136084 136083 136082 136081 136080 136079 136078 136077 136076 136075 136074 136073 136072 136071 136070 136069 136068 136067 136066 136065 136064 136063 136062 136061 136060 136059 136058 136057 136056 136055 136054 136053 136052 136051 136050 136049 136048 136047 136046 136045 136044 136043 136042 136041 136040 136039 136038 136037 136036 136035 136034 136033 136032 136031 136030 136029 136028 136027 136026 136025 136024 136023 136022 136021 136020 136019 136018 136017 136016 136015 136014 136013 136012 136011 136010 136009 136008 136007 136006 136005 136004 136003 136002 136001 136000 135999 135998 135997 135996 135995 135994 135993 135992 135991 135990 135989 135988 135987 135986 135985 135984 135983 135982 135981 135980 135979 135978 135977 135976 135975 135974 135973 135972 135971 135970 135969 135968 135967 135966 135965 135964 135963 135962 135961 135960 135959 135958 135957 135956 135955 135954 135953 135952 135951 135950 135949 135948 135947 135946 135945 135944 135943 135942 135941 135940 135939 135938 135937 135936 135935 135934 135933 135932 135931 135930 135929 135928 135927 135926 135925 135924 135923 135922 135921 135920 135919 135918 135917 135916 135915 135914 135913 135912 135911 135910 135909 135908 135907 135906 135905 135904 135903 135902 135901 135900 135899 135898 135897 135896 135895 135894 135893 135892 135891 135890 135889 135888 135887 135886 135885 135884 135883 135882 135881 135880 135879 135878 135877 135876 135875 135874 135873 135872 135871 135870 135869 135868 135867 135866 135865 135864 135863 135862 135861 135860 135859 135858 135857 135856 135855 135854 135853 135852 135851 135850 135849 135848 135847 135846 135845 135844 135843 135842 135841 135840 135839 135838 135837 135836 135835 135834 135833 135832 135831 135830 135829 135828 135827 135826 135825 135824 135823 135822 135821 135820 135819 135818 135817 135816 135815 135814 135813 135812 135811 135810 135809 135808 135807 135806 135805 135804 135803 135802 135801 135800 135799 135798 135797 135796 135795 135794 135793 135792 135791 135790 135789 135788 135787 135786 135785 135784 135783 135782 135781 135780 135779 135778 135777 135776 135775 135774 135773 135772 135771 135770 135769 135768 135767 135766 135765 135764 135763 135762 135761 135760 135759 135758 135757 135756 135755 135754 135753 135752 135751 135750 135749 135748 135747 135746 135745 135744 135743 135742 135741 135740 135739 135738 135737 135736 135735 135734 135733 135732 135731 135730 135729 135728 135727 135726 135725 135724 135723 135722 135721 135720 135719 135718 135717 135716 135715 135714 135713 135712 135711 135710 135709 135708 135707 135706 135705 135704 135703 135702 135701 135700 135699 135698 135697 135696 135695 135694 135693 135692 135691 135690 135689 135688 135687 135686 135685 135684 135683 135682 135681 135680 135679 135678 135677 135676 135675 135674 135673 135672 135671 135670 135669 135668 135667 135666 135665 135664 135663 135662 135661 135660 135659 135658 135657 135656 135655 135654 135653 135652 135651 135650 135649 135648 135647 135646 135645 135644 135643 135642 135641 135640 135639 135638 135637 135636 135635 135634 135633 135632 135631 135630 135629 135628 135627 135626 135625 135624 135623 135622 135621 135620 135619 135618 135617 135616 135615 135614 135613 135612 135611 135610 135609 135608 135607 135606 135605 135604 135603 135602 135601 135600 135599 135598 135597 135596 135595 135594 135593 135592 135591 135590 135589 135588 135587 135586 135585 135584 135583 135582 135581 135580 135579 135578 135577 135576 135575 135574 135573 135572 135571 135570 135569 135568 135567 135566 135565 135564 135563 135562 135561 135560 135559 135558 135557 135556 135555 135554 135553 135552 135551 135550 135549 135548 135547 135546 135545 135544 135543 135542 135541 135540 135539 135538 135537 135536 135535 135534 135533 135532 135531 135530 135529 135528 135527 135526 135525 135524 135523 135522 135521 135520 135519 135518 135517 135516 135515 135514 135513 135512 135511 135510 135509 135508 135507 135506 135505 135504 135503 135502 135501 135500 135499 135498 135497 135496 135495 135494 135493 135492 135491 135490 135489 135488 135487 135486 135485 135484 135483 135482 135481 135480 135479 135478 135477 135476 135475 135474 135473 135472 135471 135470 135469 135468 135467 135466 135465 135464 135463 135462 135461 135460 135459 135458 135457 135456 135455 135454 135453 135452 135451 135450 135449 135448 135447 135446 135445 135444 135443 135442 135441 135440 135439 135438 135437 135436 135435 135434 135433 135432 135431 135430 135429 135428 135427 135426 135425 135424 135423 135422 135421 135420 135419 135418 135417 135416 135415 135414 135413 135412 135411 135410 135409 135408 135407 135406 135405 135404 135403 135402 135401 135400 135399 135398 135397 135396 135395 135394 135393 135392 135391 135390 135389 135388 135387 135386 135385 135384 135383 135382 135381 135380 135379 135378 135377 135376 135375 135374 135373 135372 135371 135370 135369 135368 135367 135366 135365 135364 135363 135362 135361 135360 135359 135358 135357 135356 135355 135354 135353 135352 135351 135350 135349 135348 135347 135346 135345 135344 135343 135342 135341 135340 135339 135338 135337 135336 135335 135334 135333 135332 135331 135330 135329 135328 135327 135326 135325 135324 135323 135322 135321 135320 135319 135318 135317 135316 135315 135314 135313 135312 135311 135310 135309 135308 135307 135306 135305 135304 135303 135302 135301 135300 135299 135298 135297 135296 135295 135294 135293 135292 135291 135290 135289 135288 135287 135286 135285 135284 135283 135282 135281 135280 135279 135278 135277 135276 135275 135274 135273 135272 135271 135270 135269 135268 135267 135266 135265 135264 135263 135262 135261 135260 135259 135258 135257 135256 135255 135254 135253 135252 135251 135250 135249 135248 135247 135246 135245 135244 135243 135242 135241 135240 135239 135238 135237 135236 135235 135234 135233 135232 135231 135230 135229 135228 135227 135226 135225 135224 135223 135222 135221 135220 135219 135218 135217 135216 135215 135214 135213 135212 135211 135210 135209 135208 135207 135206 135205 135204 135203 135202 135201 135200 135199 135198 135197 135196 135195 135194 135193 135192 135191 135190 135189 135188 135187 135186 135185 135184 135183 135182 135181 135180 135179 135178 135177 135176 135175 135174 135173 135172 135171 135170 135169 135168 135167 135166 135165 135164 135163 135162 135161 135160 135159 135158 135157 135156 135155 135154 135153 135152 135151 135150 135149 135148 135147 135146 135145 135144 135143 135142 135141 135140 135139 135138 135137 135136 135135 135134 135133 135132 135131 135130 135129 135128 135127 135126 135125 135124 135123 135122 135121 135120 135119 135118 135117 135116 135115 135114 135113 135112 135111 135110 135109 135108 135107 135106 135105 135104 135103 135102 135101 135100 135099 135098 135097 135096 135095 135094 135093 135092 135091 135090 135089 135088 135087 135086 135085 135084 135083 135082 135081 135080 135079 135078 135077 135076 135075 135074 135073 135072 135071 135070 135069 135068 135067 135066 135065 135064 135063 135062 135061 135060 135059 135058 135057 135056 135055 135054 135053 135052 135051 135050 135049 135048 135047 135046 135045 135044 135043 135042 135041 135040 135039 135038 135037 135036 135035 135034 135033 135032 135031 135030 135029 135028 135027 135026 135025 135024 135023 135022 135021 135020 135019 135018 135017 135016 135015 135014 135013 135012 135011 135010 135009 135008 135007 135006 135005 135004 135003 135002 135001 135000 134999 134998 134997 134996 134995 134994 134993 134992 134991 134990 134989 134988 134987 134986 134985 134984 134983 134982 134981 134980 134979 134978 134977 134976 134975 134974 134973 134972 134971 134970 134969 134968 134967 134966 134965 134964 134963 134962 134961 134960 134959 134958 134957 134956 134955 134954 134953 134952 134951 134950 134949 134948 134947 134946 134945 134944 134943 134942 134941 134940 134939 134938 134937 134936 134935 134934 134933 134932 134931 134930 134929 134928 134927 134926 134925 134924 134923 134922 134921 134920 134919 134918 134917 134916 134915 134914 134913 134912 134911 134910 134909 134908 134907 134906 134905 134904 134903 134902 134901 134900 134899 134898 134897 134896 134895 134894 134893 134892 134891 134890 134889 134888 134887 134886 134885 134884 134883 134882 134881 134880 134879 134878 134877 134876 134875 134874 134873 134872 134871 134870 134869 134868 134867 134866 134865 134864 134863 134862 134861 134860 134859 134858 134857 134856 134855 134854 134853 134852 134851 134850 134849 134848 134847 134846 134845 134844 134843 134842 134841 134840 134839 134838 134837 134836 134835 134834 134833 134832 134831 134830 134829 134828 134827 134826 134825 134824 134823 134822 134821 134820 134819 134818 134817 134816 134815 134814 134813 134812 134811 134810 134809 134808 134807 134806 134805 134804 134803 134802 134801 134800 134799 134798 134797 134796 134795 134794 134793 134792 134791 134790 134789 134788 134787 134786 134785 134784 134783 134782 134781 134780 134779 134778 134777 134776 134775 134774 134773 134772 134771 134770 134769 134768 134767 134766 134765 134764 134763 134762 134761 134760 134759 134758 134757 134756 134755 134754 134753 134752 134751 134750 134749 134748 134747 134746 134745 134744 134743 134742 134741 134740 134739 134738 134737 134736 134735 134734 134733 134732 134731 134730 134729 134728 134727 134726 134725 134724 134723 134722 134721 134720 134719 134718 134717 134716 134715 134714 134713 134712 134711 134710 134709 134708 134707 134706 134705 134704 134703 134702 134701 134700 134699 134698 134697 134696 134695 134694 134693 134692 134691 134690 134689 134688 134687 134686 134685 134684 134683 134682 134681 134680 134679 134678 134677 134676 134675 134674 134673 134672 134671 134670 134669 134668 134667 134666 134665 134664 134663 134662 134661 134660 134659 134658 134657 134656 134655 134654 134653 134652 134651 134650 134649 134648 134647 134646 134645 134644 134643 134642 134641 134640 134639 134638 134637 134636 134635 134634 134633 134632 134631 134630 134629 134628 134627 134626 134625 134624 134623 134622 134621 134620 134619 134618 134617 134616 134615 134614 134613 134612 134611 134610 134609 134608 134607 134606 134605 134604 134603 134602 134601 134600 134599 134598 134597 134596 134595 134594 134593 134592 134591 134590 134589 134588 134587 134586 134585 134584 134583 134582 134581 134580 134579 134578 134577 134576 134575 134574 134573 134572 134571 134570 134569 134568 134567 134566 134565 134564 134563 134562 134561 134560 134559 134558 134557 134556 134555 134554 134553 134552 134551 134550 134549 134548 134547 134546 134545 134544 134543 134542 134541 134540 134539 134538 134537 134536 134535 134534 134533 134532 134531 134530 134529 134528 134527 134526 134525 134524 134523 134522 134521 134520 134519 134518 134517 134516 134515 134514 134513 134512 134511 134510 134509 134508 134507 134506 134505 134504 134503 134502 134501 134500 134499 134498 134497 134496 134495 134494 134493 134492 134491 134490 134489 134488 134487 134486 134485 134484 134483 134482 134481 134480 134479 134478 134477 134476 134475 134474 134473 134472 134471 134470 134469 134468 134467 134466 134465 134464 134463 134462 134461 134460 134459 134458 134457 134456 134455 134454 134453 134452 134451 134450 134449 134448 134447 134446 134445 134444 134443 134442 134441 134440 134439 134438 134437 134436 134435 134434 134433 134432 134431 134430 134429 134428 134427 134426 134425 134424 134423 134422 134421 134420 134419 134418 134417 134416 134415 134414 134413 134412 134411 134410 134409 134408 134407 134406 134405 134404 134403 134402 134401 134400 134399 134398 134397 134396 134395 134394 134393 134392 134391 134390 134389 134388 134387 134386 134385 134384 134383 134382 134381 134380 134379 134378 134377 134376 134375 134374 134373 134372 134371 134370 134369 134368 134367 134366 134365 134364 134363 134362 134361 134360 134359 134358 134357 134356 134355 134354 134353 134352 134351 134350 134349 134348 134347 134346 134345 134344 134343 134342 134341 134340 134339 134338 134337 134336 134335 134334 134333 134332 134331 134330 134329 134328 134327 134326 134325 134324 134323 134322 134321 134320 134319 134318 134317 134316 134315 134314 134313 134312 134311 134310 134309 134308 134307 134306 134305 134304 134303 134302 134301 134300 134299 134298 134297 134296 134295 134294 134293 134292 134291 134290 134289 134288 134287 134286 134285 134284 134283 134282 134281 134280 134279 134278 134277 134276 134275 134274 134273 134272 134271 134270 134269 134268 134267 134266 134265 134264 134263 134262 134261 134260 134259 134258 134257 134256 134255 134254 134253 134252 134251 134250 134249 134248 134247 134246 134245 134244 134243 134242 134241 134240 134239 134238 134237 134236 134235 134234 134233 134232 134231 134230 134229 134228 134227 134226 134225 134224 134223 134222 134221 134220 134219 134218 134217 134216 134215 134214 134213 134212 134211 134210 134209 134208 134207 134206 134205 134204 134203 134202 134201 134200 134199 134198 134197 134196 134195 134194 134193 134192 134191 134190 134189 134188 134187 134186 134185 134184 134183 134182 134181 134180 134179 134178 134177 134176 134175 134174 134173 134172 134171 134170 134169 134168 134167 134166 134165 134164 134163 134162 134161 134160 134159 134158 134157 134156 134155 134154 134153 134152 134151 134150 134149 134148 134147 134146 134145 134144 134143 134142 134141 134140 134139 134138 134137 134136 134135 134134 134133 134132 134131 134130 134129 134128 134127 134126 134125 134124 134123 134122 134121 134120 134119 134118 134117 134116 134115 134114 134113 134112 134111 134110 134109 134108 134107 134106 134105 134104 134103 134102 134101 134100 134099 134098 134097 134096 134095 134094 134093 134092 134091 134090 134089 134088 134087 134086 134085 134084 134083 134082 134081 134080 134079 134078 134077 134076 134075 134074 134073 134072 134071 134070 134069 134068 134067 134066 134065 134064 134063 134062 134061 134060 134059 134058 134057 134056 134055 134054 134053 134052 134051 134050 134049 134048 134047 134046 134045 134044 134043 134042 134041 134040 134039 134038 134037 134036 134035 134034 134033 134032 134031 134030 134029 134028 134027 134026 134025 134024 134023 134022 134021 134020 134019 134018 134017 134016 134015 134014 134013 134012 134011 134010 134009 134008 134007 134006 134005 134004 134003 134002 134001 134000 133999 133998 133997 133996 133995 133994 133993 133992 133991 133990 133989 133988 133987 133986 133985 133984 133983 133982 133981 133980 133979 133978 133977 133976 133975 133974 133973 133972 133971 133970 133969 133968 133967 133966 133965 133964 133963 133962 133961 133960 133959 133958 133957 133956 133955 133954 133953 133952 133951 133950 133949 133948 133947 133946 133945 133944 133943 133942 133941 133940 133939 133938 133937 133936 133935 133934 133933 133932 133931 133930 133929 133928 133927 133926 133925 133924 133923 133922 133921 133920 133919 133918 133917 133916 133915 133914 133913 133912 133911 133910 133909 133908 133907 133906 133905 133904 133903 133902 133901 133900 133899 133898 133897 133896 133895 133894 133893 133892 133891 133890 133889 133888 133887 133886 133885 133884 133883 133882 133881 133880 133879 133878 133877 133876 133875 133874 133873 133872 133871 133870 133869 133868 133867 133866 133865 133864 133863 133862 133861 133860 133859 133858 133857 133856 133855 133854 133853 133852 133851 133850 133849 133848 133847 133846 133845 133844 133843 133842 133841 133840 133839 133838 133837 133836 133835 133834 133833 133832 133831 133830 133829 133828 133827 133826 133825 133824 133823 133822 133821 133820 133819 133818 133817 133816 133815 133814 133813 133812 133811 133810 133809 133808 133807 133806 133805 133804 133803 133802 133801 133800 133799 133798 133797 133796 133795 133794 133793 133792 133791 133790 133789 133788 133787 133786 133785 133784 133783 133782 133781 133780 133779 133778 133777 133776 133775 133774 133773 133772 133771 133770 133769 133768 133767 133766 133765 133764 133763 133762 133761 133760 133759 133758 133757 133756 133755 133754 133753 133752 133751 133750 133749 133748 133747 133746 133745 133744 133743 133742 133741 133740 133739 133738 133737 133736 133735 133734 133733 133732 133731 133730 133729 133728 133727 133726 133725 133724 133723 133722 133721 133720 133719 133718 133717 133716 133715 133714 133713 133712 133711 133710 133709 133708 133707 133706 133705 133704 133703 133702 133701 133700 133699 133698 133697 133696 133695 133694 133693 133692 133691 133690 133689 133688 133687 133686 133685 133684 133683 133682 133681 133680 133679 133678 133677 133676 133675 133674 133673 133672 133671 133670 133669 133668 133667 133666 133665 133664 133663 133662 133661 133660 133659 133658 133657 133656 133655 133654 133653 133652 133651 133650 133649 133648 133647 133646 133645 133644 133643 133642 133641 133640 133639 133638 133637 133636 133635 133634 133633 133632 133631 133630 133629 133628 133627 133626 133625 133624 133623 133622 133621 133620 133619 133618 133617 133616 133615 133614 133613 133612 133611 133610 133609 133608 133607 133606 133605 133604 133603 133602 133601 133600 133599 133598 133597 133596 133595 133594 133593 133592 133591 133590 133589 133588 133587 133586 133585 133584 133583 133582 133581 133580 133579 133578 133577 133576 133575 133574 133573 133572 133571 133570 133569 133568 133567 133566 133565 133564 133563 133562 133561 133560 133559 133558 133557 133556 133555 133554 133553 133552 133551 133550 133549 133548 133547 133546 133545 133544 133543 133542 133541 133540 133539 133538 133537 133536 133535 133534 133533 133532 133531 133530 133529 133528 133527 133526 133525 133524 133523 133522 133521 133520 133519 133518 133517 133516 133515 133514 133513 133512 133511 133510 133509 133508 133507 133506 133505 133504 133503 133502 133501 133500 133499 133498 133497 133496 133495 133494 133493 133492 133491 133490 133489 133488 133487 133486 133485 133484 133483 133482 133481 133480 133479 133478 133477 133476 133475 133474 133473 133472 133471 133470 133469 133468 133467 133466 133465 133464 133463 133462 133461 133460 133459 133458 133457 133456 133455 133454 133453 133452 133451 133450 133449 133448 133447 133446 133445 133444 133443 133442 133441 133440 133439 133438 133437 133436 133435 133434 133433 133432 133431 133430 133429 133428 133427 133426 133425 133424 133423 133422 133421 133420 133419 133418 133417 133416 133415 133414 133413 133412 133411 133410 133409 133408 133407 133406 133405 133404 133403 133402 133401 133400 133399 133398 133397 133396 133395 133394 133393 133392 133391 133390 133389 133388 133387 133386 133385 133384 133383 133382 133381 133380 133379 133378 133377 133376 133375 133374 133373 133372 133371 133370 133369 133368 133367 133366 133365 133364 133363 133362 133361 133360 133359 133358 133357 133356 133355 133354 133353 133352 133351 133350 133349 133348 133347 133346 133345 133344 133343 133342 133341 133340 133339 133338 133337 133336 133335 133334 133333 133332 133331 133330 133329 133328 133327 133326 133325 133324 133323 133322 133321 133320 133319 133318 133317 133316 133315 133314 133313 133312 133311 133310 133309 133308 133307 133306 133305 133304 133303 133302 133301 133300 133299 133298 133297 133296 133295 133294 133293 133292 133291 133290 133289 133288 133287 133286 133285 133284 133283 133282 133281 133280 133279 133278 133277 133276 133275 133274 133273 133272 133271 133270 133269 133268 133267 133266 133265 133264 133263 133262 133261 133260 133259 133258 133257 133256 133255 133254 133253 133252 133251 133250 133249 133248 133247 133246 133245 133244 133243 133242 133241 133240 133239 133238 133237 133236 133235 133234 133233 133232 133231 133230 133229 133228 133227 133226 133225 133224 133223 133222 133221 133220 133219 133218 133217 133216 133215 133214 133213 133212 133211 133210 133209 133208 133207 133206 133205 133204 133203 133202 133201 133200 133199 133198 133197 133196 133195 133194 133193 133192 133191 133190 133189 133188 133187 133186 133185 133184 133183 133182 133181 133180 133179 133178 133177 133176 133175 133174 133173 133172 133171 133170 133169 133168 133167 133166 133165 133164 133163 133162 133161 133160 133159 133158 133157 133156 133155 133154 133153 133152 133151 133150 133149 133148 133147 133146 133145 133144 133143 133142 133141 133140 133139 133138 133137 133136 133135 133134 133133 133132 133131 133130 133129 133128 133127 133126 133125 133124 133123 133122 133121 133120 133119 133118 133117 133116 133115 133114 133113 133112 133111 133110 133109 133108 133107 133106 133105 133104 133103 133102 133101 133100 133099 133098 133097 133096 133095 133094 133093 133092 133091 133090 133089 133088 133087 133086 133085 133084 133083 133082 133081 133080 133079 133078 133077 133076 133075 133074 133073 133072 133071 133070 133069 133068 133067 133066 133065 133064 133063 133062 133061 133060 133059 133058 133057 133056 133055 133054 133053 133052 133051 133050 133049 133048 133047 133046 133045 133044 133043 133042 133041 133040 133039 133038 133037 133036 133035 133034 133033 133032 133031 133030 133029 133028 133027 133026 133025 133024 133023 133022 133021 133020 133019 133018 133017 133016 133015 133014 133013 133012 133011 133010 133009 133008 133007 133006 133005 133004 133003 133002 133001 133000 132999 132998 132997 132996 132995 132994 132993 132992 132991 132990 132989 132988 132987 132986 132985 132984 132983 132982 132981 132980 132979 132978 132977 132976 132975 132974 132973 132972 132971 132970 132969 132968 132967 132966 132965 132964 132963 132962 132961 132960 132959 132958 132957 132956 132955 132954 132953 132952 132951 132950 132949 132948 132947 132946 132945 132944 132943 132942 132941 132940 132939 132938 132937 132936 132935 132934 132933 132932 132931 132930 132929 132928 132927 132926 132925 132924 132923 132922 132921 132920 132919 132918 132917 132916 132915 132914 132913 132912 132911 132910 132909 132908 132907 132906 132905 132904 132903 132902 132901 132900 132899 132898 132897 132896 132895 132894 132893 132892 132891 132890 132889 132888 132887 132886 132885 132884 132883 132882 132881 132880 132879 132878 132877 132876 132875 132874 132873 132872 132871 132870 132869 132868 132867 132866 132865 132864 132863 132862 132861 132860 132859 132858 132857 132856 132855 132854 132853 132852 132851 132850 132849 132848 132847 132846 132845 132844 132843 132842 132841 132840 132839 132838 132837 132836 132835 132834 132833 132832 132831 132830 132829 132828 132827 132826 132825 132824 132823 132822 132821 132820 132819 132818 132817 132816 132815 132814 132813 132812 132811 132810 132809 132808 132807 132806 132805 132804 132803 132802 132801 132800 132799 132798 132797 132796 132795 132794 132793 132792 132791 132790 132789 132788 132787 132786 132785 132784 132783 132782 132781 132780 132779 132778 132777 132776 132775 132774 132773 132772 132771 132770 132769 132768 132767 132766 132765 132764 132763 132762 132761 132760 132759 132758 132757 132756 132755 132754 132753 132752 132751 132750 132749 132748 132747 132746 132745 132744 132743 132742 132741 132740 132739 132738 132737 132736 132735 132734 132733 132732 132731 132730 132729 132728 132727 132726 132725 132724 132723 132722 132721 132720 132719 132718 132717 132716 132715 132714 132713 132712 132711 132710 132709 132708 132707 132706 132705 132704 132703 132702 132701 132700 132699 132698 132697 132696 132695 132694 132693 132692 132691 132690 132689 132688 132687 132686 132685 132684 132683 132682 132681 132680 132679 132678 132677 132676 132675 132674 132673 132672 132671 132670 132669 132668 132667 132666 132665 132664 132663 132662 132661 132660 132659 132658 132657 132656 132655 132654 132653 132652 132651 132650 132649 132648 132647 132646 132645 132644 132643 132642 132641 132640 132639 132638 132637 132636 132635 132634 132633 132632 132631 132630 132629 132628 132627 132626 132625 132624 132623 132622 132621 132620 132619 132618 132617 132616 132615 132614 132613 132612 132611 132610 132609 132608 132607 132606 132605 132604 132603 132602 132601 132600 132599 132598 132597 132596 132595 132594 132593 132592 132591 132590 132589 132588 132587 132586 132585 132584 132583 132582 132581 132580 132579 132578 132577 132576 132575 132574 132573 132572 132571 132570 132569 132568 132567 132566 132565 132564 132563 132562 132561 132560 132559 132558 132557 132556 132555 132554 132553 132552 132551 132550 132549 132548 132547 132546 132545 132544 132543 132542 132541 132540 132539 132538 132537 132536 132535 132534 132533 132532 132531 132530 132529 132528 132527 132526 132525 132524 132523 132522 132521 132520 132519 132518 132517 132516 132515 132514 132513 132512 132511 132510 132509 132508 132507 132506 132505 132504 132503 132502 132501 132500 132499 132498 132497 132496 132495 132494 132493 132492 132491 132490 132489 132488 132487 132486 132485 132484 132483 132482 132481 132480 132479 132478 132477 132476 132475 132474 132473 132472 132471 132470 132469 132468 132467 132466 132465 132464 132463 132462 132461 132460 132459 132458 132457 132456 132455 132454 132453 132452 132451 132450 132449 132448 132447 132446 132445 132444 132443 132442 132441 132440 132439 132438 132437 132436 132435 132434 132433 132432 132431 132430 132429 132428 132427 132426 132425 132424 132423 132422 132421 132420 132419 132418 132417 132416 132415 132414 132413 132412 132411 132410 132409 132408 132407 132406 132405 132404 132403 132402 132401 132400 132399 132398 132397 132396 132395 132394 132393 132392 132391 132390 132389 132388 132387 132386 132385 132384 132383 132382 132381 132380 132379 132378 132377 132376 132375 132374 132373 132372 132371 132370 132369 132368 132367 132366 132365 132364 132363 132362 132361 132360 132359 132358 132357 132356 132355 132354 132353 132352 132351 132350 132349 132348 132347 132346 132345 132344 132343 132342 132341 132340 132339 132338 132337 132336 132335 132334 132333 132332 132331 132330 132329 132328 132327 132326 132325 132324 132323 132322 132321 132320 132319 132318 132317 132316 132315 132314 132313 132312 132311 132310 132309 132308 132307 132306 132305 132304 132303 132302 132301 132300 132299 132298 132297 132296 132295 132294 132293 132292 132291 132290 132289 132288 132287 132286 132285 132284 132283 132282 132281 132280 132279 132278 132277 132276 132275 132274 132273 132272 132271 132270 132269 132268 132267 132266 132265 132264 132263 132262 132261 132260 132259 132258 132257 132256 132255 132254 132253 132252 132251 132250 132249 132248 132247 132246 132245 132244 132243 132242 132241 132240 132239 132238 132237 132236 132235 132234 132233 132232 132231 132230 132229 132228 132227 132226 132225 132224 132223 132222 132221 132220 132219 132218 132217 132216 132215 132214 132213 132212 132211 132210 132209 132208 132207 132206 132205 132204 132203 132202 132201 132200 132199 132198 132197 132196 132195 132194 132193 132192 132191 132190 132189 132188 132187 132186 132185 132184 132183 132182 132181 132180 132179 132178 132177 132176 132175 132174 132173 132172 132171 132170 132169 132168 132167 132166 132165 132164 132163 132162 132161 132160 132159 132158 132157 132156 132155 132154 132153 132152 132151 132150 132149 132148 132147 132146 132145 132144 132143 132142 132141 132140 132139 132138 132137 132136 132135 132134 132133 132132 132131 132130 132129 132128 132127 132126 132125 132124 132123 132122 132121 132120 132119 132118 132117 132116 132115 132114 132113 132112 132111 132110 132109 132108 132107 132106 132105 132104 132103 132102 132101 132100 132099 132098 132097 132096 132095 132094 132093 132092 132091 132090 132089 132088 132087 132086 132085 132084 132083 132082 132081 132080 132079 132078 132077 132076 132075 132074 132073 132072 132071 132070 132069 132068 132067 132066 132065 132064 132063 132062 132061 132060 132059 132058 132057 132056 132055 132054 132053 132052 132051 132050 132049 132048 132047 132046 132045 132044 132043 132042 132041 132040 132039 132038 132037 132036 132035 132034 132033 132032 132031 132030 132029 132028 132027 132026 132025 132024 132023 132022 132021 132020 132019 132018 132017 132016 132015 132014 132013 132012 132011 132010 132009 132008 132007 132006 132005 132004 132003 132002 132001 132000 131999 131998 131997 131996 131995 131994 131993 131992 131991 131990 131989 131988 131987 131986 131985 131984 131983 131982 131981 131980 131979 131978 131977 131976 131975 131974 131973 131972 131971 131970 131969 131968 131967 131966 131965 131964 131963 131962 131961 131960 131959 131958 131957 131956 131955 131954 131953 131952 131951 131950 131949 131948 131947 131946 131945 131944 131943 131942 131941 131940 131939 131938 131937 131936 131935 131934 131933 131932 131931 131930 131929 131928 131927 131926 131925 131924 131923 131922 131921 131920 131919 131918 131917 131916 131915 131914 131913 131912 131911 131910 131909 131908 131907 131906 131905 131904 131903 131902 131901 131900 131899 131898 131897 131896 131895 131894 131893 131892 131891 131890 131889 131888 131887 131886 131885 131884 131883 131882 131881 131880 131879 131878 131877 131876 131875 131874 131873 131872 131871 131870 131869 131868 131867 131866 131865 131864 131863 131862 131861 131860 131859 131858 131857 131856 131855 131854 131853 131852 131851 131850 131849 131848 131847 131846 131845 131844 131843 131842 131841 131840 131839 131838 131837 131836 131835 131834 131833 131832 131831 131830 131829 131828 131827 131826 131825 131824 131823 131822 131821 131820 131819 131818 131817 131816 131815 131814 131813 131812 131811 131810 131809 131808 131807 131806 131805 131804 131803 131802 131801 131800 131799 131798 131797 131796 131795 131794 131793 131792 131791 131790 131789 131788 131787 131786 131785 131784 131783 131782 131781 131780 131779 131778 131777 131776 131775 131774 131773 131772 131771 131770 131769 131768 131767 131766 131765 131764 131763 131762 131761 131760 131759 131758 131757 131756 131755 131754 131753 131752 131751 131750 131749 131748 131747 131746 131745 131744 131743 131742 131741 131740 131739 131738 131737 131736 131735 131734 131733 131732 131731 131730 131729 131728 131727 131726 131725 131724 131723 131722 131721 131720 131719 131718 131717 131716 131715 131714 131713 131712 131711 131710 131709 131708 131707 131706 131705 131704 131703 131702 131701 131700 131699 131698 131697 131696 131695 131694 131693 131692 131691 131690 131689 131688 131687 131686 131685 131684 131683 131682 131681 131680 131679 131678 131677 131676 131675 131674 131673 131672 131671 131670 131669 131668 131667 131666 131665 131664 131663 131662 131661 131660 131659 131658 131657 131656 131655 131654 131653 131652 131651 131650 131649 131648 131647 131646 131645 131644 131643 131642 131641 131640 131639 131638 131637 131636 131635 131634 131633 131632 131631 131630 131629 131628 131627 131626 131625 131624 131623 131622 131621 131620 131619 131618 131617 131616 131615 131614 131613 131612 131611 131610 131609 131608 131607 131606 131605 131604 131603 131602 131601 131600 131599 131598 131597 131596 131595 131594 131593 131592 131591 131590 131589 131588 131587 131586 131585 131584 131583 131582 131581 131580 131579 131578 131577 131576 131575 131574 131573 131572 131571 131570 131569 131568 131567 131566 131565 131564 131563 131562 131561 131560 131559 131558 131557 131556 131555 131554 131553 131552 131551 131550 131549 131548 131547 131546 131545 131544 131543 131542 131541 131540 131539 131538 131537 131536 131535 131534 131533 131532 131531 131530 131529 131528 131527 131526 131525 131524 131523 131522 131521 131520 131519 131518 131517 131516 131515 131514 131513 131512 131511 131510 131509 131508 131507 131506 131505 131504 131503 131502 131501 131500 131499 131498 131497 131496 131495 131494 131493 131492 131491 131490 131489 131488 131487 131486 131485 131484 131483 131482 131481 131480 131479 131478 131477 131476 131475 131474 131473 131472 131471 131470 131469 131468 131467 131466 131465 131464 131463 131462 131461 131460 131459 131458 131457 131456 131455 131454 131453 131452 131451 131450 131449 131448 131447 131446 131445 131444 131443 131442 131441 131440 131439 131438 131437 131436 131435 131434 131433 131432 131431 131430 131429 131428 131427 131426 131425 131424 131423 131422 131421 131420 131419 131418 131417 131416 131415 131414 131413 131412 131411 131410 131409 131408 131407 131406 131405 131404 131403 131402 131401 131400 131399 131398 131397 131396 131395 131394 131393 131392 131391 131390 131389 131388 131387 131386 131385 131384 131383 131382 131381 131380 131379 131378 131377 131376 131375 131374 131373 131372 131371 131370 131369 131368 131367 131366 131365 131364 131363 131362 131361 131360 131359 131358 131357 131356 131355 131354 131353 131352 131351 131350 131349 131348 131347 131346 131345 131344 131343 131342 131341 131340 131339 131338 131337 131336 131335 131334 131333 131332 131331 131330 131329 131328 131327 131326 131325 131324 131323 131322 131321 131320 131319 131318 131317 131316 131315 131314 131313 131312 131311 131310 131309 131308 131307 131306 131305 131304 131303 131302 131301 131300 131299 131298 131297 131296 131295 131294 131293 131292 131291 131290 131289 131288 131287 131286 131285 131284 131283 131282 131281 131280 131279 131278 131277 131276 131275 131274 131273 131272 131271 131270 131269 131268 131267 131266 131265 131264 131263 131262 131261 131260 131259 131258 131257 131256 131255 131254 131253 131252 131251 131250 131249 131248 131247 131246 131245 131244 131243 131242 131241 131240 131239 131238 131237 131236 131235 131234 131233 131232 131231 131230 131229 131228 131227 131226 131225 131224 131223 131222 131221 131220 131219 131218 131217 131216 131215 131214 131213 131212 131211 131210 131209 131208 131207 131206 131205 131204 131203 131202 131201 131200 131199 131198 131197 131196 131195 131194 131193 131192 131191 131190 131189 131188 131187 131186 131185 131184 131183 131182 131181 131180 131179 131178 131177 131176 131175 131174 131173 131172 131171 131170 131169 131168 131167 131166 131165 131164 131163 131162 131161 131160 131159 131158 131157 131156 131155 131154 131153 131152 131151 131150 131149 131148 131147 131146 131145 131144 131143 131142 131141 131140 131139 131138 131137 131136 131135 131134 131133 131132 131131 131130 131129 131128 131127 131126 131125 131124 131123 131122 131121 131120 131119 131118 131117 131116 131115 131114 131113 131112 131111 131110 131109 131108 131107 131106 131105 131104 131103 131102 131101 131100 131099 131098 131097 131096 131095 131094 131093 131092 131091 131090 131089 131088 131087 131086 131085 131084 131083 131082 131081 131080 131079 131078 131077 131076 131075 131074 131073 131072 131071 131070 131069 131068 131067 131066 131065 131064 131063 131062 131061 131060 131059 131058 131057 131056 131055 131054 131053 131052 131051 131050 131049 131048 131047 131046 131045 131044 131043 131042 131041 131040 131039 131038 131037 131036 131035 131034 131033 131032 131031 131030 131029 131028 131027 131026 131025 131024 131023 131022 131021 131020 131019 131018 131017 131016 131015 131014 131013 131012 131011 131010 131009 131008 131007 131006 131005 131004 131003 131002 131001 131000 130999 130998 130997 130996 130995 130994 130993 130992 130991 130990 130989 130988 130987 130986 130985 130984 130983 130982 130981 130980 130979 130978 130977 130976 130975 130974 130973 130972 130971 130970 130969 130968 130967 130966 130965 130964 130963 130962 130961 130960 130959 130958 130957 130956 130955 130954 130953 130952 130951 130950 130949 130948 130947 130946 130945 130944 130943 130942 130941 130940 130939 130938 130937 130936 130935 130934 130933 130932 130931 130930 130929 130928 130927 130926 130925 130924 130923 130922 130921 130920 130919 130918 130917 130916 130915 130914 130913 130912 130911 130910 130909 130908 130907 130906 130905 130904 130903 130902 130901 130900 130899 130898 130897 130896 130895 130894 130893 130892 130891 130890 130889 130888 130887 130886 130885 130884 130883 130882 130881 130880 130879 130878 130877 130876 130875 130874 130873 130872 130871 130870 130869 130868 130867 130866 130865 130864 130863 130862 130861 130860 130859 130858 130857 130856 130855 130854 130853 130852 130851 130850 130849 130848 130847 130846 130845 130844 130843 130842 130841 130840 130839 130838 130837 130836 130835 130834 130833 130832 130831 130830 130829 130828 130827 130826 130825 130824 130823 130822 130821 130820 130819 130818 130817 130816 130815 130814 130813 130812 130811 130810 130809 130808 130807 130806 130805 130804 130803 130802 130801 130800 130799 130798 130797 130796 130795 130794 130793 130792 130791 130790 130789 130788 130787 130786 130785 130784 130783 130782 130781 130780 130779 130778 130777 130776 130775 130774 130773 130772 130771 130770 130769 130768 130767 130766 130765 130764 130763 130762 130761 130760 130759 130758 130757 130756 130755 130754 130753 130752 130751 130750 130749 130748 130747 130746 130745 130744 130743 130742 130741 130740 130739 130738 130737 130736 130735 130734 130733 130732 130731 130730 130729 130728 130727 130726 130725 130724 130723 130722 130721 130720 130719 130718 130717 130716 130715 130714 130713 130712 130711 130710 130709 130708 130707 130706 130705 130704 130703 130702 130701 130700 130699 130698 130697 130696 130695 130694 130693 130692 130691 130690 130689 130688 130687 130686 130685 130684 130683 130682 130681 130680 130679 130678 130677 130676 130675 130674 130673 130672 130671 130670 130669 130668 130667 130666 130665 130664 130663 130662 130661 130660 130659 130658 130657 130656 130655 130654 130653 130652 130651 130650 130649 130648 130647 130646 130645 130644 130643 130642 130641 130640 130639 130638 130637 130636 130635 130634 130633 130632 130631 130630 130629 130628 130627 130626 130625 130624 130623 130622 130621 130620 130619 130618 130617 130616 130615 130614 130613 130612 130611 130610 130609 130608 130607 130606 130605 130604 130603 130602 130601 130600 130599 130598 130597 130596 130595 130594 130593 130592 130591 130590 130589 130588 130587 130586 130585 130584 130583 130582 130581 130580 130579 130578 130577 130576 130575 130574 130573 130572 130571 130570 130569 130568 130567 130566 130565 130564 130563 130562 130561 130560 130559 130558 130557 130556 130555 130554 130553 130552 130551 130550 130549 130548 130547 130546 130545 130544 130543 130542 130541 130540 130539 130538 130537 130536 130535 130534 130533 130532 130531 130530 130529 130528 130527 130526 130525 130524 130523 130522 130521 130520 130519 130518 130517 130516 130515 130514 130513 130512 130511 130510 130509 130508 130507 130506 130505 130504 130503 130502 130501 130500 130499 130498 130497 130496 130495 130494 130493 130492 130491 130490 130489 130488 130487 130486 130485 130484 130483 130482 130481 130480 130479 130478 130477 130476 130475 130474 130473 130472 130471 130470 130469 130468 130467 130466 130465 130464 130463 130462 130461 130460 130459 130458 130457 130456 130455 130454 130453 130452 130451 130450 130449 130448 130447 130446 130445 130444 130443 130442 130441 130440 130439 130438 130437 130436 130435 130434 130433 130432 130431 130430 130429 130428 130427 130426 130425 130424 130423 130422 130421 130420 130419 130418 130417 130416 130415 130414 130413 130412 130411 130410 130409 130408 130407 130406 130405 130404 130403 130402 130401 130400 130399 130398 130397 130396 130395 130394 130393 130392 130391 130390 130389 130388 130387 130386 130385 130384 130383 130382 130381 130380 130379 130378 130377 130376 130375 130374 130373 130372 130371 130370 130369 130368 130367 130366 130365 130364 130363 130362 130361 130360 130359 130358 130357 130356 130355 130354 130353 130352 130351 130350 130349 130348 130347 130346 130345 130344 130343 130342 130341 130340 130339 130338 130337 130336 130335 130334 130333 130332 130331 130330 130329 130328 130327 130326 130325 130324 130323 130322 130321 130320 130319 130318 130317 130316 130315 130314 130313 130312 130311 130310 130309 130308 130307 130306 130305 130304 130303 130302 130301 130300 130299 130298 130297 130296 130295 130294 130293 130292 130291 130290 130289 130288 130287 130286 130285 130284 130283 130282 130281 130280 130279 130278 130277 130276 130275 130274 130273 130272 130271 130270 130269 130268 130267 130266 130265 130264 130263 130262 130261 130260 130259 130258 130257 130256 130255 130254 130253 130252 130251 130250 130249 130248 130247 130246 130245 130244 130243 130242 130241 130240 130239 130238 130237 130236 130235 130234 130233 130232 130231 130230 130229 130228 130227 130226 130225 130224 130223 130222 130221 130220 130219 130218 130217 130216 130215 130214 130213 130212 130211 130210 130209 130208 130207 130206 130205 130204 130203 130202 130201 130200 130199 130198 130197 130196 130195 130194 130193 130192 130191 130190 130189 130188 130187 130186 130185 130184 130183 130182 130181 130180 130179 130178 130177 130176 130175 130174 130173 130172 130171 130170 130169 130168 130167 130166 130165 130164 130163 130162 130161 130160 130159 130158 130157 130156 130155 130154 130153 130152 130151 130150 130149 130148 130147 130146 130145 130144 130143 130142 130141 130140 130139 130138 130137 130136 130135 130134 130133 130132 130131 130130 130129 130128 130127 130126 130125 130124 130123 130122 130121 130120 130119 130118 130117 130116 130115 130114 130113 130112 130111 130110 130109 130108 130107 130106 130105 130104 130103 130102 130101 130100 130099 130098 130097 130096 130095 130094 130093 130092 130091 130090 130089 130088 130087 130086 130085 130084 130083 130082 130081 130080 130079 130078 130077 130076 130075 130074 130073 130072 130071 130070 130069 130068 130067 130066 130065 130064 130063 130062 130061 130060 130059 130058 130057 130056 130055 130054 130053 130052 130051 130050 130049 130048 130047 130046 130045 130044 130043 130042 130041 130040 130039 130038 130037 130036 130035 130034 130033 130032 130031 130030 130029 130028 130027 130026 130025 130024 130023 130022 130021 130020 130019 130018 130017 130016 130015 130014 130013 130012 130011 130010 130009 130008 130007 130006 130005 130004 130003 130002 130001 130000 129999 129998 129997 129996 129995 129994 129993 129992 129991 129990 129989 129988 129987 129986 129985 129984 129983 129982 129981 129980 129979 129978 129977 129976 129975 129974 129973 129972 129971 129970 129969 129968 129967 129966 129965 129964 129963 129962 129961 129960 129959 129958 129957 129956 129955 129954 129953 129952 129951 129950 129949 129948 129947 129946 129945 129944 129943 129942 129941 129940 129939 129938 129937 129936 129935 129934 129933 129932 129931 129930 129929 129928 129927 129926 129925 129924 129923 129922 129921 129920 129919 129918 129917 129916 129915 129914 129913 129912 129911 129910 129909 129908 129907 129906 129905 129904 129903 129902 129901 129900 129899 129898 129897 129896 129895 129894 129893 129892 129891 129890 129889 129888 129887 129886 129885 129884 129883 129882 129881 129880 129879 129878 129877 129876 129875 129874 129873 129872 129871 129870 129869 129868 129867 129866 129865 129864 129863 129862 129861 129860 129859 129858 129857 129856 129855 129854 129853 129852 129851 129850 129849 129848 129847 129846 129845 129844 129843 129842 129841 129840 129839 129838 129837 129836 129835 129834 129833 129832 129831 129830 129829 129828 129827 129826 129825 129824 129823 129822 129821 129820 129819 129818 129817 129816 129815 129814 129813 129812 129811 129810 129809 129808 129807 129806 129805 129804 129803 129802 129801 129800 129799 129798 129797 129796 129795 129794 129793 129792 129791 129790 129789 129788 129787 129786 129785 129784 129783 129782 129781 129780 129779 129778 129777 129776 129775 129774 129773 129772 129771 129770 129769 129768 129767 129766 129765 129764 129763 129762 129761 129760 129759 129758 129757 129756 129755 129754 129753 129752 129751 129750 129749 129748 129747 129746 129745 129744 129743 129742 129741 129740 129739 129738 129737 129736 129735 129734 129733 129732 129731 129730 129729 129728 129727 129726 129725 129724 129723 129722 129721 129720 129719 129718 129717 129716 129715 129714 129713 129712 129711 129710 129709 129708 129707 129706 129705 129704 129703 129702 129701 129700 129699 129698 129697 129696 129695 129694 129693 129692 129691 129690 129689 129688 129687 129686 129685 129684 129683 129682 129681 129680 129679 129678 129677 129676 129675 129674 129673 129672 129671 129670 129669 129668 129667 129666 129665 129664 129663 129662 129661 129660 129659 129658 129657 129656 129655 129654 129653 129652 129651 129650 129649 129648 129647 129646 129645 129644 129643 129642 129641 129640 129639 129638 129637 129636 129635 129634 129633 129632 129631 129630 129629 129628 129627 129626 129625 129624 129623 129622 129621 129620 129619 129618 129617 129616 129615 129614 129613 129612 129611 129610 129609 129608 129607 129606 129605 129604 129603 129602 129601 129600 129599 129598 129597 129596 129595 129594 129593 129592 129591 129590 129589 129588 129587 129586 129585 129584 129583 129582 129581 129580 129579 129578 129577 129576 129575 129574 129573 129572 129571 129570 129569 129568 129567 129566 129565 129564 129563 129562 129561 129560 129559 129558 129557 129556 129555 129554 129553 129552 129551 129550 129549 129548 129547 129546 129545 129544 129543 129542 129541 129540 129539 129538 129537 129536 129535 129534 129533 129532 129531 129530 129529 129528 129527 129526 129525 129524 129523 129522 129521 129520 129519 129518 129517 129516 129515 129514 129513 129512 129511 129510 129509 129508 129507 129506 129505 129504 129503 129502 129501 129500 129499 129498 129497 129496 129495 129494 129493 129492 129491 129490 129489 129488 129487 129486 129485 129484 129483 129482 129481 129480 129479 129478 129477 129476 129475 129474 129473 129472 129471 129470 129469 129468 129467 129466 129465 129464 129463 129462 129461 129460 129459 129458 129457 129456 129455 129454 129453 129452 129451 129450 129449 129448 129447 129446 129445 129444 129443 129442 129441 129440 129439 129438 129437 129436 129435 129434 129433 129432 129431 129430 129429 129428 129427 129426 129425 129424 129423 129422 129421 129420 129419 129418 129417 129416 129415 129414 129413 129412 129411 129410 129409 129408 129407 129406 129405 129404 129403 129402 129401 129400 129399 129398 129397 129396 129395 129394 129393 129392 129391 129390 129389 129388 129387 129386 129385 129384 129383 129382 129381 129380 129379 129378 129377 129376 129375 129374 129373 129372 129371 129370 129369 129368 129367 129366 129365 129364 129363 129362 129361 129360 129359 129358 129357 129356 129355 129354 129353 129352 129351 129350 129349 129348 129347 129346 129345 129344 129343 129342 129341 129340 129339 129338 129337 129336 129335 129334 129333 129332 129331 129330 129329 129328 129327 129326 129325 129324 129323 129322 129321 129320 129319 129318 129317 129316 129315 129314 129313 129312 129311 129310 129309 129308 129307 129306 129305 129304 129303 129302 129301 129300 129299 129298 129297 129296 129295 129294 129293 129292 129291 129290 129289 129288 129287 129286 129285 129284 129283 129282 129281 129280 129279 129278 129277 129276 129275 129274 129273 129272 129271 129270 129269 129268 129267 129266 129265 129264 129263 129262 129261 129260 129259 129258 129257 129256 129255 129254 129253 129252 129251 129250 129249 129248 129247 129246 129245 129244 129243 129242 129241 129240 129239 129238 129237 129236 129235 129234 129233 129232 129231 129230 129229 129228 129227 129226 129225 129224 129223 129222 129221 129220 129219 129218 129217 129216 129215 129214 129213 129212 129211 129210 129209 129208 129207 129206 129205 129204 129203 129202 129201 129200 129199 129198 129197 129196 129195 129194 129193 129192 129191 129190 129189 129188 129187 129186 129185 129184 129183 129182 129181 129180 129179 129178 129177 129176 129175 129174 129173 129172 129171 129170 129169 129168 129167 129166 129165 129164 129163 129162 129161 129160 129159 129158 129157 129156 129155 129154 129153 129152 129151 129150 129149 129148 129147 129146 129145 129144 129143 129142 129141 129140 129139 129138 129137 129136 129135 129134 129133 129132 129131 129130 129129 129128 129127 129126 129125 129124 129123 129122 129121 129120 129119 129118 129117 129116 129115 129114 129113 129112 129111 129110 129109 129108 129107 129106 129105 129104 129103 129102 129101 129100 129099 129098 129097 129096 129095 129094 129093 129092 129091 129090 129089 129088 129087 129086 129085 129084 129083 129082 129081 129080 129079 129078 129077 129076 129075 129074 129073 129072 129071 129070 129069 129068 129067 129066 129065 129064 129063 129062 129061 129060 129059 129058 129057 129056 129055 129054 129053 129052 129051 129050 129049 129048 129047 129046 129045 129044 129043 129042 129041 129040 129039 129038 129037 129036 129035 129034 129033 129032 129031 129030 129029 129028 129027 129026 129025 129024 129023 129022 129021 129020 129019 129018 129017 129016 129015 129014 129013 129012 129011 129010 129009 129008 129007 129006 129005 129004 129003 129002 129001 129000 128999 128998 128997 128996 128995 128994 128993 128992 128991 128990 128989 128988 128987 128986 128985 128984 128983 128982 128981 128980 128979 128978 128977 128976 128975 128974 128973 128972 128971 128970 128969 128968 128967 128966 128965 128964 128963 128962 128961 128960 128959 128958 128957 128956 128955 128954 128953 128952 128951 128950 128949 128948 128947 128946 128945 128944 128943 128942 128941 128940 128939 128938 128937 128936 128935 128934 128933 128932 128931 128930 128929 128928 128927 128926 128925 128924 128923 128922 128921 128920 128919 128918 128917 128916 128915 128914 128913 128912 128911 128910 128909 128908 128907 128906 128905 128904 128903 128902 128901 128900 128899 128898 128897 128896 128895 128894 128893 128892 128891 128890 128889 128888 128887 128886 128885 128884 128883 128882 128881 128880 128879 128878 128877 128876 128875 128874 128873 128872 128871 128870 128869 128868 128867 128866 128865 128864 128863 128862 128861 128860 128859 128858 128857 128856 128855 128854 128853 128852 128851 128850 128849 128848 128847 128846 128845 128844 128843 128842 128841 128840 128839 128838 128837 128836 128835 128834 128833 128832 128831 128830 128829 128828 128827 128826 128825 128824 128823 128822 128821 128820 128819 128818 128817 128816 128815 128814 128813 128812 128811 128810 128809 128808 128807 128806 128805 128804 128803 128802 128801 128800 128799 128798 128797 128796 128795 128794 128793 128792 128791 128790 128789 128788 128787 128786 128785 128784 128783 128782 128781 128780 128779 128778 128777 128776 128775 128774 128773 128772 128771 128770 128769 128768 128767 128766 128765 128764 128763 128762 128761 128760 128759 128758 128757 128756 128755 128754 128753 128752 128751 128750 128749 128748 128747 128746 128745 128744 128743 128742 128741 128740 128739 128738 128737 128736 128735 128734 128733 128732 128731 128730 128729 128728 128727 128726 128725 128724 128723 128722 128721 128720 128719 128718 128717 128716 128715 128714 128713 128712 128711 128710 128709 128708 128707 128706 128705 128704 128703 128702 128701 128700 128699 128698 128697 128696 128695 128694 128693 128692 128691 128690 128689 128688 128687 128686 128685 128684 128683 128682 128681 128680 128679 128678 128677 128676 128675 128674 128673 128672 128671 128670 128669 128668 128667 128666 128665 128664 128663 128662 128661 128660 128659 128658 128657 128656 128655 128654 128653 128652 128651 128650 128649 128648 128647 128646 128645 128644 128643 128642 128641 128640 128639 128638 128637 128636 128635 128634 128633 128632 128631 128630 128629 128628 128627 128626 128625 128624 128623 128622 128621 128620 128619 128618 128617 128616 128615 128614 128613 128612 128611 128610 128609 128608 128607 128606 128605 128604 128603 128602 128601 128600 128599 128598 128597 128596 128595 128594 128593 128592 128591 128590 128589 128588 128587 128586 128585 128584 128583 128582 128581 128580 128579 128578 128577 128576 128575 128574 128573 128572 128571 128570 128569 128568 128567 128566 128565 128564 128563 128562 128561 128560 128559 128558 128557 128556 128555 128554 128553 128552 128551 128550 128549 128548 128547 128546 128545 128544 128543 128542 128541 128540 128539 128538 128537 128536 128535 128534 128533 128532 128531 128530 128529 128528 128527 128526 128525 128524 128523 128522 128521 128520 128519 128518 128517 128516 128515 128514 128513 128512 128511 128510 128509 128508 128507 128506 128505 128504 128503 128502 128501 128500 128499 128498 128497 128496 128495 128494 128493 128492 128491 128490 128489 128488 128487 128486 128485 128484 128483 128482 128481 128480 128479 128478 128477 128476 128475 128474 128473 128472 128471 128470 128469 128468 128467 128466 128465 128464 128463 128462 128461 128460 128459 128458 128457 128456 128455 128454 128453 128452 128451 128450 128449 128448 128447 128446 128445 128444 128443 128442 128441 128440 128439 128438 128437 128436 128435 128434 128433 128432 128431 128430 128429 128428 128427 128426 128425 128424 128423 128422 128421 128420 128419 128418 128417 128416 128415 128414 128413 128412 128411 128410 128409 128408 128407 128406 128405 128404 128403 128402 128401 128400 128399 128398 128397 128396 128395 128394 128393 128392 128391 128390 128389 128388 128387 128386 128385 128384 128383 128382 128381 128380 128379 128378 128377 128376 128375 128374 128373 128372 128371 128370 128369 128368 128367 128366 128365 128364 128363 128362 128361 128360 128359 128358 128357 128356 128355 128354 128353 128352 128351 128350 128349 128348 128347 128346 128345 128344 128343 128342 128341 128340 128339 128338 128337 128336 128335 128334 128333 128332 128331 128330 128329 128328 128327 128326 128325 128324 128323 128322 128321 128320 128319 128318 128317 128316 128315 128314 128313 128312 128311 128310 128309 128308 128307 128306 128305 128304 128303 128302 128301 128300 128299 128298 128297 128296 128295 128294 128293 128292 128291 128290 128289 128288 128287 128286 128285 128284 128283 128282 128281 128280 128279 128278 128277 128276 128275 128274 128273 128272 128271 128270 128269 128268 128267 128266 128265 128264 128263 128262 128261 128260 128259 128258 128257 128256 128255 128254 128253 128252 128251 128250 128249 128248 128247 128246 128245 128244 128243 128242 128241 128240 128239 128238 128237 128236 128235 128234 128233 128232 128231 128230 128229 128228 128227 128226 128225 128224 128223 128222 128221 128220 128219 128218 128217 128216 128215 128214 128213 128212 128211 128210 128209 128208 128207 128206 128205 128204 128203 128202 128201 128200 128199 128198 128197 128196 128195 128194 128193 128192 128191 128190 128189 128188 128187 128186 128185 128184 128183 128182 128181 128180 128179 128178 128177 128176 128175 128174 128173 128172 128171 128170 128169 128168 128167 128166 128165 128164 128163 128162 128161 128160 128159 128158 128157 128156 128155 128154 128153 128152 128151 128150 128149 128148 128147 128146 128145 128144 128143 128142 128141 128140 128139 128138 128137 128136 128135 128134 128133 128132 128131 128130 128129 128128 128127 128126 128125 128124 128123 128122 128121 128120 128119 128118 128117 128116 128115 128114 128113 128112 128111 128110 128109 128108 128107 128106 128105 128104 128103 128102 128101 128100 128099 128098 128097 128096 128095 128094 128093 128092 128091 128090 128089 128088 128087 128086 128085 128084 128083 128082 128081 128080 128079 128078 128077 128076 128075 128074 128073 128072 128071 128070 128069 128068 128067 128066 128065 128064 128063 128062 128061 128060 128059 128058 128057 128056 128055 128054 128053 128052 128051 128050 128049 128048 128047 128046 128045 128044 128043 128042 128041 128040 128039 128038 128037 128036 128035 128034 128033 128032 128031 128030 128029 128028 128027 128026 128025 128024 128023 128022 128021 128020 128019 128018 128017 128016 128015 128014 128013 128012 128011 128010 128009 128008 128007 128006 128005 128004 128003 128002 128001 128000 127999 127998 127997 127996 127995 127994 127993 127992 127991 127990 127989 127988 127987 127986 127985 127984 127983 127982 127981 127980 127979 127978 127977 127976 127975 127974 127973 127972 127971 127970 127969 127968 127967 127966 127965 127964 127963 127962 127961 127960 127959 127958 127957 127956 127955 127954 127953 127952 127951 127950 127949 127948 127947 127946 127945 127944 127943 127942 127941 127940 127939 127938 127937 127936 127935 127934 127933 127932 127931 127930 127929 127928 127927 127926 127925 127924 127923 127922 127921 127920 127919 127918 127917 127916 127915 127914 127913 127912 127911 127910 127909 127908 127907 127906 127905 127904 127903 127902 127901 127900 127899 127898 127897 127896 127895 127894 127893 127892 127891 127890 127889 127888 127887 127886 127885 127884 127883 127882 127881 127880 127879 127878 127877 127876 127875 127874 127873 127872 127871 127870 127869 127868 127867 127866 127865 127864 127863 127862 127861 127860 127859 127858 127857 127856 127855 127854 127853 127852 127851 127850 127849 127848 127847 127846 127845 127844 127843 127842 127841 127840 127839 127838 127837 127836 127835 127834 127833 127832 127831 127830 127829 127828 127827 127826 127825 127824 127823 127822 127821 127820 127819 127818 127817 127816 127815 127814 127813 127812 127811 127810 127809 127808 127807 127806 127805 127804 127803 127802 127801 127800 127799 127798 127797 127796 127795 127794 127793 127792 127791 127790 127789 127788 127787 127786 127785 127784 127783 127782 127781 127780 127779 127778 127777 127776 127775 127774 127773 127772 127771 127770 127769 127768 127767 127766 127765 127764 127763 127762 127761 127760 127759 127758 127757 127756 127755 127754 127753 127752 127751 127750 127749 127748 127747 127746 127745 127744 127743 127742 127741 127740 127739 127738 127737 127736 127735 127734 127733 127732 127731 127730 127729 127728 127727 127726 127725 127724 127723 127722 127721 127720 127719 127718 127717 127716 127715 127714 127713 127712 127711 127710 127709 127708 127707 127706 127705 127704 127703 127702 127701 127700 127699 127698 127697 127696 127695 127694 127693 127692 127691 127690 127689 127688 127687 127686 127685 127684 127683 127682 127681 127680 127679 127678 127677 127676 127675 127674 127673 127672 127671 127670 127669 127668 127667 127666 127665 127664 127663 127662 127661 127660 127659 127658 127657 127656 127655 127654 127653 127652 127651 127650 127649 127648 127647 127646 127645 127644 127643 127642 127641 127640 127639 127638 127637 127636 127635 127634 127633 127632 127631 127630 127629 127628 127627 127626 127625 127624 127623 127622 127621 127620 127619 127618 127617 127616 127615 127614 127613 127612 127611 127610 127609 127608 127607 127606 127605 127604 127603 127602 127601 127600 127599 127598 127597 127596 127595 127594 127593 127592 127591 127590 127589 127588 127587 127586 127585 127584 127583 127582 127581 127580 127579 127578 127577 127576 127575 127574 127573 127572 127571 127570 127569 127568 127567 127566 127565 127564 127563 127562 127561 127560 127559 127558 127557 127556 127555 127554 127553 127552 127551 127550 127549 127548 127547 127546 127545 127544 127543 127542 127541 127540 127539 127538 127537 127536 127535 127534 127533 127532 127531 127530 127529 127528 127527 127526 127525 127524 127523 127522 127521 127520 127519 127518 127517 127516 127515 127514 127513 127512 127511 127510 127509 127508 127507 127506 127505 127504 127503 127502 127501 127500 127499 127498 127497 127496 127495 127494 127493 127492 127491 127490 127489 127488 127487 127486 127485 127484 127483 127482 127481 127480 127479 127478 127477 127476 127475 127474 127473 127472 127471 127470 127469 127468 127467 127466 127465 127464 127463 127462 127461 127460 127459 127458 127457 127456 127455 127454 127453 127452 127451 127450 127449 127448 127447 127446 127445 127444 127443 127442 127441 127440 127439 127438 127437 127436 127435 127434 127433 127432 127431 127430 127429 127428 127427 127426 127425 127424 127423 127422 127421 127420 127419 127418 127417 127416 127415 127414 127413 127412 127411 127410 127409 127408 127407 127406 127405 127404 127403 127402 127401 127400 127399 127398 127397 127396 127395 127394 127393 127392 127391 127390 127389 127388 127387 127386 127385 127384 127383 127382 127381 127380 127379 127378 127377 127376 127375 127374 127373 127372 127371 127370 127369 127368 127367 127366 127365 127364 127363 127362 127361 127360 127359 127358 127357 127356 127355 127354 127353 127352 127351 127350 127349 127348 127347 127346 127345 127344 127343 127342 127341 127340 127339 127338 127337 127336 127335 127334 127333 127332 127331 127330 127329 127328 127327 127326 127325 127324 127323 127322 127321 127320 127319 127318 127317 127316 127315 127314 127313 127312 127311 127310 127309 127308 127307 127306 127305 127304 127303 127302 127301 127300 127299 127298 127297 127296 127295 127294 127293 127292 127291 127290 127289 127288 127287 127286 127285 127284 127283 127282 127281 127280 127279 127278 127277 127276 127275 127274 127273 127272 127271 127270 127269 127268 127267 127266 127265 127264 127263 127262 127261 127260 127259 127258 127257 127256 127255 127254 127253 127252 127251 127250 127249 127248 127247 127246 127245 127244 127243 127242 127241 127240 127239 127238 127237 127236 127235 127234 127233 127232 127231 127230 127229 127228 127227 127226 127225 127224 127223 127222 127221 127220 127219 127218 127217 127216 127215 127214 127213 127212 127211 127210 127209 127208 127207 127206 127205 127204 127203 127202 127201 127200 127199 127198 127197 127196 127195 127194 127193 127192 127191 127190 127189 127188 127187 127186 127185 127184 127183 127182 127181 127180 127179 127178 127177 127176 127175 127174 127173 127172 127171 127170 127169 127168 127167 127166 127165 127164 127163 127162 127161 127160 127159 127158 127157 127156 127155 127154 127153 127152 127151 127150 127149 127148 127147 127146 127145 127144 127143 127142 127141 127140 127139 127138 127137 127136 127135 127134 127133 127132 127131 127130 127129 127128 127127 127126 127125 127124 127123 127122 127121 127120 127119 127118 127117 127116 127115 127114 127113 127112 127111 127110 127109 127108 127107 127106 127105 127104 127103 127102 127101 127100 127099 127098 127097 127096 127095 127094 127093 127092 127091 127090 127089 127088 127087 127086 127085 127084 127083 127082 127081 127080 127079 127078 127077 127076 127075 127074 127073 127072 127071 127070 127069 127068 127067 127066 127065 127064 127063 127062 127061 127060 127059 127058 127057 127056 127055 127054 127053 127052 127051 127050 127049 127048 127047 127046 127045 127044 127043 127042 127041 127040 127039 127038 127037 127036 127035 127034 127033 127032 127031 127030 127029 127028 127027 127026 127025 127024 127023 127022 127021 127020 127019 127018 127017 127016 127015 127014 127013 127012 127011 127010 127009 127008 127007 127006 127005 127004 127003 127002 127001 127000 126999 126998 126997 126996 126995 126994 126993 126992 126991 126990 126989 126988 126987 126986 126985 126984 126983 126982 126981 126980 126979 126978 126977 126976 126975 126974 126973 126972 126971 126970 126969 126968 126967 126966 126965 126964 126963 126962 126961 126960 126959 126958 126957 126956 126955 126954 126953 126952 126951 126950 126949 126948 126947 126946 126945 126944 126943 126942 126941 126940 126939 126938 126937 126936 126935 126934 126933 126932 126931 126930 126929 126928 126927 126926 126925 126924 126923 126922 126921 126920 126919 126918 126917 126916 126915 126914 126913 126912 126911 126910 126909 126908 126907 126906 126905 126904 126903 126902 126901 126900 126899 126898 126897 126896 126895 126894 126893 126892 126891 126890 126889 126888 126887 126886 126885 126884 126883 126882 126881 126880 126879 126878 126877 126876 126875 126874 126873 126872 126871 126870 126869 126868 126867 126866 126865 126864 126863 126862 126861 126860 126859 126858 126857 126856 126855 126854 126853 126852 126851 126850 126849 126848 126847 126846 126845 126844 126843 126842 126841 126840 126839 126838 126837 126836 126835 126834 126833 126832 126831 126830 126829 126828 126827 126826 126825 126824 126823 126822 126821 126820 126819 126818 126817 126816 126815 126814 126813 126812 126811 126810 126809 126808 126807 126806 126805 126804 126803 126802 126801 126800 126799 126798 126797 126796 126795 126794 126793 126792 126791 126790 126789 126788 126787 126786 126785 126784 126783 126782 126781 126780 126779 126778 126777 126776 126775 126774 126773 126772 126771 126770 126769 126768 126767 126766 126765 126764 126763 126762 126761 126760 126759 126758 126757 126756 126755 126754 126753 126752 126751 126750 126749 126748 126747 126746 126745 126744 126743 126742 126741 126740 126739 126738 126737 126736 126735 126734 126733 126732 126731 126730 126729 126728 126727 126726 126725 126724 126723 126722 126721 126720 126719 126718 126717 126716 126715 126714 126713 126712 126711 126710 126709 126708 126707 126706 126705 126704 126703 126702 126701 126700 126699 126698 126697 126696 126695 126694 126693 126692 126691 126690 126689 126688 126687 126686 126685 126684 126683 126682 126681 126680 126679 126678 126677 126676 126675 126674 126673 126672 126671 126670 126669 126668 126667 126666 126665 126664 126663 126662 126661 126660 126659 126658 126657 126656 126655 126654 126653 126652 126651 126650 126649 126648 126647 126646 126645 126644 126643 126642 126641 126640 126639 126638 126637 126636 126635 126634 126633 126632 126631 126630 126629 126628 126627 126626 126625 126624 126623 126622 126621 126620 126619 126618 126617 126616 126615 126614 126613 126612 126611 126610 126609 126608 126607 126606 126605 126604 126603 126602 126601 126600 126599 126598 126597 126596 126595 126594 126593 126592 126591 126590 126589 126588 126587 126586 126585 126584 126583 126582 126581 126580 126579 126578 126577 126576 126575 126574 126573 126572 126571 126570 126569 126568 126567 126566 126565 126564 126563 126562 126561 126560 126559 126558 126557 126556 126555 126554 126553 126552 126551 126550 126549 126548 126547 126546 126545 126544 126543 126542 126541 126540 126539 126538 126537 126536 126535 126534 126533 126532 126531 126530 126529 126528 126527 126526 126525 126524 126523 126522 126521 126520 126519 126518 126517 126516 126515 126514 126513 126512 126511 126510 126509 126508 126507 126506 126505 126504 126503 126502 126501 126500 126499 126498 126497 126496 126495 126494 126493 126492 126491 126490 126489 126488 126487 126486 126485 126484 126483 126482 126481 126480 126479 126478 126477 126476 126475 126474 126473 126472 126471 126470 126469 126468 126467 126466 126465 126464 126463 126462 126461 126460 126459 126458 126457 126456 126455 126454 126453 126452 126451 126450 126449 126448 126447 126446 126445 126444 126443 126442 126441 126440 126439 126438 126437 126436 126435 126434 126433 126432 126431 126430 126429 126428 126427 126426 126425 126424 126423 126422 126421 126420 126419 126418 126417 126416 126415 126414 126413 126412 126411 126410 126409 126408 126407 126406 126405 126404 126403 126402 126401 126400 126399 126398 126397 126396 126395 126394 126393 126392 126391 126390 126389 126388 126387 126386 126385 126384 126383 126382 126381 126380 126379 126378 126377 126376 126375 126374 126373 126372 126371 126370 126369 126368 126367 126366 126365 126364 126363 126362 126361 126360 126359 126358 126357 126356 126355 126354 126353 126352 126351 126350 126349 126348 126347 126346 126345 126344 126343 126342 126341 126340 126339 126338 126337 126336 126335 126334 126333 126332 126331 126330 126329 126328 126327 126326 126325 126324 126323 126322 126321 126320 126319 126318 126317 126316 126315 126314 126313 126312 126311 126310 126309 126308 126307 126306 126305 126304 126303 126302 126301 126300 126299 126298 126297 126296 126295 126294 126293 126292 126291 126290 126289 126288 126287 126286 126285 126284 126283 126282 126281 126280 126279 126278 126277 126276 126275 126274 126273 126272 126271 126270 126269 126268 126267 126266 126265 126264 126263 126262 126261 126260 126259 126258 126257 126256 126255 126254 126253 126252 126251 126250 126249 126248 126247 126246 126245 126244 126243 126242 126241 126240 126239 126238 126237 126236 126235 126234 126233 126232 126231 126230 126229 126228 126227 126226 126225 126224 126223 126222 126221 126220 126219 126218 126217 126216 126215 126214 126213 126212 126211 126210 126209 126208 126207 126206 126205 126204 126203 126202 126201 126200 126199 126198 126197 126196 126195 126194 126193 126192 126191 126190 126189 126188 126187 126186 126185 126184 126183 126182 126181 126180 126179 126178 126177 126176 126175 126174 126173 126172 126171 126170 126169 126168 126167 126166 126165 126164 126163 126162 126161 126160 126159 126158 126157 126156 126155 126154 126153 126152 126151 126150 126149 126148 126147 126146 126145 126144 126143 126142 126141 126140 126139 126138 126137 126136 126135 126134 126133 126132 126131 126130 126129 126128 126127 126126 126125 126124 126123 126122 126121 126120 126119 126118 126117 126116 126115 126114 126113 126112 126111 126110 126109 126108 126107 126106 126105 126104 126103 126102 126101 126100 126099 126098 126097 126096 126095 126094 126093 126092 126091 126090 126089 126088 126087 126086 126085 126084 126083 126082 126081 126080 126079 126078 126077 126076 126075 126074 126073 126072 126071 126070 126069 126068 126067 126066 126065 126064 126063 126062 126061 126060 126059 126058 126057 126056 126055 126054 126053 126052 126051 126050 126049 126048 126047 126046 126045 126044 126043 126042 126041 126040 126039 126038 126037 126036 126035 126034 126033 126032 126031 126030 126029 126028 126027 126026 126025 126024 126023 126022 126021 126020 126019 126018 126017 126016 126015 126014 126013 126012 126011 126010 126009 126008 126007 126006 126005 126004 126003 126002 126001 126000 125999 125998 125997 125996 125995 125994 125993 125992 125991 125990 125989 125988 125987 125986 125985 125984 125983 125982 125981 125980 125979 125978 125977 125976 125975 125974 125973 125972 125971 125970 125969 125968 125967 125966 125965 125964 125963 125962 125961 125960 125959 125958 125957 125956 125955 125954 125953 125952 125951 125950 125949 125948 125947 125946 125945 125944 125943 125942 125941 125940 125939 125938 125937 125936 125935 125934 125933 125932 125931 125930 125929 125928 125927 125926 125925 125924 125923 125922 125921 125920 125919 125918 125917 125916 125915 125914 125913 125912 125911 125910 125909 125908 125907 125906 125905 125904 125903 125902 125901 125900 125899 125898 125897 125896 125895 125894 125893 125892 125891 125890 125889 125888 125887 125886 125885 125884 125883 125882 125881 125880 125879 125878 125877 125876 125875 125874 125873 125872 125871 125870 125869 125868 125867 125866 125865 125864 125863 125862 125861 125860 125859 125858 125857 125856 125855 125854 125853 125852 125851 125850 125849 125848 125847 125846 125845 125844 125843 125842 125841 125840 125839 125838 125837 125836 125835 125834 125833 125832 125831 125830 125829 125828 125827 125826 125825 125824 125823 125822 125821 125820 125819 125818 125817 125816 125815 125814 125813 125812 125811 125810 125809 125808 125807 125806 125805 125804 125803 125802 125801 125800 125799 125798 125797 125796 125795 125794 125793 125792 125791 125790 125789 125788 125787 125786 125785 125784 125783 125782 125781 125780 125779 125778 125777 125776 125775 125774 125773 125772 125771 125770 125769 125768 125767 125766 125765 125764 125763 125762 125761 125760 125759 125758 125757 125756 125755 125754 125753 125752 125751 125750 125749 125748 125747 125746 125745 125744 125743 125742 125741 125740 125739 125738 125737 125736 125735 125734 125733 125732 125731 125730 125729 125728 125727 125726 125725 125724 125723 125722 125721 125720 125719 125718 125717 125716 125715 125714 125713 125712 125711 125710 125709 125708 125707 125706 125705 125704 125703 125702 125701 125700 125699 125698 125697 125696 125695 125694 125693 125692 125691 125690 125689 125688 125687 125686 125685 125684 125683 125682 125681 125680 125679 125678 125677 125676 125675 125674 125673 125672 125671 125670 125669 125668 125667 125666 125665 125664 125663 125662 125661 125660 125659 125658 125657 125656 125655 125654 125653 125652 125651 125650 125649 125648 125647 125646 125645 125644 125643 125642 125641 125640 125639 125638 125637 125636 125635 125634 125633 125632 125631 125630 125629 125628 125627 125626 125625 125624 125623 125622 125621 125620 125619 125618 125617 125616 125615 125614 125613 125612 125611 125610 125609 125608 125607 125606 125605 125604 125603 125602 125601 125600 125599 125598 125597 125596 125595 125594 125593 125592 125591 125590 125589 125588 125587 125586 125585 125584 125583 125582 125581 125580 125579 125578 125577 125576 125575 125574 125573 125572 125571 125570 125569 125568 125567 125566 125565 125564 125563 125562 125561 125560 125559 125558 125557 125556 125555 125554 125553 125552 125551 125550 125549 125548 125547 125546 125545 125544 125543 125542 125541 125540 125539 125538 125537 125536 125535 125534 125533 125532 125531 125530 125529 125528 125527 125526 125525 125524 125523 125522 125521 125520 125519 125518 125517 125516 125515 125514 125513 125512 125511 125510 125509 125508 125507 125506 125505 125504 125503 125502 125501 125500 125499 125498 125497 125496 125495 125494 125493 125492 125491 125490 125489 125488 125487 125486 125485 125484 125483 125482 125481 125480 125479 125478 125477 125476 125475 125474 125473 125472 125471 125470 125469 125468 125467 125466 125465 125464 125463 125462 125461 125460 125459 125458 125457 125456 125455 125454 125453 125452 125451 125450 125449 125448 125447 125446 125445 125444 125443 125442 125441 125440 125439 125438 125437 125436 125435 125434 125433 125432 125431 125430 125429 125428 125427 125426 125425 125424 125423 125422 125421 125420 125419 125418 125417 125416 125415 125414 125413 125412 125411 125410 125409 125408 125407 125406 125405 125404 125403 125402 125401 125400 125399 125398 125397 125396 125395 125394 125393 125392 125391 125390 125389 125388 125387 125386 125385 125384 125383 125382 125381 125380 125379 125378 125377 125376 125375 125374 125373 125372 125371 125370 125369 125368 125367 125366 125365 125364 125363 125362 125361 125360 125359 125358 125357 125356 125355 125354 125353 125352 125351 125350 125349 125348 125347 125346 125345 125344 125343 125342 125341 125340 125339 125338 125337 125336 125335 125334 125333 125332 125331 125330 125329 125328 125327 125326 125325 125324 125323 125322 125321 125320 125319 125318 125317 125316 125315 125314 125313 125312 125311 125310 125309 125308 125307 125306 125305 125304 125303 125302 125301 125300 125299 125298 125297 125296 125295 125294 125293 125292 125291 125290 125289 125288 125287 125286 125285 125284 125283 125282 125281 125280 125279 125278 125277 125276 125275 125274 125273 125272 125271 125270 125269 125268 125267 125266 125265 125264 125263 125262 125261 125260 125259 125258 125257 125256 125255 125254 125253 125252 125251 125250 125249 125248 125247 125246 125245 125244 125243 125242 125241 125240 125239 125238 125237 125236 125235 125234 125233 125232 125231 125230 125229 125228 125227 125226 125225 125224 125223 125222 125221 125220 125219 125218 125217 125216 125215 125214 125213 125212 125211 125210 125209 125208 125207 125206 125205 125204 125203 125202 125201 125200 125199 125198 125197 125196 125195 125194 125193 125192 125191 125190 125189 125188 125187 125186 125185 125184 125183 125182 125181 125180 125179 125178 125177 125176 125175 125174 125173 125172 125171 125170 125169 125168 125167 125166 125165 125164 125163 125162 125161 125160 125159 125158 125157 125156 125155 125154 125153 125152 125151 125150 125149 125148 125147 125146 125145 125144 125143 125142 125141 125140 125139 125138 125137 125136 125135 125134 125133 125132 125131 125130 125129 125128 125127 125126 125125 125124 125123 125122 125121 125120 125119 125118 125117 125116 125115 125114 125113 125112 125111 125110 125109 125108 125107 125106 125105 125104 125103 125102 125101 125100 125099 125098 125097 125096 125095 125094 125093 125092 125091 125090 125089 125088 125087 125086 125085 125084 125083 125082 125081 125080 125079 125078 125077 125076 125075 125074 125073 125072 125071 125070 125069 125068 125067 125066 125065 125064 125063 125062 125061 125060 125059 125058 125057 125056 125055 125054 125053 125052 125051 125050 125049 125048 125047 125046 125045 125044 125043 125042 125041 125040 125039 125038 125037 125036 125035 125034 125033 125032 125031 125030 125029 125028 125027 125026 125025 125024 125023 125022 125021 125020 125019 125018 125017 125016 125015 125014 125013 125012 125011 125010 125009 125008 125007 125006 125005 125004 125003 125002 125001 125000 124999 124998 124997 124996 124995 124994 124993 124992 124991 124990 124989 124988 124987 124986 124985 124984 124983 124982 124981 124980 124979 124978 124977 124976 124975 124974 124973 124972 124971 124970 124969 124968 124967 124966 124965 124964 124963 124962 124961 124960 124959 124958 124957 124956 124955 124954 124953 124952 124951 124950 124949 124948 124947 124946 124945 124944 124943 124942 124941 124940 124939 124938 124937 124936 124935 124934 124933 124932 124931 124930 124929 124928 124927 124926 124925 124924 124923 124922 124921 124920 124919 124918 124917 124916 124915 124914 124913 124912 124911 124910 124909 124908 124907 124906 124905 124904 124903 124902 124901 124900 124899 124898 124897 124896 124895 124894 124893 124892 124891 124890 124889 124888 124887 124886 124885 124884 124883 124882 124881 124880 124879 124878 124877 124876 124875 124874 124873 124872 124871 124870 124869 124868 124867 124866 124865 124864 124863 124862 124861 124860 124859 124858 124857 124856 124855 124854 124853 124852 124851 124850 124849 124848 124847 124846 124845 124844 124843 124842 124841 124840 124839 124838 124837 124836 124835 124834 124833 124832 124831 124830 124829 124828 124827 124826 124825 124824 124823 124822 124821 124820 124819 124818 124817 124816 124815 124814 124813 124812 124811 124810 124809 124808 124807 124806 124805 124804 124803 124802 124801 124800 124799 124798 124797 124796 124795 124794 124793 124792 124791 124790 124789 124788 124787 124786 124785 124784 124783 124782 124781 124780 124779 124778 124777 124776 124775 124774 124773 124772 124771 124770 124769 124768 124767 124766 124765 124764 124763 124762 124761 124760 124759 124758 124757 124756 124755 124754 124753 124752 124751 124750 124749 124748 124747 124746 124745 124744 124743 124742 124741 124740 124739 124738 124737 124736 124735 124734 124733 124732 124731 124730 124729 124728 124727 124726 124725 124724 124723 124722 124721 124720 124719 124718 124717 124716 124715 124714 124713 124712 124711 124710 124709 124708 124707 124706 124705 124704 124703 124702 124701 124700 124699 124698 124697 124696 124695 124694 124693 124692 124691 124690 124689 124688 124687 124686 124685 124684 124683 124682 124681 124680 124679 124678 124677 124676 124675 124674 124673 124672 124671 124670 124669 124668 124667 124666 124665 124664 124663 124662 124661 124660 124659 124658 124657 124656 124655 124654 124653 124652 124651 124650 124649 124648 124647 124646 124645 124644 124643 124642 124641 124640 124639 124638 124637 124636 124635 124634 124633 124632 124631 124630 124629 124628 124627 124626 124625 124624 124623 124622 124621 124620 124619 124618 124617 124616 124615 124614 124613 124612 124611 124610 124609 124608 124607 124606 124605 124604 124603 124602 124601 124600 124599 124598 124597 124596 124595 124594 124593 124592 124591 124590 124589 124588 124587 124586 124585 124584 124583 124582 124581 124580 124579 124578 124577 124576 124575 124574 124573 124572 124571 124570 124569 124568 124567 124566 124565 124564 124563 124562 124561 124560 124559 124558 124557 124556 124555 124554 124553 124552 124551 124550 124549 124548 124547 124546 124545 124544 124543 124542 124541 124540 124539 124538 124537 124536 124535 124534 124533 124532 124531 124530 124529 124528 124527 124526 124525 124524 124523 124522 124521 124520 124519 124518 124517 124516 124515 124514 124513 124512 124511 124510 124509 124508 124507 124506 124505 124504 124503 124502 124501 124500 124499 124498 124497 124496 124495 124494 124493 124492 124491 124490 124489 124488 124487 124486 124485 124484 124483 124482 124481 124480 124479 124478 124477 124476 124475 124474 124473 124472 124471 124470 124469 124468 124467 124466 124465 124464 124463 124462 124461 124460 124459 124458 124457 124456 124455 124454 124453 124452 124451 124450 124449 124448 124447 124446 124445 124444 124443 124442 124441 124440 124439 124438 124437 124436 124435 124434 124433 124432 124431 124430 124429 124428 124427 124426 124425 124424 124423 124422 124421 124420 124419 124418 124417 124416 124415 124414 124413 124412 124411 124410 124409 124408 124407 124406 124405 124404 124403 124402 124401 124400 124399 124398 124397 124396 124395 124394 124393 124392 124391 124390 124389 124388 124387 124386 124385 124384 124383 124382 124381 124380 124379 124378 124377 124376 124375 124374 124373 124372 124371 124370 124369 124368 124367 124366 124365 124364 124363 124362 124361 124360 124359 124358 124357 124356 124355 124354 124353 124352 124351 124350 124349 124348 124347 124346 124345 124344 124343 124342 124341 124340 124339 124338 124337 124336 124335 124334 124333 124332 124331 124330 124329 124328 124327 124326 124325 124324 124323 124322 124321 124320 124319 124318 124317 124316 124315 124314 124313 124312 124311 124310 124309 124308 124307 124306 124305 124304 124303 124302 124301 124300 124299 124298 124297 124296 124295 124294 124293 124292 124291 124290 124289 124288 124287 124286 124285 124284 124283 124282 124281 124280 124279 124278 124277 124276 124275 124274 124273 124272 124271 124270 124269 124268 124267 124266 124265 124264 124263 124262 124261 124260 124259 124258 124257 124256 124255 124254 124253 124252 124251 124250 124249 124248 124247 124246 124245 124244 124243 124242 124241 124240 124239 124238 124237 124236 124235 124234 124233 124232 124231 124230 124229 124228 124227 124226 124225 124224 124223 124222 124221 124220 124219 124218 124217 124216 124215 124214 124213 124212 124211 124210 124209 124208 124207 124206 124205 124204 124203 124202 124201 124200 124199 124198 124197 124196 124195 124194 124193 124192 124191 124190 124189 124188 124187 124186 124185 124184 124183 124182 124181 124180 124179 124178 124177 124176 124175 124174 124173 124172 124171 124170 124169 124168 124167 124166 124165 124164 124163 124162 124161 124160 124159 124158 124157 124156 124155 124154 124153 124152 124151 124150 124149 124148 124147 124146 124145 124144 124143 124142 124141 124140 124139 124138 124137 124136 124135 124134 124133 124132 124131 124130 124129 124128 124127 124126 124125 124124 124123 124122 124121 124120 124119 124118 124117 124116 124115 124114 124113 124112 124111 124110 124109 124108 124107 124106 124105 124104 124103 124102 124101 124100 124099 124098 124097 124096 124095 124094 124093 124092 124091 124090 124089 124088 124087 124086 124085 124084 124083 124082 124081 124080 124079 124078 124077 124076 124075 124074 124073 124072 124071 124070 124069 124068 124067 124066 124065 124064 124063 124062 124061 124060 124059 124058 124057 124056 124055 124054 124053 124052 124051 124050 124049 124048 124047 124046 124045 124044 124043 124042 124041 124040 124039 124038 124037 124036 124035 124034 124033 124032 124031 124030 124029 124028 124027 124026 124025 124024 124023 124022 124021 124020 124019 124018 124017 124016 124015 124014 124013 124012 124011 124010 124009 124008 124007 124006 124005 124004 124003 124002 124001 124000 123999 123998 123997 123996 123995 123994 123993 123992 123991 123990 123989 123988 123987 123986 123985 123984 123983 123982 123981 123980 123979 123978 123977 123976 123975 123974 123973 123972 123971 123970 123969 123968 123967 123966 123965 123964 123963 123962 123961 123960 123959 123958 123957 123956 123955 123954 123953 123952 123951 123950 123949 123948 123947 123946 123945 123944 123943 123942 123941 123940 123939 123938 123937 123936 123935 123934 123933 123932 123931 123930 123929 123928 123927 123926 123925 123924 123923 123922 123921 123920 123919 123918 123917 123916 123915 123914 123913 123912 123911 123910 123909 123908 123907 123906 123905 123904 123903 123902 123901 123900 123899 123898 123897 123896 123895 123894 123893 123892 123891 123890 123889 123888 123887 123886 123885 123884 123883 123882 123881 123880 123879 123878 123877 123876 123875 123874 123873 123872 123871 123870 123869 123868 123867 123866 123865 123864 123863 123862 123861 123860 123859 123858 123857 123856 123855 123854 123853 123852 123851 123850 123849 123848 123847 123846 123845 123844 123843 123842 123841 123840 123839 123838 123837 123836 123835 123834 123833 123832 123831 123830 123829 123828 123827 123826 123825 123824 123823 123822 123821 123820 123819 123818 123817 123816 123815 123814 123813 123812 123811 123810 123809 123808 123807 123806 123805 123804 123803 123802 123801 123800 123799 123798 123797 123796 123795 123794 123793 123792 123791 123790 123789 123788 123787 123786 123785 123784 123783 123782 123781 123780 123779 123778 123777 123776 123775 123774 123773 123772 123771 123770 123769 123768 123767 123766 123765 123764 123763 123762 123761 123760 123759 123758 123757 123756 123755 123754 123753 123752 123751 123750 123749 123748 123747 123746 123745 123744 123743 123742 123741 123740 123739 123738 123737 123736 123735 123734 123733 123732 123731 123730 123729 123728 123727 123726 123725 123724 123723 123722 123721 123720 123719 123718 123717 123716 123715 123714 123713 123712 123711 123710 123709 123708 123707 123706 123705 123704 123703 123702 123701 123700 123699 123698 123697 123696 123695 123694 123693 123692 123691 123690 123689 123688 123687 123686 123685 123684 123683 123682 123681 123680 123679 123678 123677 123676 123675 123674 123673 123672 123671 123670 123669 123668 123667 123666 123665 123664 123663 123662 123661 123660 123659 123658 123657 123656 123655 123654 123653 123652 123651 123650 123649 123648 123647 123646 123645 123644 123643 123642 123641 123640 123639 123638 123637 123636 123635 123634 123633 123632 123631 123630 123629 123628 123627 123626 123625 123624 123623 123622 123621 123620 123619 123618 123617 123616 123615 123614 123613 123612 123611 123610 123609 123608 123607 123606 123605 123604 123603 123602 123601 123600 123599 123598 123597 123596 123595 123594 123593 123592 123591 123590 123589 123588 123587 123586 123585 123584 123583 123582 123581 123580 123579 123578 123577 123576 123575 123574 123573 123572 123571 123570 123569 123568 123567 123566 123565 123564 123563 123562 123561 123560 123559 123558 123557 123556 123555 123554 123553 123552 123551 123550 123549 123548 123547 123546 123545 123544 123543 123542 123541 123540 123539 123538 123537 123536 123535 123534 123533 123532 123531 123530 123529 123528 123527 123526 123525 123524 123523 123522 123521 123520 123519 123518 123517 123516 123515 123514 123513 123512 123511 123510 123509 123508 123507 123506 123505 123504 123503 123502 123501 123500 123499 123498 123497 123496 123495 123494 123493 123492 123491 123490 123489 123488 123487 123486 123485 123484 123483 123482 123481 123480 123479 123478 123477 123476 123475 123474 123473 123472 123471 123470 123469 123468 123467 123466 123465 123464 123463 123462 123461 123460 123459 123458 123457 123456 123455 123454 123453 123452 123451 123450 123449 123448 123447 123446 123445 123444 123443 123442 123441 123440 123439 123438 123437 123436 123435 123434 123433 123432 123431 123430 123429 123428 123427 123426 123425 123424 123423 123422 123421 123420 123419 123418 123417 123416 123415 123414 123413 123412 123411 123410 123409 123408 123407 123406 123405 123404 123403 123402 123401 123400 123399 123398 123397 123396 123395 123394 123393 123392 123391 123390 123389 123388 123387 123386 123385 123384 123383 123382 123381 123380 123379 123378 123377 123376 123375 123374 123373 123372 123371 123370 123369 123368 123367 123366 123365 123364 123363 123362 123361 123360 123359 123358 123357 123356 123355 123354 123353 123352 123351 123350 123349 123348 123347 123346 123345 123344 123343 123342 123341 123340 123339 123338 123337 123336 123335 123334 123333 123332 123331 123330 123329 123328 123327 123326 123325 123324 123323 123322 123321 123320 123319 123318 123317 123316 123315 123314 123313 123312 123311 123310 123309 123308 123307 123306 123305 123304 123303 123302 123301 123300 123299 123298 123297 123296 123295 123294 123293 123292 123291 123290 123289 123288 123287 123286 123285 123284 123283 123282 123281 123280 123279 123278 123277 123276 123275 123274 123273 123272 123271 123270 123269 123268 123267 123266 123265 123264 123263 123262 123261 123260 123259 123258 123257 123256 123255 123254 123253 123252 123251 123250 123249 123248 123247 123246 123245 123244 123243 123242 123241 123240 123239 123238 123237 123236 123235 123234 123233 123232 123231 123230 123229 123228 123227 123226 123225 123224 123223 123222 123221 123220 123219 123218 123217 123216 123215 123214 123213 123212 123211 123210 123209 123208 123207 123206 123205 123204 123203 123202 123201 123200 123199 123198 123197 123196 123195 123194 123193 123192 123191 123190 123189 123188 123187 123186 123185 123184 123183 123182 123181 123180 123179 123178 123177 123176 123175 123174 123173 123172 123171 123170 123169 123168 123167 123166 123165 123164 123163 123162 123161 123160 123159 123158 123157 123156 123155 123154 123153 123152 123151 123150 123149 123148 123147 123146 123145 123144 123143 123142 123141 123140 123139 123138 123137 123136 123135 123134 123133 123132 123131 123130 123129 123128 123127 123126 123125 123124 123123 123122 123121 123120 123119 123118 123117 123116 123115 123114 123113 123112 123111 123110 123109 123108 123107 123106 123105 123104 123103 123102 123101 123100 123099 123098 123097 123096 123095 123094 123093 123092 123091 123090 123089 123088 123087 123086 123085 123084 123083 123082 123081 123080 123079 123078 123077 123076 123075 123074 123073 123072 123071 123070 123069 123068 123067 123066 123065 123064 123063 123062 123061 123060 123059 123058 123057 123056 123055 123054 123053 123052 123051 123050 123049 123048 123047 123046 123045 123044 123043 123042 123041 123040 123039 123038 123037 123036 123035 123034 123033 123032 123031 123030 123029 123028 123027 123026 123025 123024 123023 123022 123021 123020 123019 123018 123017 123016 123015 123014 123013 123012 123011 123010 123009 123008 123007 123006 123005 123004 123003 123002 123001 123000 122999 122998 122997 122996 122995 122994 122993 122992 122991 122990 122989 122988 122987 122986 122985 122984 122983 122982 122981 122980 122979 122978 122977 122976 122975 122974 122973 122972 122971 122970 122969 122968 122967 122966 122965 122964 122963 122962 122961 122960 122959 122958 122957 122956 122955 122954 122953 122952 122951 122950 122949 122948 122947 122946 122945 122944 122943 122942 122941 122940 122939 122938 122937 122936 122935 122934 122933 122932 122931 122930 122929 122928 122927 122926 122925 122924 122923 122922 122921 122920 122919 122918 122917 122916 122915 122914 122913 122912 122911 122910 122909 122908 122907 122906 122905 122904 122903 122902 122901 122900 122899 122898 122897 122896 122895 122894 122893 122892 122891 122890 122889 122888 122887 122886 122885 122884 122883 122882 122881 122880 122879 122878 122877 122876 122875 122874 122873 122872 122871 122870 122869 122868 122867 122866 122865 122864 122863 122862 122861 122860 122859 122858 122857 122856 122855 122854 122853 122852 122851 122850 122849 122848 122847 122846 122845 122844 122843 122842 122841 122840 122839 122838 122837 122836 122835 122834 122833 122832 122831 122830 122829 122828 122827 122826 122825 122824 122823 122822 122821 122820 122819 122818 122817 122816 122815 122814 122813 122812 122811 122810 122809 122808 122807 122806 122805 122804 122803 122802 122801 122800 122799 122798 122797 122796 122795 122794 122793 122792 122791 122790 122789 122788 122787 122786 122785 122784 122783 122782 122781 122780 122779 122778 122777 122776 122775 122774 122773 122772 122771 122770 122769 122768 122767 122766 122765 122764 122763 122762 122761 122760 122759 122758 122757 122756 122755 122754 122753 122752 122751 122750 122749 122748 122747 122746 122745 122744 122743 122742 122741 122740 122739 122738 122737 122736 122735 122734 122733 122732 122731 122730 122729 122728 122727 122726 122725 122724 122723 122722 122721 122720 122719 122718 122717 122716 122715 122714 122713 122712 122711 122710 122709 122708 122707 122706 122705 122704 122703 122702 122701 122700 122699 122698 122697 122696 122695 122694 122693 122692 122691 122690 122689 122688 122687 122686 122685 122684 122683 122682 122681 122680 122679 122678 122677 122676 122675 122674 122673 122672 122671 122670 122669 122668 122667 122666 122665 122664 122663 122662 122661 122660 122659 122658 122657 122656 122655 122654 122653 122652 122651 122650 122649 122648 122647 122646 122645 122644 122643 122642 122641 122640 122639 122638 122637 122636 122635 122634 122633 122632 122631 122630 122629 122628 122627 122626 122625 122624 122623 122622 122621 122620 122619 122618 122617 122616 122615 122614 122613 122612 122611 122610 122609 122608 122607 122606 122605 122604 122603 122602 122601 122600 122599 122598 122597 122596 122595 122594 122593 122592 122591 122590 122589 122588 122587 122586 122585 122584 122583 122582 122581 122580 122579 122578 122577 122576 122575 122574 122573 122572 122571 122570 122569 122568 122567 122566 122565 122564 122563 122562 122561 122560 122559 122558 122557 122556 122555 122554 122553 122552 122551 122550 122549 122548 122547 122546 122545 122544 122543 122542 122541 122540 122539 122538 122537 122536 122535 122534 122533 122532 122531 122530 122529 122528 122527 122526 122525 122524 122523 122522 122521 122520 122519 122518 122517 122516 122515 122514 122513 122512 122511 122510 122509 122508 122507 122506 122505 122504 122503 122502 122501 122500 122499 122498 122497 122496 122495 122494 122493 122492 122491 122490 122489 122488 122487 122486 122485 122484 122483 122482 122481 122480 122479 122478 122477 122476 122475 122474 122473 122472 122471 122470 122469 122468 122467 122466 122465 122464 122463 122462 122461 122460 122459 122458 122457 122456 122455 122454 122453 122452 122451 122450 122449 122448 122447 122446 122445 122444 122443 122442 122441 122440 122439 122438 122437 122436 122435 122434 122433 122432 122431 122430 122429 122428 122427 122426 122425 122424 122423 122422 122421 122420 122419 122418 122417 122416 122415 122414 122413 122412 122411 122410 122409 122408 122407 122406 122405 122404 122403 122402 122401 122400 122399 122398 122397 122396 122395 122394 122393 122392 122391 122390 122389 122388 122387 122386 122385 122384 122383 122382 122381 122380 122379 122378 122377 122376 122375 122374 122373 122372 122371 122370 122369 122368 122367 122366 122365 122364 122363 122362 122361 122360 122359 122358 122357 122356 122355 122354 122353 122352 122351 122350 122349 122348 122347 122346 122345 122344 122343 122342 122341 122340 122339 122338 122337 122336 122335 122334 122333 122332 122331 122330 122329 122328 122327 122326 122325 122324 122323 122322 122321 122320 122319 122318 122317 122316 122315 122314 122313 122312 122311 122310 122309 122308 122307 122306 122305 122304 122303 122302 122301 122300 122299 122298 122297 122296 122295 122294 122293 122292 122291 122290 122289 122288 122287 122286 122285 122284 122283 122282 122281 122280 122279 122278 122277 122276 122275 122274 122273 122272 122271 122270 122269 122268 122267 122266 122265 122264 122263 122262 122261 122260 122259 122258 122257 122256 122255 122254 122253 122252 122251 122250 122249 122248 122247 122246 122245 122244 122243 122242 122241 122240 122239 122238 122237 122236 122235 122234 122233 122232 122231 122230 122229 122228 122227 122226 122225 122224 122223 122222 122221 122220 122219 122218 122217 122216 122215 122214 122213 122212 122211 122210 122209 122208 122207 122206 122205 122204 122203 122202 122201 122200 122199 122198 122197 122196 122195 122194 122193 122192 122191 122190 122189 122188 122187 122186 122185 122184 122183 122182 122181 122180 122179 122178 122177 122176 122175 122174 122173 122172 122171 122170 122169 122168 122167 122166 122165 122164 122163 122162 122161 122160 122159 122158 122157 122156 122155 122154 122153 122152 122151 122150 122149 122148 122147 122146 122145 122144 122143 122142 122141 122140 122139 122138 122137 122136 122135 122134 122133 122132 122131 122130 122129 122128 122127 122126 122125 122124 122123 122122 122121 122120 122119 122118 122117 122116 122115 122114 122113 122112 122111 122110 122109 122108 122107 122106 122105 122104 122103 122102 122101 122100 122099 122098 122097 122096 122095 122094 122093 122092 122091 122090 122089 122088 122087 122086 122085 122084 122083 122082 122081 122080 122079 122078 122077 122076 122075 122074 122073 122072 122071 122070 122069 122068 122067 122066 122065 122064 122063 122062 122061 122060 122059 122058 122057 122056 122055 122054 122053 122052 122051 122050 122049 122048 122047 122046 122045 122044 122043 122042 122041 122040 122039 122038 122037 122036 122035 122034 122033 122032 122031 122030 122029 122028 122027 122026 122025 122024 122023 122022 122021 122020 122019 122018 122017 122016 122015 122014 122013 122012 122011 122010 122009 122008 122007 122006 122005 122004 122003 122002 122001 122000 121999 121998 121997 121996 121995 121994 121993 121992 121991 121990 121989 121988 121987 121986 121985 121984 121983 121982 121981 121980 121979 121978 121977 121976 121975 121974 121973 121972 121971 121970 121969 121968 121967 121966 121965 121964 121963 121962 121961 121960 121959 121958 121957 121956 121955 121954 121953 121952 121951 121950 121949 121948 121947 121946 121945 121944 121943 121942 121941 121940 121939 121938 121937 121936 121935 121934 121933 121932 121931 121930 121929 121928 121927 121926 121925 121924 121923 121922 121921 121920 121919 121918 121917 121916 121915 121914 121913 121912 121911 121910 121909 121908 121907 121906 121905 121904 121903 121902 121901 121900 121899 121898 121897 121896 121895 121894 121893 121892 121891 121890 121889 121888 121887 121886 121885 121884 121883 121882 121881 121880 121879 121878 121877 121876 121875 121874 121873 121872 121871 121870 121869 121868 121867 121866 121865 121864 121863 121862 121861 121860 121859 121858 121857 121856 121855 121854 121853 121852 121851 121850 121849 121848 121847 121846 121845 121844 121843 121842 121841 121840 121839 121838 121837 121836 121835 121834 121833 121832 121831 121830 121829 121828 121827 121826 121825 121824 121823 121822 121821 121820 121819 121818 121817 121816 121815 121814 121813 121812 121811 121810 121809 121808 121807 121806 121805 121804 121803 121802 121801 121800 121799 121798 121797 121796 121795 121794 121793 121792 121791 121790 121789 121788 121787 121786 121785 121784 121783 121782 121781 121780 121779 121778 121777 121776 121775 121774 121773 121772 121771 121770 121769 121768 121767 121766 121765 121764 121763 121762 121761 121760 121759 121758 121757 121756 121755 121754 121753 121752 121751 121750 121749 121748 121747 121746 121745 121744 121743 121742 121741 121740 121739 121738 121737 121736 121735 121734 121733 121732 121731 121730 121729 121728 121727 121726 121725 121724 121723 121722 121721 121720 121719 121718 121717 121716 121715 121714 121713 121712 121711 121710 121709 121708 121707 121706 121705 121704 121703 121702 121701 121700 121699 121698 121697 121696 121695 121694 121693 121692 121691 121690 121689 121688 121687 121686 121685 121684 121683 121682 121681 121680 121679 121678 121677 121676 121675 121674 121673 121672 121671 121670 121669 121668 121667 121666 121665 121664 121663 121662 121661 121660 121659 121658 121657 121656 121655 121654 121653 121652 121651 121650 121649 121648 121647 121646 121645 121644 121643 121642 121641 121640 121639 121638 121637 121636 121635 121634 121633 121632 121631 121630 121629 121628 121627 121626 121625 121624 121623 121622 121621 121620 121619 121618 121617 121616 121615 121614 121613 121612 121611 121610 121609 121608 121607 121606 121605 121604 121603 121602 121601 121600 121599 121598 121597 121596 121595 121594 121593 121592 121591 121590 121589 121588 121587 121586 121585 121584 121583 121582 121581 121580 121579 121578 121577 121576 121575 121574 121573 121572 121571 121570 121569 121568 121567 121566 121565 121564 121563 121562 121561 121560 121559 121558 121557 121556 121555 121554 121553 121552 121551 121550 121549 121548 121547 121546 121545 121544 121543 121542 121541 121540 121539 121538 121537 121536 121535 121534 121533 121532 121531 121530 121529 121528 121527 121526 121525 121524 121523 121522 121521 121520 121519 121518 121517 121516 121515 121514 121513 121512 121511 121510 121509 121508 121507 121506 121505 121504 121503 121502 121501 121500 121499 121498 121497 121496 121495 121494 121493 121492 121491 121490 121489 121488 121487 121486 121485 121484 121483 121482 121481 121480 121479 121478 121477 121476 121475 121474 121473 121472 121471 121470 121469 121468 121467 121466 121465 121464 121463 121462 121461 121460 121459 121458 121457 121456 121455 121454 121453 121452 121451 121450 121449 121448 121447 121446 121445 121444 121443 121442 121441 121440 121439 121438 121437 121436 121435 121434 121433 121432 121431 121430 121429 121428 121427 121426 121425 121424 121423 121422 121421 121420 121419 121418 121417 121416 121415 121414 121413 121412 121411 121410 121409 121408 121407 121406 121405 121404 121403 121402 121401 121400 121399 121398 121397 121396 121395 121394 121393 121392 121391 121390 121389 121388 121387 121386 121385 121384 121383 121382 121381 121380 121379 121378 121377 121376 121375 121374 121373 121372 121371 121370 121369 121368 121367 121366 121365 121364 121363 121362 121361 121360 121359 121358 121357 121356 121355 121354 121353 121352 121351 121350 121349 121348 121347 121346 121345 121344 121343 121342 121341 121340 121339 121338 121337 121336 121335 121334 121333 121332 121331 121330 121329 121328 121327 121326 121325 121324 121323 121322 121321 121320 121319 121318 121317 121316 121315 121314 121313 121312 121311 121310 121309 121308 121307 121306 121305 121304 121303 121302 121301 121300 121299 121298 121297 121296 121295 121294 121293 121292 121291 121290 121289 121288 121287 121286 121285 121284 121283 121282 121281 121280 121279 121278 121277 121276 121275 121274 121273 121272 121271 121270 121269 121268 121267 121266 121265 121264 121263 121262 121261 121260 121259 121258 121257 121256 121255 121254 121253 121252 121251 121250 121249 121248 121247 121246 121245 121244 121243 121242 121241 121240 121239 121238 121237 121236 121235 121234 121233 121232 121231 121230 121229 121228 121227 121226 121225 121224 121223 121222 121221 121220 121219 121218 121217 121216 121215 121214 121213 121212 121211 121210 121209 121208 121207 121206 121205 121204 121203 121202 121201 121200 121199 121198 121197 121196 121195 121194 121193 121192 121191 121190 121189 121188 121187 121186 121185 121184 121183 121182 121181 121180 121179 121178 121177 121176 121175 121174 121173 121172 121171 121170 121169 121168 121167 121166 121165 121164 121163 121162 121161 121160 121159 121158 121157 121156 121155 121154 121153 121152 121151 121150 121149 121148 121147 121146 121145 121144 121143 121142 121141 121140 121139 121138 121137 121136 121135 121134 121133 121132 121131 121130 121129 121128 121127 121126 121125 121124 121123 121122 121121 121120 121119 121118 121117 121116 121115 121114 121113 121112 121111 121110 121109 121108 121107 121106 121105 121104 121103 121102 121101 121100 121099 121098 121097 121096 121095 121094 121093 121092 121091 121090 121089 121088 121087 121086 121085 121084 121083 121082 121081 121080 121079 121078 121077 121076 121075 121074 121073 121072 121071 121070 121069 121068 121067 121066 121065 121064 121063 121062 121061 121060 121059 121058 121057 121056 121055 121054 121053 121052 121051 121050 121049 121048 121047 121046 121045 121044 121043 121042 121041 121040 121039 121038 121037 121036 121035 121034 121033 121032 121031 121030 121029 121028 121027 121026 121025 121024 121023 121022 121021 121020 121019 121018 121017 121016 121015 121014 121013 121012 121011 121010 121009 121008 121007 121006 121005 121004 121003 121002 121001 121000 120999 120998 120997 120996 120995 120994 120993 120992 120991 120990 120989 120988 120987 120986 120985 120984 120983 120982 120981 120980 120979 120978 120977 120976 120975 120974 120973 120972 120971 120970 120969 120968 120967 120966 120965 120964 120963 120962 120961 120960 120959 120958 120957 120956 120955 120954 120953 120952 120951 120950 120949 120948 120947 120946 120945 120944 120943 120942 120941 120940 120939 120938 120937 120936 120935 120934 120933 120932 120931 120930 120929 120928 120927 120926 120925 120924 120923 120922 120921 120920 120919 120918 120917 120916 120915 120914 120913 120912 120911 120910 120909 120908 120907 120906 120905 120904 120903 120902 120901 120900 120899 120898 120897 120896 120895 120894 120893 120892 120891 120890 120889 120888 120887 120886 120885 120884 120883 120882 120881 120880 120879 120878 120877 120876 120875 120874 120873 120872 120871 120870 120869 120868 120867 120866 120865 120864 120863 120862 120861 120860 120859 120858 120857 120856 120855 120854 120853 120852 120851 120850 120849 120848 120847 120846 120845 120844 120843 120842 120841 120840 120839 120838 120837 120836 120835 120834 120833 120832 120831 120830 120829 120828 120827 120826 120825 120824 120823 120822 120821 120820 120819 120818 120817 120816 120815 120814 120813 120812 120811 120810 120809 120808 120807 120806 120805 120804 120803 120802 120801 120800 120799 120798 120797 120796 120795 120794 120793 120792 120791 120790 120789 120788 120787 120786 120785 120784 120783 120782 120781 120780 120779 120778 120777 120776 120775 120774 120773 120772 120771 120770 120769 120768 120767 120766 120765 120764 120763 120762 120761 120760 120759 120758 120757 120756 120755 120754 120753 120752 120751 120750 120749 120748 120747 120746 120745 120744 120743 120742 120741 120740 120739 120738 120737 120736 120735 120734 120733 120732 120731 120730 120729 120728 120727 120726 120725 120724 120723 120722 120721 120720 120719 120718 120717 120716 120715 120714 120713 120712 120711 120710 120709 120708 120707 120706 120705 120704 120703 120702 120701 120700 120699 120698 120697 120696 120695 120694 120693 120692 120691 120690 120689 120688 120687 120686 120685 120684 120683 120682 120681 120680 120679 120678 120677 120676 120675 120674 120673 120672 120671 120670 120669 120668 120667 120666 120665 120664 120663 120662 120661 120660 120659 120658 120657 120656 120655 120654 120653 120652 120651 120650 120649 120648 120647 120646 120645 120644 120643 120642 120641 120640 120639 120638 120637 120636 120635 120634 120633 120632 120631 120630 120629 120628 120627 120626 120625 120624 120623 120622 120621 120620 120619 120618 120617 120616 120615 120614 120613 120612 120611 120610 120609 120608 120607 120606 120605 120604 120603 120602 120601 120600 120599 120598 120597 120596 120595 120594 120593 120592 120591 120590 120589 120588 120587 120586 120585 120584 120583 120582 120581 120580 120579 120578 120577 120576 120575 120574 120573 120572 120571 120570 120569 120568 120567 120566 120565 120564 120563 120562 120561 120560 120559 120558 120557 120556 120555 120554 120553 120552 120551 120550 120549 120548 120547 120546 120545 120544 120543 120542 120541 120540 120539 120538 120537 120536 120535 120534 120533 120532 120531 120530 120529 120528 120527 120526 120525 120524 120523 120522 120521 120520 120519 120518 120517 120516 120515 120514 120513 120512 120511 120510 120509 120508 120507 120506 120505 120504 120503 120502 120501 120500 120499 120498 120497 120496 120495 120494 120493 120492 120491 120490 120489 120488 120487 120486 120485 120484 120483 120482 120481 120480 120479 120478 120477 120476 120475 120474 120473 120472 120471 120470 120469 120468 120467 120466 120465 120464 120463 120462 120461 120460 120459 120458 120457 120456 120455 120454 120453 120452 120451 120450 120449 120448 120447 120446 120445 120444 120443 120442 120441 120440 120439 120438 120437 120436 120435 120434 120433 120432 120431 120430 120429 120428 120427 120426 120425 120424 120423 120422 120421 120420 120419 120418 120417 120416 120415 120414 120413 120412 120411 120410 120409 120408 120407 120406 120405 120404 120403 120402 120401 120400 120399 120398 120397 120396 120395 120394 120393 120392 120391 120390 120389 120388 120387 120386 120385 120384 120383 120382 120381 120380 120379 120378 120377 120376 120375 120374 120373 120372 120371 120370 120369 120368 120367 120366 120365 120364 120363 120362 120361 120360 120359 120358 120357 120356 120355 120354 120353 120352 120351 120350 120349 120348 120347 120346 120345 120344 120343 120342 120341 120340 120339 120338 120337 120336 120335 120334 120333 120332 120331 120330 120329 120328 120327 120326 120325 120324 120323 120322 120321 120320 120319 120318 120317 120316 120315 120314 120313 120312 120311 120310 120309 120308 120307 120306 120305 120304 120303 120302 120301 120300 120299 120298 120297 120296 120295 120294 120293 120292 120291 120290 120289 120288 120287 120286 120285 120284 120283 120282 120281 120280 120279 120278 120277 120276 120275 120274 120273 120272 120271 120270 120269 120268 120267 120266 120265 120264 120263 120262 120261 120260 120259 120258 120257 120256 120255 120254 120253 120252 120251 120250 120249 120248 120247 120246 120245 120244 120243 120242 120241 120240 120239 120238 120237 120236 120235 120234 120233 120232 120231 120230 120229 120228 120227 120226 120225 120224 120223 120222 120221 120220 120219 120218 120217 120216 120215 120214 120213 120212 120211 120210 120209 120208 120207 120206 120205 120204 120203 120202 120201 120200 120199 120198 120197 120196 120195 120194 120193 120192 120191 120190 120189 120188 120187 120186 120185 120184 120183 120182 120181 120180 120179 120178 120177 120176 120175 120174 120173 120172 120171 120170 120169 120168 120167 120166 120165 120164 120163 120162 120161 120160 120159 120158 120157 120156 120155 120154 120153 120152 120151 120150 120149 120148 120147 120146 120145 120144 120143 120142 120141 120140 120139 120138 120137 120136 120135 120134 120133 120132 120131 120130 120129 120128 120127 120126 120125 120124 120123 120122 120121 120120 120119 120118 120117 120116 120115 120114 120113 120112 120111 120110 120109 120108 120107 120106 120105 120104 120103 120102 120101 120100 120099 120098 120097 120096 120095 120094 120093 120092 120091 120090 120089 120088 120087 120086 120085 120084 120083 120082 120081 120080 120079 120078 120077 120076 120075 120074 120073 120072 120071 120070 120069 120068 120067 120066 120065 120064 120063 120062 120061 120060 120059 120058 120057 120056 120055 120054 120053 120052 120051 120050 120049 120048 120047 120046 120045 120044 120043 120042 120041 120040 120039 120038 120037 120036 120035 120034 120033 120032 120031 120030 120029 120028 120027 120026 120025 120024 120023 120022 120021 120020 120019 120018 120017 120016 120015 120014 120013 120012 120011 120010 120009 120008 120007 120006 120005 120004 120003 120002 120001 120000 119999 119998 119997 119996 119995 119994 119993 119992 119991 119990 119989 119988 119987 119986 119985 119984 119983 119982 119981 119980 119979 119978 119977 119976 119975 119974 119973 119972 119971 119970 119969 119968 119967 119966 119965 119964 119963 119962 119961 119960 119959 119958 119957 119956 119955 119954 119953 119952 119951 119950 119949 119948 119947 119946 119945 119944 119943 119942 119941 119940 119939 119938 119937 119936 119935 119934 119933 119932 119931 119930 119929 119928 119927 119926 119925 119924 119923 119922 119921 119920 119919 119918 119917 119916 119915 119914 119913 119912 119911 119910 119909 119908 119907 119906 119905 119904 119903 119902 119901 119900 119899 119898 119897 119896 119895 119894 119893 119892 119891 119890 119889 119888 119887 119886 119885 119884 119883 119882 119881 119880 119879 119878 119877 119876 119875 119874 119873 119872 119871 119870 119869 119868 119867 119866 119865 119864 119863 119862 119861 119860 119859 119858 119857 119856 119855 119854 119853 119852 119851 119850 119849 119848 119847 119846 119845 119844 119843 119842 119841 119840 119839 119838 119837 119836 119835 119834 119833 119832 119831 119830 119829 119828 119827 119826 119825 119824 119823 119822 119821 119820 119819 119818 119817 119816 119815 119814 119813 119812 119811 119810 119809 119808 119807 119806 119805 119804 119803 119802 119801 119800 119799 119798 119797 119796 119795 119794 119793 119792 119791 119790 119789 119788 119787 119786 119785 119784 119783 119782 119781 119780 119779 119778 119777 119776 119775 119774 119773 119772 119771 119770 119769 119768 119767 119766 119765 119764 119763 119762 119761 119760 119759 119758 119757 119756 119755 119754 119753 119752 119751 119750 119749 119748 119747 119746 119745 119744 119743 119742 119741 119740 119739 119738 119737 119736 119735 119734 119733 119732 119731 119730 119729 119728 119727 119726 119725 119724 119723 119722 119721 119720 119719 119718 119717 119716 119715 119714 119713 119712 119711 119710 119709 119708 119707 119706 119705 119704 119703 119702 119701 119700 119699 119698 119697 119696 119695 119694 119693 119692 119691 119690 119689 119688 119687 119686 119685 119684 119683 119682 119681 119680 119679 119678 119677 119676 119675 119674 119673 119672 119671 119670 119669 119668 119667 119666 119665 119664 119663 119662 119661 119660 119659 119658 119657 119656 119655 119654 119653 119652 119651 119650 119649 119648 119647 119646 119645 119644 119643 119642 119641 119640 119639 119638 119637 119636 119635 119634 119633 119632 119631 119630 119629 119628 119627 119626 119625 119624 119623 119622 119621 119620 119619 119618 119617 119616 119615 119614 119613 119612 119611 119610 119609 119608 119607 119606 119605 119604 119603 119602 119601 119600 119599 119598 119597 119596 119595 119594 119593 119592 119591 119590 119589 119588 119587 119586 119585 119584 119583 119582 119581 119580 119579 119578 119577 119576 119575 119574 119573 119572 119571 119570 119569 119568 119567 119566 119565 119564 119563 119562 119561 119560 119559 119558 119557 119556 119555 119554 119553 119552 119551 119550 119549 119548 119547 119546 119545 119544 119543 119542 119541 119540 119539 119538 119537 119536 119535 119534 119533 119532 119531 119530 119529 119528 119527 119526 119525 119524 119523 119522 119521 119520 119519 119518 119517 119516 119515 119514 119513 119512 119511 119510 119509 119508 119507 119506 119505 119504 119503 119502 119501 119500 119499 119498 119497 119496 119495 119494 119493 119492 119491 119490 119489 119488 119487 119486 119485 119484 119483 119482 119481 119480 119479 119478 119477 119476 119475 119474 119473 119472 119471 119470 119469 119468 119467 119466 119465 119464 119463 119462 119461 119460 119459 119458 119457 119456 119455 119454 119453 119452 119451 119450 119449 119448 119447 119446 119445 119444 119443 119442 119441 119440 119439 119438 119437 119436 119435 119434 119433 119432 119431 119430 119429 119428 119427 119426 119425 119424 119423 119422 119421 119420 119419 119418 119417 119416 119415 119414 119413 119412 119411 119410 119409 119408 119407 119406 119405 119404 119403 119402 119401 119400 119399 119398 119397 119396 119395 119394 119393 119392 119391 119390 119389 119388 119387 119386 119385 119384 119383 119382 119381 119380 119379 119378 119377 119376 119375 119374 119373 119372 119371 119370 119369 119368 119367 119366 119365 119364 119363 119362 119361 119360 119359 119358 119357 119356 119355 119354 119353 119352 119351 119350 119349 119348 119347 119346 119345 119344 119343 119342 119341 119340 119339 119338 119337 119336 119335 119334 119333 119332 119331 119330 119329 119328 119327 119326 119325 119324 119323 119322 119321 119320 119319 119318 119317 119316 119315 119314 119313 119312 119311 119310 119309 119308 119307 119306 119305 119304 119303 119302 119301 119300 119299 119298 119297 119296 119295 119294 119293 119292 119291 119290 119289 119288 119287 119286 119285 119284 119283 119282 119281 119280 119279 119278 119277 119276 119275 119274 119273 119272 119271 119270 119269 119268 119267 119266 119265 119264 119263 119262 119261 119260 119259 119258 119257 119256 119255 119254 119253 119252 119251 119250 119249 119248 119247 119246 119245 119244 119243 119242 119241 119240 119239 119238 119237 119236 119235 119234 119233 119232 119231 119230 119229 119228 119227 119226 119225 119224 119223 119222 119221 119220 119219 119218 119217 119216 119215 119214 119213 119212 119211 119210 119209 119208 119207 119206 119205 119204 119203 119202 119201 119200 119199 119198 119197 119196 119195 119194 119193 119192 119191 119190 119189 119188 119187 119186 119185 119184 119183 119182 119181 119180 119179 119178 119177 119176 119175 119174 119173 119172 119171 119170 119169 119168 119167 119166 119165 119164 119163 119162 119161 119160 119159 119158 119157 119156 119155 119154 119153 119152 119151 119150 119149 119148 119147 119146 119145 119144 119143 119142 119141 119140 119139 119138 119137 119136 119135 119134 119133 119132 119131 119130 119129 119128 119127 119126 119125 119124 119123 119122 119121 119120 119119 119118 119117 119116 119115 119114 119113 119112 119111 119110 119109 119108 119107 119106 119105 119104 119103 119102 119101 119100 119099 119098 119097 119096 119095 119094 119093 119092 119091 119090 119089 119088 119087 119086 119085 119084 119083 119082 119081 119080 119079 119078 119077 119076 119075 119074 119073 119072 119071 119070 119069 119068 119067 119066 119065 119064 119063 119062 119061 119060 119059 119058 119057 119056 119055 119054 119053 119052 119051 119050 119049 119048 119047 119046 119045 119044 119043 119042 119041 119040 119039 119038 119037 119036 119035 119034 119033 119032 119031 119030 119029 119028 119027 119026 119025 119024 119023 119022 119021 119020 119019 119018 119017 119016 119015 119014 119013 119012 119011 119010 119009 119008 119007 119006 119005 119004 119003 119002 119001 119000 118999 118998 118997 118996 118995 118994 118993 118992 118991 118990 118989 118988 118987 118986 118985 118984 118983 118982 118981 118980 118979 118978 118977 118976 118975 118974 118973 118972 118971 118970 118969 118968 118967 118966 118965 118964 118963 118962 118961 118960 118959 118958 118957 118956 118955 118954 118953 118952 118951 118950 118949 118948 118947 118946 118945 118944 118943 118942 118941 118940 118939 118938 118937 118936 118935 118934 118933 118932 118931 118930 118929 118928 118927 118926 118925 118924 118923 118922 118921 118920 118919 118918 118917 118916 118915 118914 118913 118912 118911 118910 118909 118908 118907 118906 118905 118904 118903 118902 118901 118900 118899 118898 118897 118896 118895 118894 118893 118892 118891 118890 118889 118888 118887 118886 118885 118884 118883 118882 118881 118880 118879 118878 118877 118876 118875 118874 118873 118872 118871 118870 118869 118868 118867 118866 118865 118864 118863 118862 118861 118860 118859 118858 118857 118856 118855 118854 118853 118852 118851 118850 118849 118848 118847 118846 118845 118844 118843 118842 118841 118840 118839 118838 118837 118836 118835 118834 118833 118832 118831 118830 118829 118828 118827 118826 118825 118824 118823 118822 118821 118820 118819 118818 118817 118816 118815 118814 118813 118812 118811 118810 118809 118808 118807 118806 118805 118804 118803 118802 118801 118800 118799 118798 118797 118796 118795 118794 118793 118792 118791 118790 118789 118788 118787 118786 118785 118784 118783 118782 118781 118780 118779 118778 118777 118776 118775 118774 118773 118772 118771 118770 118769 118768 118767 118766 118765 118764 118763 118762 118761 118760 118759 118758 118757 118756 118755 118754 118753 118752 118751 118750 118749 118748 118747 118746 118745 118744 118743 118742 118741 118740 118739 118738 118737 118736 118735 118734 118733 118732 118731 118730 118729 118728 118727 118726 118725 118724 118723 118722 118721 118720 118719 118718 118717 118716 118715 118714 118713 118712 118711 118710 118709 118708 118707 118706 118705 118704 118703 118702 118701 118700 118699 118698 118697 118696 118695 118694 118693 118692 118691 118690 118689 118688 118687 118686 118685 118684 118683 118682 118681 118680 118679 118678 118677 118676 118675 118674 118673 118672 118671 118670 118669 118668 118667 118666 118665 118664 118663 118662 118661 118660 118659 118658 118657 118656 118655 118654 118653 118652 118651 118650 118649 118648 118647 118646 118645 118644 118643 118642 118641 118640 118639 118638 118637 118636 118635 118634 118633 118632 118631 118630 118629 118628 118627 118626 118625 118624 118623 118622 118621 118620 118619 118618 118617 118616 118615 118614 118613 118612 118611 118610 118609 118608 118607 118606 118605 118604 118603 118602 118601 118600 118599 118598 118597 118596 118595 118594 118593 118592 118591 118590 118589 118588 118587 118586 118585 118584 118583 118582 118581 118580 118579 118578 118577 118576 118575 118574 118573 118572 118571 118570 118569 118568 118567 118566 118565 118564 118563 118562 118561 118560 118559 118558 118557 118556 118555 118554 118553 118552 118551 118550 118549 118548 118547 118546 118545 118544 118543 118542 118541 118540 118539 118538 118537 118536 118535 118534 118533 118532 118531 118530 118529 118528 118527 118526 118525 118524 118523 118522 118521 118520 118519 118518 118517 118516 118515 118514 118513 118512 118511 118510 118509 118508 118507 118506 118505 118504 118503 118502 118501 118500 118499 118498 118497 118496 118495 118494 118493 118492 118491 118490 118489 118488 118487 118486 118485 118484 118483 118482 118481 118480 118479 118478 118477 118476 118475 118474 118473 118472 118471 118470 118469 118468 118467 118466 118465 118464 118463 118462 118461 118460 118459 118458 118457 118456 118455 118454 118453 118452 118451 118450 118449 118448 118447 118446 118445 118444 118443 118442 118441 118440 118439 118438 118437 118436 118435 118434 118433 118432 118431 118430 118429 118428 118427 118426 118425 118424 118423 118422 118421 118420 118419 118418 118417 118416 118415 118414 118413 118412 118411 118410 118409 118408 118407 118406 118405 118404 118403 118402 118401 118400 118399 118398 118397 118396 118395 118394 118393 118392 118391 118390 118389 118388 118387 118386 118385 118384 118383 118382 118381 118380 118379 118378 118377 118376 118375 118374 118373 118372 118371 118370 118369 118368 118367 118366 118365 118364 118363 118362 118361 118360 118359 118358 118357 118356 118355 118354 118353 118352 118351 118350 118349 118348 118347 118346 118345 118344 118343 118342 118341 118340 118339 118338 118337 118336 118335 118334 118333 118332 118331 118330 118329 118328 118327 118326 118325 118324 118323 118322 118321 118320 118319 118318 118317 118316 118315 118314 118313 118312 118311 118310 118309 118308 118307 118306 118305 118304 118303 118302 118301 118300 118299 118298 118297 118296 118295 118294 118293 118292 118291 118290 118289 118288 118287 118286 118285 118284 118283 118282 118281 118280 118279 118278 118277 118276 118275 118274 118273 118272 118271 118270 118269 118268 118267 118266 118265 118264 118263 118262 118261 118260 118259 118258 118257 118256 118255 118254 118253 118252 118251 118250 118249 118248 118247 118246 118245 118244 118243 118242 118241 118240 118239 118238 118237 118236 118235 118234 118233 118232 118231 118230 118229 118228 118227 118226 118225 118224 118223 118222 118221 118220 118219 118218 118217 118216 118215 118214 118213 118212 118211 118210 118209 118208 118207 118206 118205 118204 118203 118202 118201 118200 118199 118198 118197 118196 118195 118194 118193 118192 118191 118190 118189 118188 118187 118186 118185 118184 118183 118182 118181 118180 118179 118178 118177 118176 118175 118174 118173 118172 118171 118170 118169 118168 118167 118166 118165 118164 118163 118162 118161 118160 118159 118158 118157 118156 118155 118154 118153 118152 118151 118150 118149 118148 118147 118146 118145 118144 118143 118142 118141 118140 118139 118138 118137 118136 118135 118134 118133 118132 118131 118130 118129 118128 118127 118126 118125 118124 118123 118122 118121 118120 118119 118118 118117 118116 118115 118114 118113 118112 118111 118110 118109 118108 118107 118106 118105 118104 118103 118102 118101 118100 118099 118098 118097 118096 118095 118094 118093 118092 118091 118090 118089 118088 118087 118086 118085 118084 118083 118082 118081 118080 118079 118078 118077 118076 118075 118074 118073 118072 118071 118070 118069 118068 118067 118066 118065 118064 118063 118062 118061 118060 118059 118058 118057 118056 118055 118054 118053 118052 118051 118050 118049 118048 118047 118046 118045 118044 118043 118042 118041 118040 118039 118038 118037 118036 118035 118034 118033 118032 118031 118030 118029 118028 118027 118026 118025 118024 118023 118022 118021 118020 118019 118018 118017 118016 118015 118014 118013 118012 118011 118010 118009 118008 118007 118006 118005 118004 118003 118002 118001 118000 117999 117998 117997 117996 117995 117994 117993 117992 117991 117990 117989 117988 117987 117986 117985 117984 117983 117982 117981 117980 117979 117978 117977 117976 117975 117974 117973 117972 117971 117970 117969 117968 117967 117966 117965 117964 117963 117962 117961 117960 117959 117958 117957 117956 117955 117954 117953 117952 117951 117950 117949 117948 117947 117946 117945 117944 117943 117942 117941 117940 117939 117938 117937 117936 117935 117934 117933 117932 117931 117930 117929 117928 117927 117926 117925 117924 117923 117922 117921 117920 117919 117918 117917 117916 117915 117914 117913 117912 117911 117910 117909 117908 117907 117906 117905 117904 117903 117902 117901 117900 117899 117898 117897 117896 117895 117894 117893 117892 117891 117890 117889 117888 117887 117886 117885 117884 117883 117882 117881 117880 117879 117878 117877 117876 117875 117874 117873 117872 117871 117870 117869 117868 117867 117866 117865 117864 117863 117862 117861 117860 117859 117858 117857 117856 117855 117854 117853 117852 117851 117850 117849 117848 117847 117846 117845 117844 117843 117842 117841 117840 117839 117838 117837 117836 117835 117834 117833 117832 117831 117830 117829 117828 117827 117826 117825 117824 117823 117822 117821 117820 117819 117818 117817 117816 117815 117814 117813 117812 117811 117810 117809 117808 117807 117806 117805 117804 117803 117802 117801 117800 117799 117798 117797 117796 117795 117794 117793 117792 117791 117790 117789 117788 117787 117786 117785 117784 117783 117782 117781 117780 117779 117778 117777 117776 117775 117774 117773 117772 117771 117770 117769 117768 117767 117766 117765 117764 117763 117762 117761 117760 117759 117758 117757 117756 117755 117754 117753 117752 117751 117750 117749 117748 117747 117746 117745 117744 117743 117742 117741 117740 117739 117738 117737 117736 117735 117734 117733 117732 117731 117730 117729 117728 117727 117726 117725 117724 117723 117722 117721 117720 117719 117718 117717 117716 117715 117714 117713 117712 117711 117710 117709 117708 117707 117706 117705 117704 117703 117702 117701 117700 117699 117698 117697 117696 117695 117694 117693 117692 117691 117690 117689 117688 117687 117686 117685 117684 117683 117682 117681 117680 117679 117678 117677 117676 117675 117674 117673 117672 117671 117670 117669 117668 117667 117666 117665 117664 117663 117662 117661 117660 117659 117658 117657 117656 117655 117654 117653 117652 117651 117650 117649 117648 117647 117646 117645 117644 117643 117642 117641 117640 117639 117638 117637 117636 117635 117634 117633 117632 117631 117630 117629 117628 117627 117626 117625 117624 117623 117622 117621 117620 117619 117618 117617 117616 117615 117614 117613 117612 117611 117610 117609 117608 117607 117606 117605 117604 117603 117602 117601 117600 117599 117598 117597 117596 117595 117594 117593 117592 117591 117590 117589 117588 117587 117586 117585 117584 117583 117582 117581 117580 117579 117578 117577 117576 117575 117574 117573 117572 117571 117570 117569 117568 117567 117566 117565 117564 117563 117562 117561 117560 117559 117558 117557 117556 117555 117554 117553 117552 117551 117550 117549 117548 117547 117546 117545 117544 117543 117542 117541 117540 117539 117538 117537 117536 117535 117534 117533 117532 117531 117530 117529 117528 117527 117526 117525 117524 117523 117522 117521 117520 117519 117518 117517 117516 117515 117514 117513 117512 117511 117510 117509 117508 117507 117506 117505 117504 117503 117502 117501 117500 117499 117498 117497 117496 117495 117494 117493 117492 117491 117490 117489 117488 117487 117486 117485 117484 117483 117482 117481 117480 117479 117478 117477 117476 117475 117474 117473 117472 117471 117470 117469 117468 117467 117466 117465 117464 117463 117462 117461 117460 117459 117458 117457 117456 117455 117454 117453 117452 117451 117450 117449 117448 117447 117446 117445 117444 117443 117442 117441 117440 117439 117438 117437 117436 117435 117434 117433 117432 117431 117430 117429 117428 117427 117426 117425 117424 117423 117422 117421 117420 117419 117418 117417 117416 117415 117414 117413 117412 117411 117410 117409 117408 117407 117406 117405 117404 117403 117402 117401 117400 117399 117398 117397 117396 117395 117394 117393 117392 117391 117390 117389 117388 117387 117386 117385 117384 117383 117382 117381 117380 117379 117378 117377 117376 117375 117374 117373 117372 117371 117370 117369 117368 117367 117366 117365 117364 117363 117362 117361 117360 117359 117358 117357 117356 117355 117354 117353 117352 117351 117350 117349 117348 117347 117346 117345 117344 117343 117342 117341 117340 117339 117338 117337 117336 117335 117334 117333 117332 117331 117330 117329 117328 117327 117326 117325 117324 117323 117322 117321 117320 117319 117318 117317 117316 117315 117314 117313 117312 117311 117310 117309 117308 117307 117306 117305 117304 117303 117302 117301 117300 117299 117298 117297 117296 117295 117294 117293 117292 117291 117290 117289 117288 117287 117286 117285 117284 117283 117282 117281 117280 117279 117278 117277 117276 117275 117274 117273 117272 117271 117270 117269 117268 117267 117266 117265 117264 117263 117262 117261 117260 117259 117258 117257 117256 117255 117254 117253 117252 117251 117250 117249 117248 117247 117246 117245 117244 117243 117242 117241 117240 117239 117238 117237 117236 117235 117234 117233 117232 117231 117230 117229 117228 117227 117226 117225 117224 117223 117222 117221 117220 117219 117218 117217 117216 117215 117214 117213 117212 117211 117210 117209 117208 117207 117206 117205 117204 117203 117202 117201 117200 117199 117198 117197 117196 117195 117194 117193 117192 117191 117190 117189 117188 117187 117186 117185 117184 117183 117182 117181 117180 117179 117178 117177 117176 117175 117174 117173 117172 117171 117170 117169 117168 117167 117166 117165 117164 117163 117162 117161 117160 117159 117158 117157 117156 117155 117154 117153 117152 117151 117150 117149 117148 117147 117146 117145 117144 117143 117142 117141 117140 117139 117138 117137 117136 117135 117134 117133 117132 117131 117130 117129 117128 117127 117126 117125 117124 117123 117122 117121 117120 117119 117118 117117 117116 117115 117114 117113 117112 117111 117110 117109 117108 117107 117106 117105 117104 117103 117102 117101 117100 117099 117098 117097 117096 117095 117094 117093 117092 117091 117090 117089 117088 117087 117086 117085 117084 117083 117082 117081 117080 117079 117078 117077 117076 117075 117074 117073 117072 117071 117070 117069 117068 117067 117066 117065 117064 117063 117062 117061 117060 117059 117058 117057 117056 117055 117054 117053 117052 117051 117050 117049 117048 117047 117046 117045 117044 117043 117042 117041 117040 117039 117038 117037 117036 117035 117034 117033 117032 117031 117030 117029 117028 117027 117026 117025 117024 117023 117022 117021 117020 117019 117018 117017 117016 117015 117014 117013 117012 117011 117010 117009 117008 117007 117006 117005 117004 117003 117002 117001 117000 116999 116998 116997 116996 116995 116994 116993 116992 116991 116990 116989 116988 116987 116986 116985 116984 116983 116982 116981 116980 116979 116978 116977 116976 116975 116974 116973 116972 116971 116970 116969 116968 116967 116966 116965 116964 116963 116962 116961 116960 116959 116958 116957 116956 116955 116954 116953 116952 116951 116950 116949 116948 116947 116946 116945 116944 116943 116942 116941 116940 116939 116938 116937 116936 116935 116934 116933 116932 116931 116930 116929 116928 116927 116926 116925 116924 116923 116922 116921 116920 116919 116918 116917 116916 116915 116914 116913 116912 116911 116910 116909 116908 116907 116906 116905 116904 116903 116902 116901 116900 116899 116898 116897 116896 116895 116894 116893 116892 116891 116890 116889 116888 116887 116886 116885 116884 116883 116882 116881 116880 116879 116878 116877 116876 116875 116874 116873 116872 116871 116870 116869 116868 116867 116866 116865 116864 116863 116862 116861 116860 116859 116858 116857 116856 116855 116854 116853 116852 116851 116850 116849 116848 116847 116846 116845 116844 116843 116842 116841 116840 116839 116838 116837 116836 116835 116834 116833 116832 116831 116830 116829 116828 116827 116826 116825 116824 116823 116822 116821 116820 116819 116818 116817 116816 116815 116814 116813 116812 116811 116810 116809 116808 116807 116806 116805 116804 116803 116802 116801 116800 116799 116798 116797 116796 116795 116794 116793 116792 116791 116790 116789 116788 116787 116786 116785 116784 116783 116782 116781 116780 116779 116778 116777 116776 116775 116774 116773 116772 116771 116770 116769 116768 116767 116766 116765 116764 116763 116762 116761 116760 116759 116758 116757 116756 116755 116754 116753 116752 116751 116750 116749 116748 116747 116746 116745 116744 116743 116742 116741 116740 116739 116738 116737 116736 116735 116734 116733 116732 116731 116730 116729 116728 116727 116726 116725 116724 116723 116722 116721 116720 116719 116718 116717 116716 116715 116714 116713 116712 116711 116710 116709 116708 116707 116706 116705 116704 116703 116702 116701 116700 116699 116698 116697 116696 116695 116694 116693 116692 116691 116690 116689 116688 116687 116686 116685 116684 116683 116682 116681 116680 116679 116678 116677 116676 116675 116674 116673 116672 116671 116670 116669 116668 116667 116666 116665 116664 116663 116662 116661 116660 116659 116658 116657 116656 116655 116654 116653 116652 116651 116650 116649 116648 116647 116646 116645 116644 116643 116642 116641 116640 116639 116638 116637 116636 116635 116634 116633 116632 116631 116630 116629 116628 116627 116626 116625 116624 116623 116622 116621 116620 116619 116618 116617 116616 116615 116614 116613 116612 116611 116610 116609 116608 116607 116606 116605 116604 116603 116602 116601 116600 116599 116598 116597 116596 116595 116594 116593 116592 116591 116590 116589 116588 116587 116586 116585 116584 116583 116582 116581 116580 116579 116578 116577 116576 116575 116574 116573 116572 116571 116570 116569 116568 116567 116566 116565 116564 116563 116562 116561 116560 116559 116558 116557 116556 116555 116554 116553 116552 116551 116550 116549 116548 116547 116546 116545 116544 116543 116542 116541 116540 116539 116538 116537 116536 116535 116534 116533 116532 116531 116530 116529 116528 116527 116526 116525 116524 116523 116522 116521 116520 116519 116518 116517 116516 116515 116514 116513 116512 116511 116510 116509 116508 116507 116506 116505 116504 116503 116502 116501 116500 116499 116498 116497 116496 116495 116494 116493 116492 116491 116490 116489 116488 116487 116486 116485 116484 116483 116482 116481 116480 116479 116478 116477 116476 116475 116474 116473 116472 116471 116470 116469 116468 116467 116466 116465 116464 116463 116462 116461 116460 116459 116458 116457 116456 116455 116454 116453 116452 116451 116450 116449 116448 116447 116446 116445 116444 116443 116442 116441 116440 116439 116438 116437 116436 116435 116434 116433 116432 116431 116430 116429 116428 116427 116426 116425 116424 116423 116422 116421 116420 116419 116418 116417 116416 116415 116414 116413 116412 116411 116410 116409 116408 116407 116406 116405 116404 116403 116402 116401 116400 116399 116398 116397 116396 116395 116394 116393 116392 116391 116390 116389 116388 116387 116386 116385 116384 116383 116382 116381 116380 116379 116378 116377 116376 116375 116374 116373 116372 116371 116370 116369 116368 116367 116366 116365 116364 116363 116362 116361 116360 116359 116358 116357 116356 116355 116354 116353 116352 116351 116350 116349 116348 116347 116346 116345 116344 116343 116342 116341 116340 116339 116338 116337 116336 116335 116334 116333 116332 116331 116330 116329 116328 116327 116326 116325 116324 116323 116322 116321 116320 116319 116318 116317 116316 116315 116314 116313 116312 116311 116310 116309 116308 116307 116306 116305 116304 116303 116302 116301 116300 116299 116298 116297 116296 116295 116294 116293 116292 116291 116290 116289 116288 116287 116286 116285 116284 116283 116282 116281 116280 116279 116278 116277 116276 116275 116274 116273 116272 116271 116270 116269 116268 116267 116266 116265 116264 116263 116262 116261 116260 116259 116258 116257 116256 116255 116254 116253 116252 116251 116250 116249 116248 116247 116246 116245 116244 116243 116242 116241 116240 116239 116238 116237 116236 116235 116234 116233 116232 116231 116230 116229 116228 116227 116226 116225 116224 116223 116222 116221 116220 116219 116218 116217 116216 116215 116214 116213 116212 116211 116210 116209 116208 116207 116206 116205 116204 116203 116202 116201 116200 116199 116198 116197 116196 116195 116194 116193 116192 116191 116190 116189 116188 116187 116186 116185 116184 116183 116182 116181 116180 116179 116178 116177 116176 116175 116174 116173 116172 116171 116170 116169 116168 116167 116166 116165 116164 116163 116162 116161 116160 116159 116158 116157 116156 116155 116154 116153 116152 116151 116150 116149 116148 116147 116146 116145 116144 116143 116142 116141 116140 116139 116138 116137 116136 116135 116134 116133 116132 116131 116130 116129 116128 116127 116126 116125 116124 116123 116122 116121 116120 116119 116118 116117 116116 116115 116114 116113 116112 116111 116110 116109 116108 116107 116106 116105 116104 116103 116102 116101 116100 116099 116098 116097 116096 116095 116094 116093 116092 116091 116090 116089 116088 116087 116086 116085 116084 116083 116082 116081 116080 116079 116078 116077 116076 116075 116074 116073 116072 116071 116070 116069 116068 116067 116066 116065 116064 116063 116062 116061 116060 116059 116058 116057 116056 116055 116054 116053 116052 116051 116050 116049 116048 116047 116046 116045 116044 116043 116042 116041 116040 116039 116038 116037 116036 116035 116034 116033 116032 116031 116030 116029 116028 116027 116026 116025 116024 116023 116022 116021 116020 116019 116018 116017 116016 116015 116014 116013 116012 116011 116010 116009 116008 116007 116006 116005 116004 116003 116002 116001 116000 115999 115998 115997 115996 115995 115994 115993 115992 115991 115990 115989 115988 115987 115986 115985 115984 115983 115982 115981 115980 115979 115978 115977 115976 115975 115974 115973 115972 115971 115970 115969 115968 115967 115966 115965 115964 115963 115962 115961 115960 115959 115958 115957 115956 115955 115954 115953 115952 115951 115950 115949 115948 115947 115946 115945 115944 115943 115942 115941 115940 115939 115938 115937 115936 115935 115934 115933 115932 115931 115930 115929 115928 115927 115926 115925 115924 115923 115922 115921 115920 115919 115918 115917 115916 115915 115914 115913 115912 115911 115910 115909 115908 115907 115906 115905 115904 115903 115902 115901 115900 115899 115898 115897 115896 115895 115894 115893 115892 115891 115890 115889 115888 115887 115886 115885 115884 115883 115882 115881 115880 115879 115878 115877 115876 115875 115874 115873 115872 115871 115870 115869 115868 115867 115866 115865 115864 115863 115862 115861 115860 115859 115858 115857 115856 115855 115854 115853 115852 115851 115850 115849 115848 115847 115846 115845 115844 115843 115842 115841 115840 115839 115838 115837 115836 115835 115834 115833 115832 115831 115830 115829 115828 115827 115826 115825 115824 115823 115822 115821 115820 115819 115818 115817 115816 115815 115814 115813 115812 115811 115810 115809 115808 115807 115806 115805 115804 115803 115802 115801 115800 115799 115798 115797 115796 115795 115794 115793 115792 115791 115790 115789 115788 115787 115786 115785 115784 115783 115782 115781 115780 115779 115778 115777 115776 115775 115774 115773 115772 115771 115770 115769 115768 115767 115766 115765 115764 115763 115762 115761 115760 115759 115758 115757 115756 115755 115754 115753 115752 115751 115750 115749 115748 115747 115746 115745 115744 115743 115742 115741 115740 115739 115738 115737 115736 115735 115734 115733 115732 115731 115730 115729 115728 115727 115726 115725 115724 115723 115722 115721 115720 115719 115718 115717 115716 115715 115714 115713 115712 115711 115710 115709 115708 115707 115706 115705 115704 115703 115702 115701 115700 115699 115698 115697 115696 115695 115694 115693 115692 115691 115690 115689 115688 115687 115686 115685 115684 115683 115682 115681 115680 115679 115678 115677 115676 115675 115674 115673 115672 115671 115670 115669 115668 115667 115666 115665 115664 115663 115662 115661 115660 115659 115658 115657 115656 115655 115654 115653 115652 115651 115650 115649 115648 115647 115646 115645 115644 115643 115642 115641 115640 115639 115638 115637 115636 115635 115634 115633 115632 115631 115630 115629 115628 115627 115626 115625 115624 115623 115622 115621 115620 115619 115618 115617 115616 115615 115614 115613 115612 115611 115610 115609 115608 115607 115606 115605 115604 115603 115602 115601 115600 115599 115598 115597 115596 115595 115594 115593 115592 115591 115590 115589 115588 115587 115586 115585 115584 115583 115582 115581 115580 115579 115578 115577 115576 115575 115574 115573 115572 115571 115570 115569 115568 115567 115566 115565 115564 115563 115562 115561 115560 115559 115558 115557 115556 115555 115554 115553 115552 115551 115550 115549 115548 115547 115546 115545 115544 115543 115542 115541 115540 115539 115538 115537 115536 115535 115534 115533 115532 115531 115530 115529 115528 115527 115526 115525 115524 115523 115522 115521 115520 115519 115518 115517 115516 115515 115514 115513 115512 115511 115510 115509 115508 115507 115506 115505 115504 115503 115502 115501 115500 115499 115498 115497 115496 115495 115494 115493 115492 115491 115490 115489 115488 115487 115486 115485 115484 115483 115482 115481 115480 115479 115478 115477 115476 115475 115474 115473 115472 115471 115470 115469 115468 115467 115466 115465 115464 115463 115462 115461 115460 115459 115458 115457 115456 115455 115454 115453 115452 115451 115450 115449 115448 115447 115446 115445 115444 115443 115442 115441 115440 115439 115438 115437 115436 115435 115434 115433 115432 115431 115430 115429 115428 115427 115426 115425 115424 115423 115422 115421 115420 115419 115418 115417 115416 115415 115414 115413 115412 115411 115410 115409 115408 115407 115406 115405 115404 115403 115402 115401 115400 115399 115398 115397 115396 115395 115394 115393 115392 115391 115390 115389 115388 115387 115386 115385 115384 115383 115382 115381 115380 115379 115378 115377 115376 115375 115374 115373 115372 115371 115370 115369 115368 115367 115366 115365 115364 115363 115362 115361 115360 115359 115358 115357 115356 115355 115354 115353 115352 115351 115350 115349 115348 115347 115346 115345 115344 115343 115342 115341 115340 115339 115338 115337 115336 115335 115334 115333 115332 115331 115330 115329 115328 115327 115326 115325 115324 115323 115322 115321 115320 115319 115318 115317 115316 115315 115314 115313 115312 115311 115310 115309 115308 115307 115306 115305 115304 115303 115302 115301 115300 115299 115298 115297 115296 115295 115294 115293 115292 115291 115290 115289 115288 115287 115286 115285 115284 115283 115282 115281 115280 115279 115278 115277 115276 115275 115274 115273 115272 115271 115270 115269 115268 115267 115266 115265 115264 115263 115262 115261 115260 115259 115258 115257 115256 115255 115254 115253 115252 115251 115250 115249 115248 115247 115246 115245 115244 115243 115242 115241 115240 115239 115238 115237 115236 115235 115234 115233 115232 115231 115230 115229 115228 115227 115226 115225 115224 115223 115222 115221 115220 115219 115218 115217 115216 115215 115214 115213 115212 115211 115210 115209 115208 115207 115206 115205 115204 115203 115202 115201 115200 115199 115198 115197 115196 115195 115194 115193 115192 115191 115190 115189 115188 115187 115186 115185 115184 115183 115182 115181 115180 115179 115178 115177 115176 115175 115174 115173 115172 115171 115170 115169 115168 115167 115166 115165 115164 115163 115162 115161 115160 115159 115158 115157 115156 115155 115154 115153 115152 115151 115150 115149 115148 115147 115146 115145 115144 115143 115142 115141 115140 115139 115138 115137 115136 115135 115134 115133 115132 115131 115130 115129 115128 115127 115126 115125 115124 115123 115122 115121 115120 115119 115118 115117 115116 115115 115114 115113 115112 115111 115110 115109 115108 115107 115106 115105 115104 115103 115102 115101 115100 115099 115098 115097 115096 115095 115094 115093 115092 115091 115090 115089 115088 115087 115086 115085 115084 115083 115082 115081 115080 115079 115078 115077 115076 115075 115074 115073 115072 115071 115070 115069 115068 115067 115066 115065 115064 115063 115062 115061 115060 115059 115058 115057 115056 115055 115054 115053 115052 115051 115050 115049 115048 115047 115046 115045 115044 115043 115042 115041 115040 115039 115038 115037 115036 115035 115034 115033 115032 115031 115030 115029 115028 115027 115026 115025 115024 115023 115022 115021 115020 115019 115018 115017 115016 115015 115014 115013 115012 115011 115010 115009 115008 115007 115006 115005 115004 115003 115002 115001 115000 114999 114998 114997 114996 114995 114994 114993 114992 114991 114990 114989 114988 114987 114986 114985 114984 114983 114982 114981 114980 114979 114978 114977 114976 114975 114974 114973 114972 114971 114970 114969 114968 114967 114966 114965 114964 114963 114962 114961 114960 114959 114958 114957 114956 114955 114954 114953 114952 114951 114950 114949 114948 114947 114946 114945 114944 114943 114942 114941 114940 114939 114938 114937 114936 114935 114934 114933 114932 114931 114930 114929 114928 114927 114926 114925 114924 114923 114922 114921 114920 114919 114918 114917 114916 114915 114914 114913 114912 114911 114910 114909 114908 114907 114906 114905 114904 114903 114902 114901 114900 114899 114898 114897 114896 114895 114894 114893 114892 114891 114890 114889 114888 114887 114886 114885 114884 114883 114882 114881 114880 114879 114878 114877 114876 114875 114874 114873 114872 114871 114870 114869 114868 114867 114866 114865 114864 114863 114862 114861 114860 114859 114858 114857 114856 114855 114854 114853 114852 114851 114850 114849 114848 114847 114846 114845 114844 114843 114842 114841 114840 114839 114838 114837 114836 114835 114834 114833 114832 114831 114830 114829 114828 114827 114826 114825 114824 114823 114822 114821 114820 114819 114818 114817 114816 114815 114814 114813 114812 114811 114810 114809 114808 114807 114806 114805 114804 114803 114802 114801 114800 114799 114798 114797 114796 114795 114794 114793 114792 114791 114790 114789 114788 114787 114786 114785 114784 114783 114782 114781 114780 114779 114778 114777 114776 114775 114774 114773 114772 114771 114770 114769 114768 114767 114766 114765 114764 114763 114762 114761 114760 114759 114758 114757 114756 114755 114754 114753 114752 114751 114750 114749 114748 114747 114746 114745 114744 114743 114742 114741 114740 114739 114738 114737 114736 114735 114734 114733 114732 114731 114730 114729 114728 114727 114726 114725 114724 114723 114722 114721 114720 114719 114718 114717 114716 114715 114714 114713 114712 114711 114710 114709 114708 114707 114706 114705 114704 114703 114702 114701 114700 114699 114698 114697 114696 114695 114694 114693 114692 114691 114690 114689 114688 114687 114686 114685 114684 114683 114682 114681 114680 114679 114678 114677 114676 114675 114674 114673 114672 114671 114670 114669 114668 114667 114666 114665 114664 114663 114662 114661 114660 114659 114658 114657 114656 114655 114654 114653 114652 114651 114650 114649 114648 114647 114646 114645 114644 114643 114642 114641 114640 114639 114638 114637 114636 114635 114634 114633 114632 114631 114630 114629 114628 114627 114626 114625 114624 114623 114622 114621 114620 114619 114618 114617 114616 114615 114614 114613 114612 114611 114610 114609 114608 114607 114606 114605 114604 114603 114602 114601 114600 114599 114598 114597 114596 114595 114594 114593 114592 114591 114590 114589 114588 114587 114586 114585 114584 114583 114582 114581 114580 114579 114578 114577 114576 114575 114574 114573 114572 114571 114570 114569 114568 114567 114566 114565 114564 114563 114562 114561 114560 114559 114558 114557 114556 114555 114554 114553 114552 114551 114550 114549 114548 114547 114546 114545 114544 114543 114542 114541 114540 114539 114538 114537 114536 114535 114534 114533 114532 114531 114530 114529 114528 114527 114526 114525 114524 114523 114522 114521 114520 114519 114518 114517 114516 114515 114514 114513 114512 114511 114510 114509 114508 114507 114506 114505 114504 114503 114502 114501 114500 114499 114498 114497 114496 114495 114494 114493 114492 114491 114490 114489 114488 114487 114486 114485 114484 114483 114482 114481 114480 114479 114478 114477 114476 114475 114474 114473 114472 114471 114470 114469 114468 114467 114466 114465 114464 114463 114462 114461 114460 114459 114458 114457 114456 114455 114454 114453 114452 114451 114450 114449 114448 114447 114446 114445 114444 114443 114442 114441 114440 114439 114438 114437 114436 114435 114434 114433 114432 114431 114430 114429 114428 114427 114426 114425 114424 114423 114422 114421 114420 114419 114418 114417 114416 114415 114414 114413 114412 114411 114410 114409 114408 114407 114406 114405 114404 114403 114402 114401 114400 114399 114398 114397 114396 114395 114394 114393 114392 114391 114390 114389 114388 114387 114386 114385 114384 114383 114382 114381 114380 114379 114378 114377 114376 114375 114374 114373 114372 114371 114370 114369 114368 114367 114366 114365 114364 114363 114362 114361 114360 114359 114358 114357 114356 114355 114354 114353 114352 114351 114350 114349 114348 114347 114346 114345 114344 114343 114342 114341 114340 114339 114338 114337 114336 114335 114334 114333 114332 114331 114330 114329 114328 114327 114326 114325 114324 114323 114322 114321 114320 114319 114318 114317 114316 114315 114314 114313 114312 114311 114310 114309 114308 114307 114306 114305 114304 114303 114302 114301 114300 114299 114298 114297 114296 114295 114294 114293 114292 114291 114290 114289 114288 114287 114286 114285 114284 114283 114282 114281 114280 114279 114278 114277 114276 114275 114274 114273 114272 114271 114270 114269 114268 114267 114266 114265 114264 114263 114262 114261 114260 114259 114258 114257 114256 114255 114254 114253 114252 114251 114250 114249 114248 114247 114246 114245 114244 114243 114242 114241 114240 114239 114238 114237 114236 114235 114234 114233 114232 114231 114230 114229 114228 114227 114226 114225 114224 114223 114222 114221 114220 114219 114218 114217 114216 114215 114214 114213 114212 114211 114210 114209 114208 114207 114206 114205 114204 114203 114202 114201 114200 114199 114198 114197 114196 114195 114194 114193 114192 114191 114190 114189 114188 114187 114186 114185 114184 114183 114182 114181 114180 114179 114178 114177 114176 114175 114174 114173 114172 114171 114170 114169 114168 114167 114166 114165 114164 114163 114162 114161 114160 114159 114158 114157 114156 114155 114154 114153 114152 114151 114150 114149 114148 114147 114146 114145 114144 114143 114142 114141 114140 114139 114138 114137 114136 114135 114134 114133 114132 114131 114130 114129 114128 114127 114126 114125 114124 114123 114122 114121 114120 114119 114118 114117 114116 114115 114114 114113 114112 114111 114110 114109 114108 114107 114106 114105 114104 114103 114102 114101 114100 114099 114098 114097 114096 114095 114094 114093 114092 114091 114090 114089 114088 114087 114086 114085 114084 114083 114082 114081 114080 114079 114078 114077 114076 114075 114074 114073 114072 114071 114070 114069 114068 114067 114066 114065 114064 114063 114062 114061 114060 114059 114058 114057 114056 114055 114054 114053 114052 114051 114050 114049 114048 114047 114046 114045 114044 114043 114042 114041 114040 114039 114038 114037 114036 114035 114034 114033 114032 114031 114030 114029 114028 114027 114026 114025 114024 114023 114022 114021 114020 114019 114018 114017 114016 114015 114014 114013 114012 114011 114010 114009 114008 114007 114006 114005 114004 114003 114002 114001 114000 113999 113998 113997 113996 113995 113994 113993 113992 113991 113990 113989 113988 113987 113986 113985 113984 113983 113982 113981 113980 113979 113978 113977 113976 113975 113974 113973 113972 113971 113970 113969 113968 113967 113966 113965 113964 113963 113962 113961 113960 113959 113958 113957 113956 113955 113954 113953 113952 113951 113950 113949 113948 113947 113946 113945 113944 113943 113942 113941 113940 113939 113938 113937 113936 113935 113934 113933 113932 113931 113930 113929 113928 113927 113926 113925 113924 113923 113922 113921 113920 113919 113918 113917 113916 113915 113914 113913 113912 113911 113910 113909 113908 113907 113906 113905 113904 113903 113902 113901 113900 113899 113898 113897 113896 113895 113894 113893 113892 113891 113890 113889 113888 113887 113886 113885 113884 113883 113882 113881 113880 113879 113878 113877 113876 113875 113874 113873 113872 113871 113870 113869 113868 113867 113866 113865 113864 113863 113862 113861 113860 113859 113858 113857 113856 113855 113854 113853 113852 113851 113850 113849 113848 113847 113846 113845 113844 113843 113842 113841 113840 113839 113838 113837 113836 113835 113834 113833 113832 113831 113830 113829 113828 113827 113826 113825 113824 113823 113822 113821 113820 113819 113818 113817 113816 113815 113814 113813 113812 113811 113810 113809 113808 113807 113806 113805 113804 113803 113802 113801 113800 113799 113798 113797 113796 113795 113794 113793 113792 113791 113790 113789 113788 113787 113786 113785 113784 113783 113782 113781 113780 113779 113778 113777 113776 113775 113774 113773 113772 113771 113770 113769 113768 113767 113766 113765 113764 113763 113762 113761 113760 113759 113758 113757 113756 113755 113754 113753 113752 113751 113750 113749 113748 113747 113746 113745 113744 113743 113742 113741 113740 113739 113738 113737 113736 113735 113734 113733 113732 113731 113730 113729 113728 113727 113726 113725 113724 113723 113722 113721 113720 113719 113718 113717 113716 113715 113714 113713 113712 113711 113710 113709 113708 113707 113706 113705 113704 113703 113702 113701 113700 113699 113698 113697 113696 113695 113694 113693 113692 113691 113690 113689 113688 113687 113686 113685 113684 113683 113682 113681 113680 113679 113678 113677 113676 113675 113674 113673 113672 113671 113670 113669 113668 113667 113666 113665 113664 113663 113662 113661 113660 113659 113658 113657 113656 113655 113654 113653 113652 113651 113650 113649 113648 113647 113646 113645 113644 113643 113642 113641 113640 113639 113638 113637 113636 113635 113634 113633 113632 113631 113630 113629 113628 113627 113626 113625 113624 113623 113622 113621 113620 113619 113618 113617 113616 113615 113614 113613 113612 113611 113610 113609 113608 113607 113606 113605 113604 113603 113602 113601 113600 113599 113598 113597 113596 113595 113594 113593 113592 113591 113590 113589 113588 113587 113586 113585 113584 113583 113582 113581 113580 113579 113578 113577 113576 113575 113574 113573 113572 113571 113570 113569 113568 113567 113566 113565 113564 113563 113562 113561 113560 113559 113558 113557 113556 113555 113554 113553 113552 113551 113550 113549 113548 113547 113546 113545 113544 113543 113542 113541 113540 113539 113538 113537 113536 113535 113534 113533 113532 113531 113530 113529 113528 113527 113526 113525 113524 113523 113522 113521 113520 113519 113518 113517 113516 113515 113514 113513 113512 113511 113510 113509 113508 113507 113506 113505 113504 113503 113502 113501 113500 113499 113498 113497 113496 113495 113494 113493 113492 113491 113490 113489 113488 113487 113486 113485 113484 113483 113482 113481 113480 113479 113478 113477 113476 113475 113474 113473 113472 113471 113470 113469 113468 113467 113466 113465 113464 113463 113462 113461 113460 113459 113458 113457 113456 113455 113454 113453 113452 113451 113450 113449 113448 113447 113446 113445 113444 113443 113442 113441 113440 113439 113438 113437 113436 113435 113434 113433 113432 113431 113430 113429 113428 113427 113426 113425 113424 113423 113422 113421 113420 113419 113418 113417 113416 113415 113414 113413 113412 113411 113410 113409 113408 113407 113406 113405 113404 113403 113402 113401 113400 113399 113398 113397 113396 113395 113394 113393 113392 113391 113390 113389 113388 113387 113386 113385 113384 113383 113382 113381 113380 113379 113378 113377 113376 113375 113374 113373 113372 113371 113370 113369 113368 113367 113366 113365 113364 113363 113362 113361 113360 113359 113358 113357 113356 113355 113354 113353 113352 113351 113350 113349 113348 113347 113346 113345 113344 113343 113342 113341 113340 113339 113338 113337 113336 113335 113334 113333 113332 113331 113330 113329 113328 113327 113326 113325 113324 113323 113322 113321 113320 113319 113318 113317 113316 113315 113314 113313 113312 113311 113310 113309 113308 113307 113306 113305 113304 113303 113302 113301 113300 113299 113298 113297 113296 113295 113294 113293 113292 113291 113290 113289 113288 113287 113286 113285 113284 113283 113282 113281 113280 113279 113278 113277 113276 113275 113274 113273 113272 113271 113270 113269 113268 113267 113266 113265 113264 113263 113262 113261 113260 113259 113258 113257 113256 113255 113254 113253 113252 113251 113250 113249 113248 113247 113246 113245 113244 113243 113242 113241 113240 113239 113238 113237 113236 113235 113234 113233 113232 113231 113230 113229 113228 113227 113226 113225 113224 113223 113222 113221 113220 113219 113218 113217 113216 113215 113214 113213 113212 113211 113210 113209 113208 113207 113206 113205 113204 113203 113202 113201 113200 113199 113198 113197 113196 113195 113194 113193 113192 113191 113190 113189 113188 113187 113186 113185 113184 113183 113182 113181 113180 113179 113178 113177 113176 113175 113174 113173 113172 113171 113170 113169 113168 113167 113166 113165 113164 113163 113162 113161 113160 113159 113158 113157 113156 113155 113154 113153 113152 113151 113150 113149 113148 113147 113146 113145 113144 113143 113142 113141 113140 113139 113138 113137 113136 113135 113134 113133 113132 113131 113130 113129 113128 113127 113126 113125 113124 113123 113122 113121 113120 113119 113118 113117 113116 113115 113114 113113 113112 113111 113110 113109 113108 113107 113106 113105 113104 113103 113102 113101 113100 113099 113098 113097 113096 113095 113094 113093 113092 113091 113090 113089 113088 113087 113086 113085 113084 113083 113082 113081 113080 113079 113078 113077 113076 113075 113074 113073 113072 113071 113070 113069 113068 113067 113066 113065 113064 113063 113062 113061 113060 113059 113058 113057 113056 113055 113054 113053 113052 113051 113050 113049 113048 113047 113046 113045 113044 113043 113042 113041 113040 113039 113038 113037 113036 113035 113034 113033 113032 113031 113030 113029 113028 113027 113026 113025 113024 113023 113022 113021 113020 113019 113018 113017 113016 113015 113014 113013 113012 113011 113010 113009 113008 113007 113006 113005 113004 113003 113002 113001 113000 112999 112998 112997 112996 112995 112994 112993 112992 112991 112990 112989 112988 112987 112986 112985 112984 112983 112982 112981 112980 112979 112978 112977 112976 112975 112974 112973 112972 112971 112970 112969 112968 112967 112966 112965 112964 112963 112962 112961 112960 112959 112958 112957 112956 112955 112954 112953 112952 112951 112950 112949 112948 112947 112946 112945 112944 112943 112942 112941 112940 112939 112938 112937 112936 112935 112934 112933 112932 112931 112930 112929 112928 112927 112926 112925 112924 112923 112922 112921 112920 112919 112918 112917 112916 112915 112914 112913 112912 112911 112910 112909 112908 112907 112906 112905 112904 112903 112902 112901 112900 112899 112898 112897 112896 112895 112894 112893 112892 112891 112890 112889 112888 112887 112886 112885 112884 112883 112882 112881 112880 112879 112878 112877 112876 112875 112874 112873 112872 112871 112870 112869 112868 112867 112866 112865 112864 112863 112862 112861 112860 112859 112858 112857 112856 112855 112854 112853 112852 112851 112850 112849 112848 112847 112846 112845 112844 112843 112842 112841 112840 112839 112838 112837 112836 112835 112834 112833 112832 112831 112830 112829 112828 112827 112826 112825 112824 112823 112822 112821 112820 112819 112818 112817 112816 112815 112814 112813 112812 112811 112810 112809 112808 112807 112806 112805 112804 112803 112802 112801 112800 112799 112798 112797 112796 112795 112794 112793 112792 112791 112790 112789 112788 112787 112786 112785 112784 112783 112782 112781 112780 112779 112778 112777 112776 112775 112774 112773 112772 112771 112770 112769 112768 112767 112766 112765 112764 112763 112762 112761 112760 112759 112758 112757 112756 112755 112754 112753 112752 112751 112750 112749 112748 112747 112746 112745 112744 112743 112742 112741 112740 112739 112738 112737 112736 112735 112734 112733 112732 112731 112730 112729 112728 112727 112726 112725 112724 112723 112722 112721 112720 112719 112718 112717 112716 112715 112714 112713 112712 112711 112710 112709 112708 112707 112706 112705 112704 112703 112702 112701 112700 112699 112698 112697 112696 112695 112694 112693 112692 112691 112690 112689 112688 112687 112686 112685 112684 112683 112682 112681 112680 112679 112678 112677 112676 112675 112674 112673 112672 112671 112670 112669 112668 112667 112666 112665 112664 112663 112662 112661 112660 112659 112658 112657 112656 112655 112654 112653 112652 112651 112650 112649 112648 112647 112646 112645 112644 112643 112642 112641 112640 112639 112638 112637 112636 112635 112634 112633 112632 112631 112630 112629 112628 112627 112626 112625 112624 112623 112622 112621 112620 112619 112618 112617 112616 112615 112614 112613 112612 112611 112610 112609 112608 112607 112606 112605 112604 112603 112602 112601 112600 112599 112598 112597 112596 112595 112594 112593 112592 112591 112590 112589 112588 112587 112586 112585 112584 112583 112582 112581 112580 112579 112578 112577 112576 112575 112574 112573 112572 112571 112570 112569 112568 112567 112566 112565 112564 112563 112562 112561 112560 112559 112558 112557 112556 112555 112554 112553 112552 112551 112550 112549 112548 112547 112546 112545 112544 112543 112542 112541 112540 112539 112538 112537 112536 112535 112534 112533 112532 112531 112530 112529 112528 112527 112526 112525 112524 112523 112522 112521 112520 112519 112518 112517 112516 112515 112514 112513 112512 112511 112510 112509 112508 112507 112506 112505 112504 112503 112502 112501 112500 112499 112498 112497 112496 112495 112494 112493 112492 112491 112490 112489 112488 112487 112486 112485 112484 112483 112482 112481 112480 112479 112478 112477 112476 112475 112474 112473 112472 112471 112470 112469 112468 112467 112466 112465 112464 112463 112462 112461 112460 112459 112458 112457 112456 112455 112454 112453 112452 112451 112450 112449 112448 112447 112446 112445 112444 112443 112442 112441 112440 112439 112438 112437 112436 112435 112434 112433 112432 112431 112430 112429 112428 112427 112426 112425 112424 112423 112422 112421 112420 112419 112418 112417 112416 112415 112414 112413 112412 112411 112410 112409 112408 112407 112406 112405 112404 112403 112402 112401 112400 112399 112398 112397 112396 112395 112394 112393 112392 112391 112390 112389 112388 112387 112386 112385 112384 112383 112382 112381 112380 112379 112378 112377 112376 112375 112374 112373 112372 112371 112370 112369 112368 112367 112366 112365 112364 112363 112362 112361 112360 112359 112358 112357 112356 112355 112354 112353 112352 112351 112350 112349 112348 112347 112346 112345 112344 112343 112342 112341 112340 112339 112338 112337 112336 112335 112334 112333 112332 112331 112330 112329 112328 112327 112326 112325 112324 112323 112322 112321 112320 112319 112318 112317 112316 112315 112314 112313 112312 112311 112310 112309 112308 112307 112306 112305 112304 112303 112302 112301 112300 112299 112298 112297 112296 112295 112294 112293 112292 112291 112290 112289 112288 112287 112286 112285 112284 112283 112282 112281 112280 112279 112278 112277 112276 112275 112274 112273 112272 112271 112270 112269 112268 112267 112266 112265 112264 112263 112262 112261 112260 112259 112258 112257 112256 112255 112254 112253 112252 112251 112250 112249 112248 112247 112246 112245 112244 112243 112242 112241 112240 112239 112238 112237 112236 112235 112234 112233 112232 112231 112230 112229 112228 112227 112226 112225 112224 112223 112222 112221 112220 112219 112218 112217 112216 112215 112214 112213 112212 112211 112210 112209 112208 112207 112206 112205 112204 112203 112202 112201 112200 112199 112198 112197 112196 112195 112194 112193 112192 112191 112190 112189 112188 112187 112186 112185 112184 112183 112182 112181 112180 112179 112178 112177 112176 112175 112174 112173 112172 112171 112170 112169 112168 112167 112166 112165 112164 112163 112162 112161 112160 112159 112158 112157 112156 112155 112154 112153 112152 112151 112150 112149 112148 112147 112146 112145 112144 112143 112142 112141 112140 112139 112138 112137 112136 112135 112134 112133 112132 112131 112130 112129 112128 112127 112126 112125 112124 112123 112122 112121 112120 112119 112118 112117 112116 112115 112114 112113 112112 112111 112110 112109 112108 112107 112106 112105 112104 112103 112102 112101 112100 112099 112098 112097 112096 112095 112094 112093 112092 112091 112090 112089 112088 112087 112086 112085 112084 112083 112082 112081 112080 112079 112078 112077 112076 112075 112074 112073 112072 112071 112070 112069 112068 112067 112066 112065 112064 112063 112062 112061 112060 112059 112058 112057 112056 112055 112054 112053 112052 112051 112050 112049 112048 112047 112046 112045 112044 112043 112042 112041 112040 112039 112038 112037 112036 112035 112034 112033 112032 112031 112030 112029 112028 112027 112026 112025 112024 112023 112022 112021 112020 112019 112018 112017 112016 112015 112014 112013 112012 112011 112010 112009 112008 112007 112006 112005 112004 112003 112002 112001 112000 111999 111998 111997 111996 111995 111994 111993 111992 111991 111990 111989 111988 111987 111986 111985 111984 111983 111982 111981 111980 111979 111978 111977 111976 111975 111974 111973 111972 111971 111970 111969 111968 111967 111966 111965 111964 111963 111962 111961 111960 111959 111958 111957 111956 111955 111954 111953 111952 111951 111950 111949 111948 111947 111946 111945 111944 111943 111942 111941 111940 111939 111938 111937 111936 111935 111934 111933 111932 111931 111930 111929 111928 111927 111926 111925 111924 111923 111922 111921 111920 111919 111918 111917 111916 111915 111914 111913 111912 111911 111910 111909 111908 111907 111906 111905 111904 111903 111902 111901 111900 111899 111898 111897 111896 111895 111894 111893 111892 111891 111890 111889 111888 111887 111886 111885 111884 111883 111882 111881 111880 111879 111878 111877 111876 111875 111874 111873 111872 111871 111870 111869 111868 111867 111866 111865 111864 111863 111862 111861 111860 111859 111858 111857 111856 111855 111854 111853 111852 111851 111850 111849 111848 111847 111846 111845 111844 111843 111842 111841 111840 111839 111838 111837 111836 111835 111834 111833 111832 111831 111830 111829 111828 111827 111826 111825 111824 111823 111822 111821 111820 111819 111818 111817 111816 111815 111814 111813 111812 111811 111810 111809 111808 111807 111806 111805 111804 111803 111802 111801 111800 111799 111798 111797 111796 111795 111794 111793 111792 111791 111790 111789 111788 111787 111786 111785 111784 111783 111782 111781 111780 111779 111778 111777 111776 111775 111774 111773 111772 111771 111770 111769 111768 111767 111766 111765 111764 111763 111762 111761 111760 111759 111758 111757 111756 111755 111754 111753 111752 111751 111750 111749 111748 111747 111746 111745 111744 111743 111742 111741 111740 111739 111738 111737 111736 111735 111734 111733 111732 111731 111730 111729 111728 111727 111726 111725 111724 111723 111722 111721 111720 111719 111718 111717 111716 111715 111714 111713 111712 111711 111710 111709 111708 111707 111706 111705 111704 111703 111702 111701 111700 111699 111698 111697 111696 111695 111694 111693 111692 111691 111690 111689 111688 111687 111686 111685 111684 111683 111682 111681 111680 111679 111678 111677 111676 111675 111674 111673 111672 111671 111670 111669 111668 111667 111666 111665 111664 111663 111662 111661 111660 111659 111658 111657 111656 111655 111654 111653 111652 111651 111650 111649 111648 111647 111646 111645 111644 111643 111642 111641 111640 111639 111638 111637 111636 111635 111634 111633 111632 111631 111630 111629 111628 111627 111626 111625 111624 111623 111622 111621 111620 111619 111618 111617 111616 111615 111614 111613 111612 111611 111610 111609 111608 111607 111606 111605 111604 111603 111602 111601 111600 111599 111598 111597 111596 111595 111594 111593 111592 111591 111590 111589 111588 111587 111586 111585 111584 111583 111582 111581 111580 111579 111578 111577 111576 111575 111574 111573 111572 111571 111570 111569 111568 111567 111566 111565 111564 111563 111562 111561 111560 111559 111558 111557 111556 111555 111554 111553 111552 111551 111550 111549 111548 111547 111546 111545 111544 111543 111542 111541 111540 111539 111538 111537 111536 111535 111534 111533 111532 111531 111530 111529 111528 111527 111526 111525 111524 111523 111522 111521 111520 111519 111518 111517 111516 111515 111514 111513 111512 111511 111510 111509 111508 111507 111506 111505 111504 111503 111502 111501 111500 111499 111498 111497 111496 111495 111494 111493 111492 111491 111490 111489 111488 111487 111486 111485 111484 111483 111482 111481 111480 111479 111478 111477 111476 111475 111474 111473 111472 111471 111470 111469 111468 111467 111466 111465 111464 111463 111462 111461 111460 111459 111458 111457 111456 111455 111454 111453 111452 111451 111450 111449 111448 111447 111446 111445 111444 111443 111442 111441 111440 111439 111438 111437 111436 111435 111434 111433 111432 111431 111430 111429 111428 111427 111426 111425 111424 111423 111422 111421 111420 111419 111418 111417 111416 111415 111414 111413 111412 111411 111410 111409 111408 111407 111406 111405 111404 111403 111402 111401 111400 111399 111398 111397 111396 111395 111394 111393 111392 111391 111390 111389 111388 111387 111386 111385 111384 111383 111382 111381 111380 111379 111378 111377 111376 111375 111374 111373 111372 111371 111370 111369 111368 111367 111366 111365 111364 111363 111362 111361 111360 111359 111358 111357 111356 111355 111354 111353 111352 111351 111350 111349 111348 111347 111346 111345 111344 111343 111342 111341 111340 111339 111338 111337 111336 111335 111334 111333 111332 111331 111330 111329 111328 111327 111326 111325 111324 111323 111322 111321 111320 111319 111318 111317 111316 111315 111314 111313 111312 111311 111310 111309 111308 111307 111306 111305 111304 111303 111302 111301 111300 111299 111298 111297 111296 111295 111294 111293 111292 111291 111290 111289 111288 111287 111286 111285 111284 111283 111282 111281 111280 111279 111278 111277 111276 111275 111274 111273 111272 111271 111270 111269 111268 111267 111266 111265 111264 111263 111262 111261 111260 111259 111258 111257 111256 111255 111254 111253 111252 111251 111250 111249 111248 111247 111246 111245 111244 111243 111242 111241 111240 111239 111238 111237 111236 111235 111234 111233 111232 111231 111230 111229 111228 111227 111226 111225 111224 111223 111222 111221 111220 111219 111218 111217 111216 111215 111214 111213 111212 111211 111210 111209 111208 111207 111206 111205 111204 111203 111202 111201 111200 111199 111198 111197 111196 111195 111194 111193 111192 111191 111190 111189 111188 111187 111186 111185 111184 111183 111182 111181 111180 111179 111178 111177 111176 111175 111174 111173 111172 111171 111170 111169 111168 111167 111166 111165 111164 111163 111162 111161 111160 111159 111158 111157 111156 111155 111154 111153 111152 111151 111150 111149 111148 111147 111146 111145 111144 111143 111142 111141 111140 111139 111138 111137 111136 111135 111134 111133 111132 111131 111130 111129 111128 111127 111126 111125 111124 111123 111122 111121 111120 111119 111118 111117 111116 111115 111114 111113 111112 111111 111110 111109 111108 111107 111106 111105 111104 111103 111102 111101 111100 111099 111098 111097 111096 111095 111094 111093 111092 111091 111090 111089 111088 111087 111086 111085 111084 111083 111082 111081 111080 111079 111078 111077 111076 111075 111074 111073 111072 111071 111070 111069 111068 111067 111066 111065 111064 111063 111062 111061 111060 111059 111058 111057 111056 111055 111054 111053 111052 111051 111050 111049 111048 111047 111046 111045 111044 111043 111042 111041 111040 111039 111038 111037 111036 111035 111034 111033 111032 111031 111030 111029 111028 111027 111026 111025 111024 111023 111022 111021 111020 111019 111018 111017 111016 111015 111014 111013 111012 111011 111010 111009 111008 111007 111006 111005 111004 111003 111002 111001 111000 110999 110998 110997 110996 110995 110994 110993 110992 110991 110990 110989 110988 110987 110986 110985 110984 110983 110982 110981 110980 110979 110978 110977 110976 110975 110974 110973 110972 110971 110970 110969 110968 110967 110966 110965 110964 110963 110962 110961 110960 110959 110958 110957 110956 110955 110954 110953 110952 110951 110950 110949 110948 110947 110946 110945 110944 110943 110942 110941 110940 110939 110938 110937 110936 110935 110934 110933 110932 110931 110930 110929 110928 110927 110926 110925 110924 110923 110922 110921 110920 110919 110918 110917 110916 110915 110914 110913 110912 110911 110910 110909 110908 110907 110906 110905 110904 110903 110902 110901 110900 110899 110898 110897 110896 110895 110894 110893 110892 110891 110890 110889 110888 110887 110886 110885 110884 110883 110882 110881 110880 110879 110878 110877 110876 110875 110874 110873 110872 110871 110870 110869 110868 110867 110866 110865 110864 110863 110862 110861 110860 110859 110858 110857 110856 110855 110854 110853 110852 110851 110850 110849 110848 110847 110846 110845 110844 110843 110842 110841 110840 110839 110838 110837 110836 110835 110834 110833 110832 110831 110830 110829 110828 110827 110826 110825 110824 110823 110822 110821 110820 110819 110818 110817 110816 110815 110814 110813 110812 110811 110810 110809 110808 110807 110806 110805 110804 110803 110802 110801 110800 110799 110798 110797 110796 110795 110794 110793 110792 110791 110790 110789 110788 110787 110786 110785 110784 110783 110782 110781 110780 110779 110778 110777 110776 110775 110774 110773 110772 110771 110770 110769 110768 110767 110766 110765 110764 110763 110762 110761 110760 110759 110758 110757 110756 110755 110754 110753 110752 110751 110750 110749 110748 110747 110746 110745 110744 110743 110742 110741 110740 110739 110738 110737 110736 110735 110734 110733 110732 110731 110730 110729 110728 110727 110726 110725 110724 110723 110722 110721 110720 110719 110718 110717 110716 110715 110714 110713 110712 110711 110710 110709 110708 110707 110706 110705 110704 110703 110702 110701 110700 110699 110698 110697 110696 110695 110694 110693 110692 110691 110690 110689 110688 110687 110686 110685 110684 110683 110682 110681 110680 110679 110678 110677 110676 110675 110674 110673 110672 110671 110670 110669 110668 110667 110666 110665 110664 110663 110662 110661 110660 110659 110658 110657 110656 110655 110654 110653 110652 110651 110650 110649 110648 110647 110646 110645 110644 110643 110642 110641 110640 110639 110638 110637 110636 110635 110634 110633 110632 110631 110630 110629 110628 110627 110626 110625 110624 110623 110622 110621 110620 110619 110618 110617 110616 110615 110614 110613 110612 110611 110610 110609 110608 110607 110606 110605 110604 110603 110602 110601 110600 110599 110598 110597 110596 110595 110594 110593 110592 110591 110590 110589 110588 110587 110586 110585 110584 110583 110582 110581 110580 110579 110578 110577 110576 110575 110574 110573 110572 110571 110570 110569 110568 110567 110566 110565 110564 110563 110562 110561 110560 110559 110558 110557 110556 110555 110554 110553 110552 110551 110550 110549 110548 110547 110546 110545 110544 110543 110542 110541 110540 110539 110538 110537 110536 110535 110534 110533 110532 110531 110530 110529 110528 110527 110526 110525 110524 110523 110522 110521 110520 110519 110518 110517 110516 110515 110514 110513 110512 110511 110510 110509 110508 110507 110506 110505 110504 110503 110502 110501 110500 110499 110498 110497 110496 110495 110494 110493 110492 110491 110490 110489 110488 110487 110486 110485 110484 110483 110482 110481 110480 110479 110478 110477 110476 110475 110474 110473 110472 110471 110470 110469 110468 110467 110466 110465 110464 110463 110462 110461 110460 110459 110458 110457 110456 110455 110454 110453 110452 110451 110450 110449 110448 110447 110446 110445 110444 110443 110442 110441 110440 110439 110438 110437 110436 110435 110434 110433 110432 110431 110430 110429 110428 110427 110426 110425 110424 110423 110422 110421 110420 110419 110418 110417 110416 110415 110414 110413 110412 110411 110410 110409 110408 110407 110406 110405 110404 110403 110402 110401 110400 110399 110398 110397 110396 110395 110394 110393 110392 110391 110390 110389 110388 110387 110386 110385 110384 110383 110382 110381 110380 110379 110378 110377 110376 110375 110374 110373 110372 110371 110370 110369 110368 110367 110366 110365 110364 110363 110362 110361 110360 110359 110358 110357 110356 110355 110354 110353 110352 110351 110350 110349 110348 110347 110346 110345 110344 110343 110342 110341 110340 110339 110338 110337 110336 110335 110334 110333 110332 110331 110330 110329 110328 110327 110326 110325 110324 110323 110322 110321 110320 110319 110318 110317 110316 110315 110314 110313 110312 110311 110310 110309 110308 110307 110306 110305 110304 110303 110302 110301 110300 110299 110298 110297 110296 110295 110294 110293 110292 110291 110290 110289 110288 110287 110286 110285 110284 110283 110282 110281 110280 110279 110278 110277 110276 110275 110274 110273 110272 110271 110270 110269 110268 110267 110266 110265 110264 110263 110262 110261 110260 110259 110258 110257 110256 110255 110254 110253 110252 110251 110250 110249 110248 110247 110246 110245 110244 110243 110242 110241 110240 110239 110238 110237 110236 110235 110234 110233 110232 110231 110230 110229 110228 110227 110226 110225 110224 110223 110222 110221 110220 110219 110218 110217 110216 110215 110214 110213 110212 110211 110210 110209 110208 110207 110206 110205 110204 110203 110202 110201 110200 110199 110198 110197 110196 110195 110194 110193 110192 110191 110190 110189 110188 110187 110186 110185 110184 110183 110182 110181 110180 110179 110178 110177 110176 110175 110174 110173 110172 110171 110170 110169 110168 110167 110166 110165 110164 110163 110162 110161 110160 110159 110158 110157 110156 110155 110154 110153 110152 110151 110150 110149 110148 110147 110146 110145 110144 110143 110142 110141 110140 110139 110138 110137 110136 110135 110134 110133 110132 110131 110130 110129 110128 110127 110126 110125 110124 110123 110122 110121 110120 110119 110118 110117 110116 110115 110114 110113 110112 110111 110110 110109 110108 110107 110106 110105 110104 110103 110102 110101 110100 110099 110098 110097 110096 110095 110094 110093 110092 110091 110090 110089 110088 110087 110086 110085 110084 110083 110082 110081 110080 110079 110078 110077 110076 110075 110074 110073 110072 110071 110070 110069 110068 110067 110066 110065 110064 110063 110062 110061 110060 110059 110058 110057 110056 110055 110054 110053 110052 110051 110050 110049 110048 110047 110046 110045 110044 110043 110042 110041 110040 110039 110038 110037 110036 110035 110034 110033 110032 110031 110030 110029 110028 110027 110026 110025 110024 110023 110022 110021 110020 110019 110018 110017 110016 110015 110014 110013 110012 110011 110010 110009 110008 110007 110006 110005 110004 110003 110002 110001 110000 109999 109998 109997 109996 109995 109994 109993 109992 109991 109990 109989 109988 109987 109986 109985 109984 109983 109982 109981 109980 109979 109978 109977 109976 109975 109974 109973 109972 109971 109970 109969 109968 109967 109966 109965 109964 109963 109962 109961 109960 109959 109958 109957 109956 109955 109954 109953 109952 109951 109950 109949 109948 109947 109946 109945 109944 109943 109942 109941 109940 109939 109938 109937 109936 109935 109934 109933 109932 109931 109930 109929 109928 109927 109926 109925 109924 109923 109922 109921 109920 109919 109918 109917 109916 109915 109914 109913 109912 109911 109910 109909 109908 109907 109906 109905 109904 109903 109902 109901 109900 109899 109898 109897 109896 109895 109894 109893 109892 109891 109890 109889 109888 109887 109886 109885 109884 109883 109882 109881 109880 109879 109878 109877 109876 109875 109874 109873 109872 109871 109870 109869 109868 109867 109866 109865 109864 109863 109862 109861 109860 109859 109858 109857 109856 109855 109854 109853 109852 109851 109850 109849 109848 109847 109846 109845 109844 109843 109842 109841 109840 109839 109838 109837 109836 109835 109834 109833 109832 109831 109830 109829 109828 109827 109826 109825 109824 109823 109822 109821 109820 109819 109818 109817 109816 109815 109814 109813 109812 109811 109810 109809 109808 109807 109806 109805 109804 109803 109802 109801 109800 109799 109798 109797 109796 109795 109794 109793 109792 109791 109790 109789 109788 109787 109786 109785 109784 109783 109782 109781 109780 109779 109778 109777 109776 109775 109774 109773 109772 109771 109770 109769 109768 109767 109766 109765 109764 109763 109762 109761 109760 109759 109758 109757 109756 109755 109754 109753 109752 109751 109750 109749 109748 109747 109746 109745 109744 109743 109742 109741 109740 109739 109738 109737 109736 109735 109734 109733 109732 109731 109730 109729 109728 109727 109726 109725 109724 109723 109722 109721 109720 109719 109718 109717 109716 109715 109714 109713 109712 109711 109710 109709 109708 109707 109706 109705 109704 109703 109702 109701 109700 109699 109698 109697 109696 109695 109694 109693 109692 109691 109690 109689 109688 109687 109686 109685 109684 109683 109682 109681 109680 109679 109678 109677 109676 109675 109674 109673 109672 109671 109670 109669 109668 109667 109666 109665 109664 109663 109662 109661 109660 109659 109658 109657 109656 109655 109654 109653 109652 109651 109650 109649 109648 109647 109646 109645 109644 109643 109642 109641 109640 109639 109638 109637 109636 109635 109634 109633 109632 109631 109630 109629 109628 109627 109626 109625 109624 109623 109622 109621 109620 109619 109618 109617 109616 109615 109614 109613 109612 109611 109610 109609 109608 109607 109606 109605 109604 109603 109602 109601 109600 109599 109598 109597 109596 109595 109594 109593 109592 109591 109590 109589 109588 109587 109586 109585 109584 109583 109582 109581 109580 109579 109578 109577 109576 109575 109574 109573 109572 109571 109570 109569 109568 109567 109566 109565 109564 109563 109562 109561 109560 109559 109558 109557 109556 109555 109554 109553 109552 109551 109550 109549 109548 109547 109546 109545 109544 109543 109542 109541 109540 109539 109538 109537 109536 109535 109534 109533 109532 109531 109530 109529 109528 109527 109526 109525 109524 109523 109522 109521 109520 109519 109518 109517 109516 109515 109514 109513 109512 109511 109510 109509 109508 109507 109506 109505 109504 109503 109502 109501 109500 109499 109498 109497 109496 109495 109494 109493 109492 109491 109490 109489 109488 109487 109486 109485 109484 109483 109482 109481 109480 109479 109478 109477 109476 109475 109474 109473 109472 109471 109470 109469 109468 109467 109466 109465 109464 109463 109462 109461 109460 109459 109458 109457 109456 109455 109454 109453 109452 109451 109450 109449 109448 109447 109446 109445 109444 109443 109442 109441 109440 109439 109438 109437 109436 109435 109434 109433 109432 109431 109430 109429 109428 109427 109426 109425 109424 109423 109422 109421 109420 109419 109418 109417 109416 109415 109414 109413 109412 109411 109410 109409 109408 109407 109406 109405 109404 109403 109402 109401 109400 109399 109398 109397 109396 109395 109394 109393 109392 109391 109390 109389 109388 109387 109386 109385 109384 109383 109382 109381 109380 109379 109378 109377 109376 109375 109374 109373 109372 109371 109370 109369 109368 109367 109366 109365 109364 109363 109362 109361 109360 109359 109358 109357 109356 109355 109354 109353 109352 109351 109350 109349 109348 109347 109346 109345 109344 109343 109342 109341 109340 109339 109338 109337 109336 109335 109334 109333 109332 109331 109330 109329 109328 109327 109326 109325 109324 109323 109322 109321 109320 109319 109318 109317 109316 109315 109314 109313 109312 109311 109310 109309 109308 109307 109306 109305 109304 109303 109302 109301 109300 109299 109298 109297 109296 109295 109294 109293 109292 109291 109290 109289 109288 109287 109286 109285 109284 109283 109282 109281 109280 109279 109278 109277 109276 109275 109274 109273 109272 109271 109270 109269 109268 109267 109266 109265 109264 109263 109262 109261 109260 109259 109258 109257 109256 109255 109254 109253 109252 109251 109250 109249 109248 109247 109246 109245 109244 109243 109242 109241 109240 109239 109238 109237 109236 109235 109234 109233 109232 109231 109230 109229 109228 109227 109226 109225 109224 109223 109222 109221 109220 109219 109218 109217 109216 109215 109214 109213 109212 109211 109210 109209 109208 109207 109206 109205 109204 109203 109202 109201 109200 109199 109198 109197 109196 109195 109194 109193 109192 109191 109190 109189 109188 109187 109186 109185 109184 109183 109182 109181 109180 109179 109178 109177 109176 109175 109174 109173 109172 109171 109170 109169 109168 109167 109166 109165 109164 109163 109162 109161 109160 109159 109158 109157 109156 109155 109154 109153 109152 109151 109150 109149 109148 109147 109146 109145 109144 109143 109142 109141 109140 109139 109138 109137 109136 109135 109134 109133 109132 109131 109130 109129 109128 109127 109126 109125 109124 109123 109122 109121 109120 109119 109118 109117 109116 109115 109114 109113 109112 109111 109110 109109 109108 109107 109106 109105 109104 109103 109102 109101 109100 109099 109098 109097 109096 109095 109094 109093 109092 109091 109090 109089 109088 109087 109086 109085 109084 109083 109082 109081 109080 109079 109078 109077 109076 109075 109074 109073 109072 109071 109070 109069 109068 109067 109066 109065 109064 109063 109062 109061 109060 109059 109058 109057 109056 109055 109054 109053 109052 109051 109050 109049 109048 109047 109046 109045 109044 109043 109042 109041 109040 109039 109038 109037 109036 109035 109034 109033 109032 109031 109030 109029 109028 109027 109026 109025 109024 109023 109022 109021 109020 109019 109018 109017 109016 109015 109014 109013 109012 109011 109010 109009 109008 109007 109006 109005 109004 109003 109002 109001 109000 108999 108998 108997 108996 108995 108994 108993 108992 108991 108990 108989 108988 108987 108986 108985 108984 108983 108982 108981 108980 108979 108978 108977 108976 108975 108974 108973 108972 108971 108970 108969 108968 108967 108966 108965 108964 108963 108962 108961 108960 108959 108958 108957 108956 108955 108954 108953 108952 108951 108950 108949 108948 108947 108946 108945 108944 108943 108942 108941 108940 108939 108938 108937 108936 108935 108934 108933 108932 108931 108930 108929 108928 108927 108926 108925 108924 108923 108922 108921 108920 108919 108918 108917 108916 108915 108914 108913 108912 108911 108910 108909 108908 108907 108906 108905 108904 108903 108902 108901 108900 108899 108898 108897 108896 108895 108894 108893 108892 108891 108890 108889 108888 108887 108886 108885 108884 108883 108882 108881 108880 108879 108878 108877 108876 108875 108874 108873 108872 108871 108870 108869 108868 108867 108866 108865 108864 108863 108862 108861 108860 108859 108858 108857 108856 108855 108854 108853 108852 108851 108850 108849 108848 108847 108846 108845 108844 108843 108842 108841 108840 108839 108838 108837 108836 108835 108834 108833 108832 108831 108830 108829 108828 108827 108826 108825 108824 108823 108822 108821 108820 108819 108818 108817 108816 108815 108814 108813 108812 108811 108810 108809 108808 108807 108806 108805 108804 108803 108802 108801 108800 108799 108798 108797 108796 108795 108794 108793 108792 108791 108790 108789 108788 108787 108786 108785 108784 108783 108782 108781 108780 108779 108778 108777 108776 108775 108774 108773 108772 108771 108770 108769 108768 108767 108766 108765 108764 108763 108762 108761 108760 108759 108758 108757 108756 108755 108754 108753 108752 108751 108750 108749 108748 108747 108746 108745 108744 108743 108742 108741 108740 108739 108738 108737 108736 108735 108734 108733 108732 108731 108730 108729 108728 108727 108726 108725 108724 108723 108722 108721 108720 108719 108718 108717 108716 108715 108714 108713 108712 108711 108710 108709 108708 108707 108706 108705 108704 108703 108702 108701 108700 108699 108698 108697 108696 108695 108694 108693 108692 108691 108690 108689 108688 108687 108686 108685 108684 108683 108682 108681 108680 108679 108678 108677 108676 108675 108674 108673 108672 108671 108670 108669 108668 108667 108666 108665 108664 108663 108662 108661 108660 108659 108658 108657 108656 108655 108654 108653 108652 108651 108650 108649 108648 108647 108646 108645 108644 108643 108642 108641 108640 108639 108638 108637 108636 108635 108634 108633 108632 108631 108630 108629 108628 108627 108626 108625 108624 108623 108622 108621 108620 108619 108618 108617 108616 108615 108614 108613 108612 108611 108610 108609 108608 108607 108606 108605 108604 108603 108602 108601 108600 108599 108598 108597 108596 108595 108594 108593 108592 108591 108590 108589 108588 108587 108586 108585 108584 108583 108582 108581 108580 108579 108578 108577 108576 108575 108574 108573 108572 108571 108570 108569 108568 108567 108566 108565 108564 108563 108562 108561 108560 108559 108558 108557 108556 108555 108554 108553 108552 108551 108550 108549 108548 108547 108546 108545 108544 108543 108542 108541 108540 108539 108538 108537 108536 108535 108534 108533 108532 108531 108530 108529 108528 108527 108526 108525 108524 108523 108522 108521 108520 108519 108518 108517 108516 108515 108514 108513 108512 108511 108510 108509 108508 108507 108506 108505 108504 108503 108502 108501 108500 108499 108498 108497 108496 108495 108494 108493 108492 108491 108490 108489 108488 108487 108486 108485 108484 108483 108482 108481 108480 108479 108478 108477 108476 108475 108474 108473 108472 108471 108470 108469 108468 108467 108466 108465 108464 108463 108462 108461 108460 108459 108458 108457 108456 108455 108454 108453 108452 108451 108450 108449 108448 108447 108446 108445 108444 108443 108442 108441 108440 108439 108438 108437 108436 108435 108434 108433 108432 108431 108430 108429 108428 108427 108426 108425 108424 108423 108422 108421 108420 108419 108418 108417 108416 108415 108414 108413 108412 108411 108410 108409 108408 108407 108406 108405 108404 108403 108402 108401 108400 108399 108398 108397 108396 108395 108394 108393 108392 108391 108390 108389 108388 108387 108386 108385 108384 108383 108382 108381 108380 108379 108378 108377 108376 108375 108374 108373 108372 108371 108370 108369 108368 108367 108366 108365 108364 108363 108362 108361 108360 108359 108358 108357 108356 108355 108354 108353 108352 108351 108350 108349 108348 108347 108346 108345 108344 108343 108342 108341 108340 108339 108338 108337 108336 108335 108334 108333 108332 108331 108330 108329 108328 108327 108326 108325 108324 108323 108322 108321 108320 108319 108318 108317 108316 108315 108314 108313 108312 108311 108310 108309 108308 108307 108306 108305 108304 108303 108302 108301 108300 108299 108298 108297 108296 108295 108294 108293 108292 108291 108290 108289 108288 108287 108286 108285 108284 108283 108282 108281 108280 108279 108278 108277 108276 108275 108274 108273 108272 108271 108270 108269 108268 108267 108266 108265 108264 108263 108262 108261 108260 108259 108258 108257 108256 108255 108254 108253 108252 108251 108250 108249 108248 108247 108246 108245 108244 108243 108242 108241 108240 108239 108238 108237 108236 108235 108234 108233 108232 108231 108230 108229 108228 108227 108226 108225 108224 108223 108222 108221 108220 108219 108218 108217 108216 108215 108214 108213 108212 108211 108210 108209 108208 108207 108206 108205 108204 108203 108202 108201 108200 108199 108198 108197 108196 108195 108194 108193 108192 108191 108190 108189 108188 108187 108186 108185 108184 108183 108182 108181 108180 108179 108178 108177 108176 108175 108174 108173 108172 108171 108170 108169 108168 108167 108166 108165 108164 108163 108162 108161 108160 108159 108158 108157 108156 108155 108154 108153 108152 108151 108150 108149 108148 108147 108146 108145 108144 108143 108142 108141 108140 108139 108138 108137 108136 108135 108134 108133 108132 108131 108130 108129 108128 108127 108126 108125 108124 108123 108122 108121 108120 108119 108118 108117 108116 108115 108114 108113 108112 108111 108110 108109 108108 108107 108106 108105 108104 108103 108102 108101 108100 108099 108098 108097 108096 108095 108094 108093 108092 108091 108090 108089 108088 108087 108086 108085 108084 108083 108082 108081 108080 108079 108078 108077 108076 108075 108074 108073 108072 108071 108070 108069 108068 108067 108066 108065 108064 108063 108062 108061 108060 108059 108058 108057 108056 108055 108054 108053 108052 108051 108050 108049 108048 108047 108046 108045 108044 108043 108042 108041 108040 108039 108038 108037 108036 108035 108034 108033 108032 108031 108030 108029 108028 108027 108026 108025 108024 108023 108022 108021 108020 108019 108018 108017 108016 108015 108014 108013 108012 108011 108010 108009 108008 108007 108006 108005 108004 108003 108002 108001 108000 107999 107998 107997 107996 107995 107994 107993 107992 107991 107990 107989 107988 107987 107986 107985 107984 107983 107982 107981 107980 107979 107978 107977 107976 107975 107974 107973 107972 107971 107970 107969 107968 107967 107966 107965 107964 107963 107962 107961 107960 107959 107958 107957 107956 107955 107954 107953 107952 107951 107950 107949 107948 107947 107946 107945 107944 107943 107942 107941 107940 107939 107938 107937 107936 107935 107934 107933 107932 107931 107930 107929 107928 107927 107926 107925 107924 107923 107922 107921 107920 107919 107918 107917 107916 107915 107914 107913 107912 107911 107910 107909 107908 107907 107906 107905 107904 107903 107902 107901 107900 107899 107898 107897 107896 107895 107894 107893 107892 107891 107890 107889 107888 107887 107886 107885 107884 107883 107882 107881 107880 107879 107878 107877 107876 107875 107874 107873 107872 107871 107870 107869 107868 107867 107866 107865 107864 107863 107862 107861 107860 107859 107858 107857 107856 107855 107854 107853 107852 107851 107850 107849 107848 107847 107846 107845 107844 107843 107842 107841 107840 107839 107838 107837 107836 107835 107834 107833 107832 107831 107830 107829 107828 107827 107826 107825 107824 107823 107822 107821 107820 107819 107818 107817 107816 107815 107814 107813 107812 107811 107810 107809 107808 107807 107806 107805 107804 107803 107802 107801 107800 107799 107798 107797 107796 107795 107794 107793 107792 107791 107790 107789 107788 107787 107786 107785 107784 107783 107782 107781 107780 107779 107778 107777 107776 107775 107774 107773 107772 107771 107770 107769 107768 107767 107766 107765 107764 107763 107762 107761 107760 107759 107758 107757 107756 107755 107754 107753 107752 107751 107750 107749 107748 107747 107746 107745 107744 107743 107742 107741 107740 107739 107738 107737 107736 107735 107734 107733 107732 107731 107730 107729 107728 107727 107726 107725 107724 107723 107722 107721 107720 107719 107718 107717 107716 107715 107714 107713 107712 107711 107710 107709 107708 107707 107706 107705 107704 107703 107702 107701 107700 107699 107698 107697 107696 107695 107694 107693 107692 107691 107690 107689 107688 107687 107686 107685 107684 107683 107682 107681 107680 107679 107678 107677 107676 107675 107674 107673 107672 107671 107670 107669 107668 107667 107666 107665 107664 107663 107662 107661 107660 107659 107658 107657 107656 107655 107654 107653 107652 107651 107650 107649 107648 107647 107646 107645 107644 107643 107642 107641 107640 107639 107638 107637 107636 107635 107634 107633 107632 107631 107630 107629 107628 107627 107626 107625 107624 107623 107622 107621 107620 107619 107618 107617 107616 107615 107614 107613 107612 107611 107610 107609 107608 107607 107606 107605 107604 107603 107602 107601 107600 107599 107598 107597 107596 107595 107594 107593 107592 107591 107590 107589 107588 107587 107586 107585 107584 107583 107582 107581 107580 107579 107578 107577 107576 107575 107574 107573 107572 107571 107570 107569 107568 107567 107566 107565 107564 107563 107562 107561 107560 107559 107558 107557 107556 107555 107554 107553 107552 107551 107550 107549 107548 107547 107546 107545 107544 107543 107542 107541 107540 107539 107538 107537 107536 107535 107534 107533 107532 107531 107530 107529 107528 107527 107526 107525 107524 107523 107522 107521 107520 107519 107518 107517 107516 107515 107514 107513 107512 107511 107510 107509 107508 107507 107506 107505 107504 107503 107502 107501 107500 107499 107498 107497 107496 107495 107494 107493 107492 107491 107490 107489 107488 107487 107486 107485 107484 107483 107482 107481 107480 107479 107478 107477 107476 107475 107474 107473 107472 107471 107470 107469 107468 107467 107466 107465 107464 107463 107462 107461 107460 107459 107458 107457 107456 107455 107454 107453 107452 107451 107450 107449 107448 107447 107446 107445 107444 107443 107442 107441 107440 107439 107438 107437 107436 107435 107434 107433 107432 107431 107430 107429 107428 107427 107426 107425 107424 107423 107422 107421 107420 107419 107418 107417 107416 107415 107414 107413 107412 107411 107410 107409 107408 107407 107406 107405 107404 107403 107402 107401 107400 107399 107398 107397 107396 107395 107394 107393 107392 107391 107390 107389 107388 107387 107386 107385 107384 107383 107382 107381 107380 107379 107378 107377 107376 107375 107374 107373 107372 107371 107370 107369 107368 107367 107366 107365 107364 107363 107362 107361 107360 107359 107358 107357 107356 107355 107354 107353 107352 107351 107350 107349 107348 107347 107346 107345 107344 107343 107342 107341 107340 107339 107338 107337 107336 107335 107334 107333 107332 107331 107330 107329 107328 107327 107326 107325 107324 107323 107322 107321 107320 107319 107318 107317 107316 107315 107314 107313 107312 107311 107310 107309 107308 107307 107306 107305 107304 107303 107302 107301 107300 107299 107298 107297 107296 107295 107294 107293 107292 107291 107290 107289 107288 107287 107286 107285 107284 107283 107282 107281 107280 107279 107278 107277 107276 107275 107274 107273 107272 107271 107270 107269 107268 107267 107266 107265 107264 107263 107262 107261 107260 107259 107258 107257 107256 107255 107254 107253 107252 107251 107250 107249 107248 107247 107246 107245 107244 107243 107242 107241 107240 107239 107238 107237 107236 107235 107234 107233 107232 107231 107230 107229 107228 107227 107226 107225 107224 107223 107222 107221 107220 107219 107218 107217 107216 107215 107214 107213 107212 107211 107210 107209 107208 107207 107206 107205 107204 107203 107202 107201 107200 107199 107198 107197 107196 107195 107194 107193 107192 107191 107190 107189 107188 107187 107186 107185 107184 107183 107182 107181 107180 107179 107178 107177 107176 107175 107174 107173 107172 107171 107170 107169 107168 107167 107166 107165 107164 107163 107162 107161 107160 107159 107158 107157 107156 107155 107154 107153 107152 107151 107150 107149 107148 107147 107146 107145 107144 107143 107142 107141 107140 107139 107138 107137 107136 107135 107134 107133 107132 107131 107130 107129 107128 107127 107126 107125 107124 107123 107122 107121 107120 107119 107118 107117 107116 107115 107114 107113 107112 107111 107110 107109 107108 107107 107106 107105 107104 107103 107102 107101 107100 107099 107098 107097 107096 107095 107094 107093 107092 107091 107090 107089 107088 107087 107086 107085 107084 107083 107082 107081 107080 107079 107078 107077 107076 107075 107074 107073 107072 107071 107070 107069 107068 107067 107066 107065 107064 107063 107062 107061 107060 107059 107058 107057 107056 107055 107054 107053 107052 107051 107050 107049 107048 107047 107046 107045 107044 107043 107042 107041 107040 107039 107038 107037 107036 107035 107034 107033 107032 107031 107030 107029 107028 107027 107026 107025 107024 107023 107022 107021 107020 107019 107018 107017 107016 107015 107014 107013 107012 107011 107010 107009 107008 107007 107006 107005 107004 107003 107002 107001 107000 106999 106998 106997 106996 106995 106994 106993 106992 106991 106990 106989 106988 106987 106986 106985 106984 106983 106982 106981 106980 106979 106978 106977 106976 106975 106974 106973 106972 106971 106970 106969 106968 106967 106966 106965 106964 106963 106962 106961 106960 106959 106958 106957 106956 106955 106954 106953 106952 106951 106950 106949 106948 106947 106946 106945 106944 106943 106942 106941 106940 106939 106938 106937 106936 106935 106934 106933 106932 106931 106930 106929 106928 106927 106926 106925 106924 106923 106922 106921 106920 106919 106918 106917 106916 106915 106914 106913 106912 106911 106910 106909 106908 106907 106906 106905 106904 106903 106902 106901 106900 106899 106898 106897 106896 106895 106894 106893 106892 106891 106890 106889 106888 106887 106886 106885 106884 106883 106882 106881 106880 106879 106878 106877 106876 106875 106874 106873 106872 106871 106870 106869 106868 106867 106866 106865 106864 106863 106862 106861 106860 106859 106858 106857 106856 106855 106854 106853 106852 106851 106850 106849 106848 106847 106846 106845 106844 106843 106842 106841 106840 106839 106838 106837 106836 106835 106834 106833 106832 106831 106830 106829 106828 106827 106826 106825 106824 106823 106822 106821 106820 106819 106818 106817 106816 106815 106814 106813 106812 106811 106810 106809 106808 106807 106806 106805 106804 106803 106802 106801 106800 106799 106798 106797 106796 106795 106794 106793 106792 106791 106790 106789 106788 106787 106786 106785 106784 106783 106782 106781 106780 106779 106778 106777 106776 106775 106774 106773 106772 106771 106770 106769 106768 106767 106766 106765 106764 106763 106762 106761 106760 106759 106758 106757 106756 106755 106754 106753 106752 106751 106750 106749 106748 106747 106746 106745 106744 106743 106742 106741 106740 106739 106738 106737 106736 106735 106734 106733 106732 106731 106730 106729 106728 106727 106726 106725 106724 106723 106722 106721 106720 106719 106718 106717 106716 106715 106714 106713 106712 106711 106710 106709 106708 106707 106706 106705 106704 106703 106702 106701 106700 106699 106698 106697 106696 106695 106694 106693 106692 106691 106690 106689 106688 106687 106686 106685 106684 106683 106682 106681 106680 106679 106678 106677 106676 106675 106674 106673 106672 106671 106670 106669 106668 106667 106666 106665 106664 106663 106662 106661 106660 106659 106658 106657 106656 106655 106654 106653 106652 106651 106650 106649 106648 106647 106646 106645 106644 106643 106642 106641 106640 106639 106638 106637 106636 106635 106634 106633 106632 106631 106630 106629 106628 106627 106626 106625 106624 106623 106622 106621 106620 106619 106618 106617 106616 106615 106614 106613 106612 106611 106610 106609 106608 106607 106606 106605 106604 106603 106602 106601 106600 106599 106598 106597 106596 106595 106594 106593 106592 106591 106590 106589 106588 106587 106586 106585 106584 106583 106582 106581 106580 106579 106578 106577 106576 106575 106574 106573 106572 106571 106570 106569 106568 106567 106566 106565 106564 106563 106562 106561 106560 106559 106558 106557 106556 106555 106554 106553 106552 106551 106550 106549 106548 106547 106546 106545 106544 106543 106542 106541 106540 106539 106538 106537 106536 106535 106534 106533 106532 106531 106530 106529 106528 106527 106526 106525 106524 106523 106522 106521 106520 106519 106518 106517 106516 106515 106514 106513 106512 106511 106510 106509 106508 106507 106506 106505 106504 106503 106502 106501 106500 106499 106498 106497 106496 106495 106494 106493 106492 106491 106490 106489 106488 106487 106486 106485 106484 106483 106482 106481 106480 106479 106478 106477 106476 106475 106474 106473 106472 106471 106470 106469 106468 106467 106466 106465 106464 106463 106462 106461 106460 106459 106458 106457 106456 106455 106454 106453 106452 106451 106450 106449 106448 106447 106446 106445 106444 106443 106442 106441 106440 106439 106438 106437 106436 106435 106434 106433 106432 106431 106430 106429 106428 106427 106426 106425 106424 106423 106422 106421 106420 106419 106418 106417 106416 106415 106414 106413 106412 106411 106410 106409 106408 106407 106406 106405 106404 106403 106402 106401 106400 106399 106398 106397 106396 106395 106394 106393 106392 106391 106390 106389 106388 106387 106386 106385 106384 106383 106382 106381 106380 106379 106378 106377 106376 106375 106374 106373 106372 106371 106370 106369 106368 106367 106366 106365 106364 106363 106362 106361 106360 106359 106358 106357 106356 106355 106354 106353 106352 106351 106350 106349 106348 106347 106346 106345 106344 106343 106342 106341 106340 106339 106338 106337 106336 106335 106334 106333 106332 106331 106330 106329 106328 106327 106326 106325 106324 106323 106322 106321 106320 106319 106318 106317 106316 106315 106314 106313 106312 106311 106310 106309 106308 106307 106306 106305 106304 106303 106302 106301 106300 106299 106298 106297 106296 106295 106294 106293 106292 106291 106290 106289 106288 106287 106286 106285 106284 106283 106282 106281 106280 106279 106278 106277 106276 106275 106274 106273 106272 106271 106270 106269 106268 106267 106266 106265 106264 106263 106262 106261 106260 106259 106258 106257 106256 106255 106254 106253 106252 106251 106250 106249 106248 106247 106246 106245 106244 106243 106242 106241 106240 106239 106238 106237 106236 106235 106234 106233 106232 106231 106230 106229 106228 106227 106226 106225 106224 106223 106222 106221 106220 106219 106218 106217 106216 106215 106214 106213 106212 106211 106210 106209 106208 106207 106206 106205 106204 106203 106202 106201 106200 106199 106198 106197 106196 106195 106194 106193 106192 106191 106190 106189 106188 106187 106186 106185 106184 106183 106182 106181 106180 106179 106178 106177 106176 106175 106174 106173 106172 106171 106170 106169 106168 106167 106166 106165 106164 106163 106162 106161 106160 106159 106158 106157 106156 106155 106154 106153 106152 106151 106150 106149 106148 106147 106146 106145 106144 106143 106142 106141 106140 106139 106138 106137 106136 106135 106134 106133 106132 106131 106130 106129 106128 106127 106126 106125 106124 106123 106122 106121 106120 106119 106118 106117 106116 106115 106114 106113 106112 106111 106110 106109 106108 106107 106106 106105 106104 106103 106102 106101 106100 106099 106098 106097 106096 106095 106094 106093 106092 106091 106090 106089 106088 106087 106086 106085 106084 106083 106082 106081 106080 106079 106078 106077 106076 106075 106074 106073 106072 106071 106070 106069 106068 106067 106066 106065 106064 106063 106062 106061 106060 106059 106058 106057 106056 106055 106054 106053 106052 106051 106050 106049 106048 106047 106046 106045 106044 106043 106042 106041 106040 106039 106038 106037 106036 106035 106034 106033 106032 106031 106030 106029 106028 106027 106026 106025 106024 106023 106022 106021 106020 106019 106018 106017 106016 106015 106014 106013 106012 106011 106010 106009 106008 106007 106006 106005 106004 106003 106002 106001 106000 105999 105998 105997 105996 105995 105994 105993 105992 105991 105990 105989 105988 105987 105986 105985 105984 105983 105982 105981 105980 105979 105978 105977 105976 105975 105974 105973 105972 105971 105970 105969 105968 105967 105966 105965 105964 105963 105962 105961 105960 105959 105958 105957 105956 105955 105954 105953 105952 105951 105950 105949 105948 105947 105946 105945 105944 105943 105942 105941 105940 105939 105938 105937 105936 105935 105934 105933 105932 105931 105930 105929 105928 105927 105926 105925 105924 105923 105922 105921 105920 105919 105918 105917 105916 105915 105914 105913 105912 105911 105910 105909 105908 105907 105906 105905 105904 105903 105902 105901 105900 105899 105898 105897 105896 105895 105894 105893 105892 105891 105890 105889 105888 105887 105886 105885 105884 105883 105882 105881 105880 105879 105878 105877 105876 105875 105874 105873 105872 105871 105870 105869 105868 105867 105866 105865 105864 105863 105862 105861 105860 105859 105858 105857 105856 105855 105854 105853 105852 105851 105850 105849 105848 105847 105846 105845 105844 105843 105842 105841 105840 105839 105838 105837 105836 105835 105834 105833 105832 105831 105830 105829 105828 105827 105826 105825 105824 105823 105822 105821 105820 105819 105818 105817 105816 105815 105814 105813 105812 105811 105810 105809 105808 105807 105806 105805 105804 105803 105802 105801 105800 105799 105798 105797 105796 105795 105794 105793 105792 105791 105790 105789 105788 105787 105786 105785 105784 105783 105782 105781 105780 105779 105778 105777 105776 105775 105774 105773 105772 105771 105770 105769 105768 105767 105766 105765 105764 105763 105762 105761 105760 105759 105758 105757 105756 105755 105754 105753 105752 105751 105750 105749 105748 105747 105746 105745 105744 105743 105742 105741 105740 105739 105738 105737 105736 105735 105734 105733 105732 105731 105730 105729 105728 105727 105726 105725 105724 105723 105722 105721 105720 105719 105718 105717 105716 105715 105714 105713 105712 105711 105710 105709 105708 105707 105706 105705 105704 105703 105702 105701 105700 105699 105698 105697 105696 105695 105694 105693 105692 105691 105690 105689 105688 105687 105686 105685 105684 105683 105682 105681 105680 105679 105678 105677 105676 105675 105674 105673 105672 105671 105670 105669 105668 105667 105666 105665 105664 105663 105662 105661 105660 105659 105658 105657 105656 105655 105654 105653 105652 105651 105650 105649 105648 105647 105646 105645 105644 105643 105642 105641 105640 105639 105638 105637 105636 105635 105634 105633 105632 105631 105630 105629 105628 105627 105626 105625 105624 105623 105622 105621 105620 105619 105618 105617 105616 105615 105614 105613 105612 105611 105610 105609 105608 105607 105606 105605 105604 105603 105602 105601 105600 105599 105598 105597 105596 105595 105594 105593 105592 105591 105590 105589 105588 105587 105586 105585 105584 105583 105582 105581 105580 105579 105578 105577 105576 105575 105574 105573 105572 105571 105570 105569 105568 105567 105566 105565 105564 105563 105562 105561 105560 105559 105558 105557 105556 105555 105554 105553 105552 105551 105550 105549 105548 105547 105546 105545 105544 105543 105542 105541 105540 105539 105538 105537 105536 105535 105534 105533 105532 105531 105530 105529 105528 105527 105526 105525 105524 105523 105522 105521 105520 105519 105518 105517 105516 105515 105514 105513 105512 105511 105510 105509 105508 105507 105506 105505 105504 105503 105502 105501 105500 105499 105498 105497 105496 105495 105494 105493 105492 105491 105490 105489 105488 105487 105486 105485 105484 105483 105482 105481 105480 105479 105478 105477 105476 105475 105474 105473 105472 105471 105470 105469 105468 105467 105466 105465 105464 105463 105462 105461 105460 105459 105458 105457 105456 105455 105454 105453 105452 105451 105450 105449 105448 105447 105446 105445 105444 105443 105442 105441 105440 105439 105438 105437 105436 105435 105434 105433 105432 105431 105430 105429 105428 105427 105426 105425 105424 105423 105422 105421 105420 105419 105418 105417 105416 105415 105414 105413 105412 105411 105410 105409 105408 105407 105406 105405 105404 105403 105402 105401 105400 105399 105398 105397 105396 105395 105394 105393 105392 105391 105390 105389 105388 105387 105386 105385 105384 105383 105382 105381 105380 105379 105378 105377 105376 105375 105374 105373 105372 105371 105370 105369 105368 105367 105366 105365 105364 105363 105362 105361 105360 105359 105358 105357 105356 105355 105354 105353 105352 105351 105350 105349 105348 105347 105346 105345 105344 105343 105342 105341 105340 105339 105338 105337 105336 105335 105334 105333 105332 105331 105330 105329 105328 105327 105326 105325 105324 105323 105322 105321 105320 105319 105318 105317 105316 105315 105314 105313 105312 105311 105310 105309 105308 105307 105306 105305 105304 105303 105302 105301 105300 105299 105298 105297 105296 105295 105294 105293 105292 105291 105290 105289 105288 105287 105286 105285 105284 105283 105282 105281 105280 105279 105278 105277 105276 105275 105274 105273 105272 105271 105270 105269 105268 105267 105266 105265 105264 105263 105262 105261 105260 105259 105258 105257 105256 105255 105254 105253 105252 105251 105250 105249 105248 105247 105246 105245 105244 105243 105242 105241 105240 105239 105238 105237 105236 105235 105234 105233 105232 105231 105230 105229 105228 105227 105226 105225 105224 105223 105222 105221 105220 105219 105218 105217 105216 105215 105214 105213 105212 105211 105210 105209 105208 105207 105206 105205 105204 105203 105202 105201 105200 105199 105198 105197 105196 105195 105194 105193 105192 105191 105190 105189 105188 105187 105186 105185 105184 105183 105182 105181 105180 105179 105178 105177 105176 105175 105174 105173 105172 105171 105170 105169 105168 105167 105166 105165 105164 105163 105162 105161 105160 105159 105158 105157 105156 105155 105154 105153 105152 105151 105150 105149 105148 105147 105146 105145 105144 105143 105142 105141 105140 105139 105138 105137 105136 105135 105134 105133 105132 105131 105130 105129 105128 105127 105126 105125 105124 105123 105122 105121 105120 105119 105118 105117 105116 105115 105114 105113 105112 105111 105110 105109 105108 105107 105106 105105 105104 105103 105102 105101 105100 105099 105098 105097 105096 105095 105094 105093 105092 105091 105090 105089 105088 105087 105086 105085 105084 105083 105082 105081 105080 105079 105078 105077 105076 105075 105074 105073 105072 105071 105070 105069 105068 105067 105066 105065 105064 105063 105062 105061 105060 105059 105058 105057 105056 105055 105054 105053 105052 105051 105050 105049 105048 105047 105046 105045 105044 105043 105042 105041 105040 105039 105038 105037 105036 105035 105034 105033 105032 105031 105030 105029 105028 105027 105026 105025 105024 105023 105022 105021 105020 105019 105018 105017 105016 105015 105014 105013 105012 105011 105010 105009 105008 105007 105006 105005 105004 105003 105002 105001 105000 104999 104998 104997 104996 104995 104994 104993 104992 104991 104990 104989 104988 104987 104986 104985 104984 104983 104982 104981 104980 104979 104978 104977 104976 104975 104974 104973 104972 104971 104970 104969 104968 104967 104966 104965 104964 104963 104962 104961 104960 104959 104958 104957 104956 104955 104954 104953 104952 104951 104950 104949 104948 104947 104946 104945 104944 104943 104942 104941 104940 104939 104938 104937 104936 104935 104934 104933 104932 104931 104930 104929 104928 104927 104926 104925 104924 104923 104922 104921 104920 104919 104918 104917 104916 104915 104914 104913 104912 104911 104910 104909 104908 104907 104906 104905 104904 104903 104902 104901 104900 104899 104898 104897 104896 104895 104894 104893 104892 104891 104890 104889 104888 104887 104886 104885 104884 104883 104882 104881 104880 104879 104878 104877 104876 104875 104874 104873 104872 104871 104870 104869 104868 104867 104866 104865 104864 104863 104862 104861 104860 104859 104858 104857 104856 104855 104854 104853 104852 104851 104850 104849 104848 104847 104846 104845 104844 104843 104842 104841 104840 104839 104838 104837 104836 104835 104834 104833 104832 104831 104830 104829 104828 104827 104826 104825 104824 104823 104822 104821 104820 104819 104818 104817 104816 104815 104814 104813 104812 104811 104810 104809 104808 104807 104806 104805 104804 104803 104802 104801 104800 104799 104798 104797 104796 104795 104794 104793 104792 104791 104790 104789 104788 104787 104786 104785 104784 104783 104782 104781 104780 104779 104778 104777 104776 104775 104774 104773 104772 104771 104770 104769 104768 104767 104766 104765 104764 104763 104762 104761 104760 104759 104758 104757 104756 104755 104754 104753 104752 104751 104750 104749 104748 104747 104746 104745 104744 104743 104742 104741 104740 104739 104738 104737 104736 104735 104734 104733 104732 104731 104730 104729 104728 104727 104726 104725 104724 104723 104722 104721 104720 104719 104718 104717 104716 104715 104714 104713 104712 104711 104710 104709 104708 104707 104706 104705 104704 104703 104702 104701 104700 104699 104698 104697 104696 104695 104694 104693 104692 104691 104690 104689 104688 104687 104686 104685 104684 104683 104682 104681 104680 104679 104678 104677 104676 104675 104674 104673 104672 104671 104670 104669 104668 104667 104666 104665 104664 104663 104662 104661 104660 104659 104658 104657 104656 104655 104654 104653 104652 104651 104650 104649 104648 104647 104646 104645 104644 104643 104642 104641 104640 104639 104638 104637 104636 104635 104634 104633 104632 104631 104630 104629 104628 104627 104626 104625 104624 104623 104622 104621 104620 104619 104618 104617 104616 104615 104614 104613 104612 104611 104610 104609 104608 104607 104606 104605 104604 104603 104602 104601 104600 104599 104598 104597 104596 104595 104594 104593 104592 104591 104590 104589 104588 104587 104586 104585 104584 104583 104582 104581 104580 104579 104578 104577 104576 104575 104574 104573 104572 104571 104570 104569 104568 104567 104566 104565 104564 104563 104562 104561 104560 104559 104558 104557 104556 104555 104554 104553 104552 104551 104550 104549 104548 104547 104546 104545 104544 104543 104542 104541 104540 104539 104538 104537 104536 104535 104534 104533 104532 104531 104530 104529 104528 104527 104526 104525 104524 104523 104522 104521 104520 104519 104518 104517 104516 104515 104514 104513 104512 104511 104510 104509 104508 104507 104506 104505 104504 104503 104502 104501 104500 104499 104498 104497 104496 104495 104494 104493 104492 104491 104490 104489 104488 104487 104486 104485 104484 104483 104482 104481 104480 104479 104478 104477 104476 104475 104474 104473 104472 104471 104470 104469 104468 104467 104466 104465 104464 104463 104462 104461 104460 104459 104458 104457 104456 104455 104454 104453 104452 104451 104450 104449 104448 104447 104446 104445 104444 104443 104442 104441 104440 104439 104438 104437 104436 104435 104434 104433 104432 104431 104430 104429 104428 104427 104426 104425 104424 104423 104422 104421 104420 104419 104418 104417 104416 104415 104414 104413 104412 104411 104410 104409 104408 104407 104406 104405 104404 104403 104402 104401 104400 104399 104398 104397 104396 104395 104394 104393 104392 104391 104390 104389 104388 104387 104386 104385 104384 104383 104382 104381 104380 104379 104378 104377 104376 104375 104374 104373 104372 104371 104370 104369 104368 104367 104366 104365 104364 104363 104362 104361 104360 104359 104358 104357 104356 104355 104354 104353 104352 104351 104350 104349 104348 104347 104346 104345 104344 104343 104342 104341 104340 104339 104338 104337 104336 104335 104334 104333 104332 104331 104330 104329 104328 104327 104326 104325 104324 104323 104322 104321 104320 104319 104318 104317 104316 104315 104314 104313 104312 104311 104310 104309 104308 104307 104306 104305 104304 104303 104302 104301 104300 104299 104298 104297 104296 104295 104294 104293 104292 104291 104290 104289 104288 104287 104286 104285 104284 104283 104282 104281 104280 104279 104278 104277 104276 104275 104274 104273 104272 104271 104270 104269 104268 104267 104266 104265 104264 104263 104262 104261 104260 104259 104258 104257 104256 104255 104254 104253 104252 104251 104250 104249 104248 104247 104246 104245 104244 104243 104242 104241 104240 104239 104238 104237 104236 104235 104234 104233 104232 104231 104230 104229 104228 104227 104226 104225 104224 104223 104222 104221 104220 104219 104218 104217 104216 104215 104214 104213 104212 104211 104210 104209 104208 104207 104206 104205 104204 104203 104202 104201 104200 104199 104198 104197 104196 104195 104194 104193 104192 104191 104190 104189 104188 104187 104186 104185 104184 104183 104182 104181 104180 104179 104178 104177 104176 104175 104174 104173 104172 104171 104170 104169 104168 104167 104166 104165 104164 104163 104162 104161 104160 104159 104158 104157 104156 104155 104154 104153 104152 104151 104150 104149 104148 104147 104146 104145 104144 104143 104142 104141 104140 104139 104138 104137 104136 104135 104134 104133 104132 104131 104130 104129 104128 104127 104126 104125 104124 104123 104122 104121 104120 104119 104118 104117 104116 104115 104114 104113 104112 104111 104110 104109 104108 104107 104106 104105 104104 104103 104102 104101 104100 104099 104098 104097 104096 104095 104094 104093 104092 104091 104090 104089 104088 104087 104086 104085 104084 104083 104082 104081 104080 104079 104078 104077 104076 104075 104074 104073 104072 104071 104070 104069 104068 104067 104066 104065 104064 104063 104062 104061 104060 104059 104058 104057 104056 104055 104054 104053 104052 104051 104050 104049 104048 104047 104046 104045 104044 104043 104042 104041 104040 104039 104038 104037 104036 104035 104034 104033 104032 104031 104030 104029 104028 104027 104026 104025 104024 104023 104022 104021 104020 104019 104018 104017 104016 104015 104014 104013 104012 104011 104010 104009 104008 104007 104006 104005 104004 104003 104002 104001 104000 103999 103998 103997 103996 103995 103994 103993 103992 103991 103990 103989 103988 103987 103986 103985 103984 103983 103982 103981 103980 103979 103978 103977 103976 103975 103974 103973 103972 103971 103970 103969 103968 103967 103966 103965 103964 103963 103962 103961 103960 103959 103958 103957 103956 103955 103954 103953 103952 103951 103950 103949 103948 103947 103946 103945 103944 103943 103942 103941 103940 103939 103938 103937 103936 103935 103934 103933 103932 103931 103930 103929 103928 103927 103926 103925 103924 103923 103922 103921 103920 103919 103918 103917 103916 103915 103914 103913 103912 103911 103910 103909 103908 103907 103906 103905 103904 103903 103902 103901 103900 103899 103898 103897 103896 103895 103894 103893 103892 103891 103890 103889 103888 103887 103886 103885 103884 103883 103882 103881 103880 103879 103878 103877 103876 103875 103874 103873 103872 103871 103870 103869 103868 103867 103866 103865 103864 103863 103862 103861 103860 103859 103858 103857 103856 103855 103854 103853 103852 103851 103850 103849 103848 103847 103846 103845 103844 103843 103842 103841 103840 103839 103838 103837 103836 103835 103834 103833 103832 103831 103830 103829 103828 103827 103826 103825 103824 103823 103822 103821 103820 103819 103818 103817 103816 103815 103814 103813 103812 103811 103810 103809 103808 103807 103806 103805 103804 103803 103802 103801 103800 103799 103798 103797 103796 103795 103794 103793 103792 103791 103790 103789 103788 103787 103786 103785 103784 103783 103782 103781 103780 103779 103778 103777 103776 103775 103774 103773 103772 103771 103770 103769 103768 103767 103766 103765 103764 103763 103762 103761 103760 103759 103758 103757 103756 103755 103754 103753 103752 103751 103750 103749 103748 103747 103746 103745 103744 103743 103742 103741 103740 103739 103738 103737 103736 103735 103734 103733 103732 103731 103730 103729 103728 103727 103726 103725 103724 103723 103722 103721 103720 103719 103718 103717 103716 103715 103714 103713 103712 103711 103710 103709 103708 103707 103706 103705 103704 103703 103702 103701 103700 103699 103698 103697 103696 103695 103694 103693 103692 103691 103690 103689 103688 103687 103686 103685 103684 103683 103682 103681 103680 103679 103678 103677 103676 103675 103674 103673 103672 103671 103670 103669 103668 103667 103666 103665 103664 103663 103662 103661 103660 103659 103658 103657 103656 103655 103654 103653 103652 103651 103650 103649 103648 103647 103646 103645 103644 103643 103642 103641 103640 103639 103638 103637 103636 103635 103634 103633 103632 103631 103630 103629 103628 103627 103626 103625 103624 103623 103622 103621 103620 103619 103618 103617 103616 103615 103614 103613 103612 103611 103610 103609 103608 103607 103606 103605 103604 103603 103602 103601 103600 103599 103598 103597 103596 103595 103594 103593 103592 103591 103590 103589 103588 103587 103586 103585 103584 103583 103582 103581 103580 103579 103578 103577 103576 103575 103574 103573 103572 103571 103570 103569 103568 103567 103566 103565 103564 103563 103562 103561 103560 103559 103558 103557 103556 103555 103554 103553 103552 103551 103550 103549 103548 103547 103546 103545 103544 103543 103542 103541 103540 103539 103538 103537 103536 103535 103534 103533 103532 103531 103530 103529 103528 103527 103526 103525 103524 103523 103522 103521 103520 103519 103518 103517 103516 103515 103514 103513 103512 103511 103510 103509 103508 103507 103506 103505 103504 103503 103502 103501 103500 103499 103498 103497 103496 103495 103494 103493 103492 103491 103490 103489 103488 103487 103486 103485 103484 103483 103482 103481 103480 103479 103478 103477 103476 103475 103474 103473 103472 103471 103470 103469 103468 103467 103466 103465 103464 103463 103462 103461 103460 103459 103458 103457 103456 103455 103454 103453 103452 103451 103450 103449 103448 103447 103446 103445 103444 103443 103442 103441 103440 103439 103438 103437 103436 103435 103434 103433 103432 103431 103430 103429 103428 103427 103426 103425 103424 103423 103422 103421 103420 103419 103418 103417 103416 103415 103414 103413 103412 103411 103410 103409 103408 103407 103406 103405 103404 103403 103402 103401 103400 103399 103398 103397 103396 103395 103394 103393 103392 103391 103390 103389 103388 103387 103386 103385 103384 103383 103382 103381 103380 103379 103378 103377 103376 103375 103374 103373 103372 103371 103370 103369 103368 103367 103366 103365 103364 103363 103362 103361 103360 103359 103358 103357 103356 103355 103354 103353 103352 103351 103350 103349 103348 103347 103346 103345 103344 103343 103342 103341 103340 103339 103338 103337 103336 103335 103334 103333 103332 103331 103330 103329 103328 103327 103326 103325 103324 103323 103322 103321 103320 103319 103318 103317 103316 103315 103314 103313 103312 103311 103310 103309 103308 103307 103306 103305 103304 103303 103302 103301 103300 103299 103298 103297 103296 103295 103294 103293 103292 103291 103290 103289 103288 103287 103286 103285 103284 103283 103282 103281 103280 103279 103278 103277 103276 103275 103274 103273 103272 103271 103270 103269 103268 103267 103266 103265 103264 103263 103262 103261 103260 103259 103258 103257 103256 103255 103254 103253 103252 103251 103250 103249 103248 103247 103246 103245 103244 103243 103242 103241 103240 103239 103238 103237 103236 103235 103234 103233 103232 103231 103230 103229 103228 103227 103226 103225 103224 103223 103222 103221 103220 103219 103218 103217 103216 103215 103214 103213 103212 103211 103210 103209 103208 103207 103206 103205 103204 103203 103202 103201 103200 103199 103198 103197 103196 103195 103194 103193 103192 103191 103190 103189 103188 103187 103186 103185 103184 103183 103182 103181 103180 103179 103178 103177 103176 103175 103174 103173 103172 103171 103170 103169 103168 103167 103166 103165 103164 103163 103162 103161 103160 103159 103158 103157 103156 103155 103154 103153 103152 103151 103150 103149 103148 103147 103146 103145 103144 103143 103142 103141 103140 103139 103138 103137 103136 103135 103134 103133 103132 103131 103130 103129 103128 103127 103126 103125 103124 103123 103122 103121 103120 103119 103118 103117 103116 103115 103114 103113 103112 103111 103110 103109 103108 103107 103106 103105 103104 103103 103102 103101 103100 103099 103098 103097 103096 103095 103094 103093 103092 103091 103090 103089 103088 103087 103086 103085 103084 103083 103082 103081 103080 103079 103078 103077 103076 103075 103074 103073 103072 103071 103070 103069 103068 103067 103066 103065 103064 103063 103062 103061 103060 103059 103058 103057 103056 103055 103054 103053 103052 103051 103050 103049 103048 103047 103046 103045 103044 103043 103042 103041 103040 103039 103038 103037 103036 103035 103034 103033 103032 103031 103030 103029 103028 103027 103026 103025 103024 103023 103022 103021 103020 103019 103018 103017 103016 103015 103014 103013 103012 103011 103010 103009 103008 103007 103006 103005 103004 103003 103002 103001 103000 102999 102998 102997 102996 102995 102994 102993 102992 102991 102990 102989 102988 102987 102986 102985 102984 102983 102982 102981 102980 102979 102978 102977 102976 102975 102974 102973 102972 102971 102970 102969 102968 102967 102966 102965 102964 102963 102962 102961 102960 102959 102958 102957 102956 102955 102954 102953 102952 102951 102950 102949 102948 102947 102946 102945 102944 102943 102942 102941 102940 102939 102938 102937 102936 102935 102934 102933 102932 102931 102930 102929 102928 102927 102926 102925 102924 102923 102922 102921 102920 102919 102918 102917 102916 102915 102914 102913 102912 102911 102910 102909 102908 102907 102906 102905 102904 102903 102902 102901 102900 102899 102898 102897 102896 102895 102894 102893 102892 102891 102890 102889 102888 102887 102886 102885 102884 102883 102882 102881 102880 102879 102878 102877 102876 102875 102874 102873 102872 102871 102870 102869 102868 102867 102866 102865 102864 102863 102862 102861 102860 102859 102858 102857 102856 102855 102854 102853 102852 102851 102850 102849 102848 102847 102846 102845 102844 102843 102842 102841 102840 102839 102838 102837 102836 102835 102834 102833 102832 102831 102830 102829 102828 102827 102826 102825 102824 102823 102822 102821 102820 102819 102818 102817 102816 102815 102814 102813 102812 102811 102810 102809 102808 102807 102806 102805 102804 102803 102802 102801 102800 102799 102798 102797 102796 102795 102794 102793 102792 102791 102790 102789 102788 102787 102786 102785 102784 102783 102782 102781 102780 102779 102778 102777 102776 102775 102774 102773 102772 102771 102770 102769 102768 102767 102766 102765 102764 102763 102762 102761 102760 102759 102758 102757 102756 102755 102754 102753 102752 102751 102750 102749 102748 102747 102746 102745 102744 102743 102742 102741 102740 102739 102738 102737 102736 102735 102734 102733 102732 102731 102730 102729 102728 102727 102726 102725 102724 102723 102722 102721 102720 102719 102718 102717 102716 102715 102714 102713 102712 102711 102710 102709 102708 102707 102706 102705 102704 102703 102702 102701 102700 102699 102698 102697 102696 102695 102694 102693 102692 102691 102690 102689 102688 102687 102686 102685 102684 102683 102682 102681 102680 102679 102678 102677 102676 102675 102674 102673 102672 102671 102670 102669 102668 102667 102666 102665 102664 102663 102662 102661 102660 102659 102658 102657 102656 102655 102654 102653 102652 102651 102650 102649 102648 102647 102646 102645 102644 102643 102642 102641 102640 102639 102638 102637 102636 102635 102634 102633 102632 102631 102630 102629 102628 102627 102626 102625 102624 102623 102622 102621 102620 102619 102618 102617 102616 102615 102614 102613 102612 102611 102610 102609 102608 102607 102606 102605 102604 102603 102602 102601 102600 102599 102598 102597 102596 102595 102594 102593 102592 102591 102590 102589 102588 102587 102586 102585 102584 102583 102582 102581 102580 102579 102578 102577 102576 102575 102574 102573 102572 102571 102570 102569 102568 102567 102566 102565 102564 102563 102562 102561 102560 102559 102558 102557 102556 102555 102554 102553 102552 102551 102550 102549 102548 102547 102546 102545 102544 102543 102542 102541 102540 102539 102538 102537 102536 102535 102534 102533 102532 102531 102530 102529 102528 102527 102526 102525 102524 102523 102522 102521 102520 102519 102518 102517 102516 102515 102514 102513 102512 102511 102510 102509 102508 102507 102506 102505 102504 102503 102502 102501 102500 102499 102498 102497 102496 102495 102494 102493 102492 102491 102490 102489 102488 102487 102486 102485 102484 102483 102482 102481 102480 102479 102478 102477 102476 102475 102474 102473 102472 102471 102470 102469 102468 102467 102466 102465 102464 102463 102462 102461 102460 102459 102458 102457 102456 102455 102454 102453 102452 102451 102450 102449 102448 102447 102446 102445 102444 102443 102442 102441 102440 102439 102438 102437 102436 102435 102434 102433 102432 102431 102430 102429 102428 102427 102426 102425 102424 102423 102422 102421 102420 102419 102418 102417 102416 102415 102414 102413 102412 102411 102410 102409 102408 102407 102406 102405 102404 102403 102402 102401 102400 102399 102398 102397 102396 102395 102394 102393 102392 102391 102390 102389 102388 102387 102386 102385 102384 102383 102382 102381 102380 102379 102378 102377 102376 102375 102374 102373 102372 102371 102370 102369 102368 102367 102366 102365 102364 102363 102362 102361 102360 102359 102358 102357 102356 102355 102354 102353 102352 102351 102350 102349 102348 102347 102346 102345 102344 102343 102342 102341 102340 102339 102338 102337 102336 102335 102334 102333 102332 102331 102330 102329 102328 102327 102326 102325 102324 102323 102322 102321 102320 102319 102318 102317 102316 102315 102314 102313 102312 102311 102310 102309 102308 102307 102306 102305 102304 102303 102302 102301 102300 102299 102298 102297 102296 102295 102294 102293 102292 102291 102290 102289 102288 102287 102286 102285 102284 102283 102282 102281 102280 102279 102278 102277 102276 102275 102274 102273 102272 102271 102270 102269 102268 102267 102266 102265 102264 102263 102262 102261 102260 102259 102258 102257 102256 102255 102254 102253 102252 102251 102250 102249 102248 102247 102246 102245 102244 102243 102242 102241 102240 102239 102238 102237 102236 102235 102234 102233 102232 102231 102230 102229 102228 102227 102226 102225 102224 102223 102222 102221 102220 102219 102218 102217 102216 102215 102214 102213 102212 102211 102210 102209 102208 102207 102206 102205 102204 102203 102202 102201 102200 102199 102198 102197 102196 102195 102194 102193 102192 102191 102190 102189 102188 102187 102186 102185 102184 102183 102182 102181 102180 102179 102178 102177 102176 102175 102174 102173 102172 102171 102170 102169 102168 102167 102166 102165 102164 102163 102162 102161 102160 102159 102158 102157 102156 102155 102154 102153 102152 102151 102150 102149 102148 102147 102146 102145 102144 102143 102142 102141 102140 102139 102138 102137 102136 102135 102134 102133 102132 102131 102130 102129 102128 102127 102126 102125 102124 102123 102122 102121 102120 102119 102118 102117 102116 102115 102114 102113 102112 102111 102110 102109 102108 102107 102106 102105 102104 102103 102102 102101 102100 102099 102098 102097 102096 102095 102094 102093 102092 102091 102090 102089 102088 102087 102086 102085 102084 102083 102082 102081 102080 102079 102078 102077 102076 102075 102074 102073 102072 102071 102070 102069 102068 102067 102066 102065 102064 102063 102062 102061 102060 102059 102058 102057 102056 102055 102054 102053 102052 102051 102050 102049 102048 102047 102046 102045 102044 102043 102042 102041 102040 102039 102038 102037 102036 102035 102034 102033 102032 102031 102030 102029 102028 102027 102026 102025 102024 102023 102022 102021 102020 102019 102018 102017 102016 102015 102014 102013 102012 102011 102010 102009 102008 102007 102006 102005 102004 102003 102002 102001 102000 101999 101998 101997 101996 101995 101994 101993 101992 101991 101990 101989 101988 101987 101986 101985 101984 101983 101982 101981 101980 101979 101978 101977 101976 101975 101974 101973 101972 101971 101970 101969 101968 101967 101966 101965 101964 101963 101962 101961 101960 101959 101958 101957 101956 101955 101954 101953 101952 101951 101950 101949 101948 101947 101946 101945 101944 101943 101942 101941 101940 101939 101938 101937 101936 101935 101934 101933 101932 101931 101930 101929 101928 101927 101926 101925 101924 101923 101922 101921 101920 101919 101918 101917 101916 101915 101914 101913 101912 101911 101910 101909 101908 101907 101906 101905 101904 101903 101902 101901 101900 101899 101898 101897 101896 101895 101894 101893 101892 101891 101890 101889 101888 101887 101886 101885 101884 101883 101882 101881 101880 101879 101878 101877 101876 101875 101874 101873 101872 101871 101870 101869 101868 101867 101866 101865 101864 101863 101862 101861 101860 101859 101858 101857 101856 101855 101854 101853 101852 101851 101850 101849 101848 101847 101846 101845 101844 101843 101842 101841 101840 101839 101838 101837 101836 101835 101834 101833 101832 101831 101830 101829 101828 101827 101826 101825 101824 101823 101822 101821 101820 101819 101818 101817 101816 101815 101814 101813 101812 101811 101810 101809 101808 101807 101806 101805 101804 101803 101802 101801 101800 101799 101798 101797 101796 101795 101794 101793 101792 101791 101790 101789 101788 101787 101786 101785 101784 101783 101782 101781 101780 101779 101778 101777 101776 101775 101774 101773 101772 101771 101770 101769 101768 101767 101766 101765 101764 101763 101762 101761 101760 101759 101758 101757 101756 101755 101754 101753 101752 101751 101750 101749 101748 101747 101746 101745 101744 101743 101742 101741 101740 101739 101738 101737 101736 101735 101734 101733 101732 101731 101730 101729 101728 101727 101726 101725 101724 101723 101722 101721 101720 101719 101718 101717 101716 101715 101714 101713 101712 101711 101710 101709 101708 101707 101706 101705 101704 101703 101702 101701 101700 101699 101698 101697 101696 101695 101694 101693 101692 101691 101690 101689 101688 101687 101686 101685 101684 101683 101682 101681 101680 101679 101678 101677 101676 101675 101674 101673 101672 101671 101670 101669 101668 101667 101666 101665 101664 101663 101662 101661 101660 101659 101658 101657 101656 101655 101654 101653 101652 101651 101650 101649 101648 101647 101646 101645 101644 101643 101642 101641 101640 101639 101638 101637 101636 101635 101634 101633 101632 101631 101630 101629 101628 101627 101626 101625 101624 101623 101622 101621 101620 101619 101618 101617 101616 101615 101614 101613 101612 101611 101610 101609 101608 101607 101606 101605 101604 101603 101602 101601 101600 101599 101598 101597 101596 101595 101594 101593 101592 101591 101590 101589 101588 101587 101586 101585 101584 101583 101582 101581 101580 101579 101578 101577 101576 101575 101574 101573 101572 101571 101570 101569 101568 101567 101566 101565 101564 101563 101562 101561 101560 101559 101558 101557 101556 101555 101554 101553 101552 101551 101550 101549 101548 101547 101546 101545 101544 101543 101542 101541 101540 101539 101538 101537 101536 101535 101534 101533 101532 101531 101530 101529 101528 101527 101526 101525 101524 101523 101522 101521 101520 101519 101518 101517 101516 101515 101514 101513 101512 101511 101510 101509 101508 101507 101506 101505 101504 101503 101502 101501 101500 101499 101498 101497 101496 101495 101494 101493 101492 101491 101490 101489 101488 101487 101486 101485 101484 101483 101482 101481 101480 101479 101478 101477 101476 101475 101474 101473 101472 101471 101470 101469 101468 101467 101466 101465 101464 101463 101462 101461 101460 101459 101458 101457 101456 101455 101454 101453 101452 101451 101450 101449 101448 101447 101446 101445 101444 101443 101442 101441 101440 101439 101438 101437 101436 101435 101434 101433 101432 101431 101430 101429 101428 101427 101426 101425 101424 101423 101422 101421 101420 101419 101418 101417 101416 101415 101414 101413 101412 101411 101410 101409 101408 101407 101406 101405 101404 101403 101402 101401 101400 101399 101398 101397 101396 101395 101394 101393 101392 101391 101390 101389 101388 101387 101386 101385 101384 101383 101382 101381 101380 101379 101378 101377 101376 101375 101374 101373 101372 101371 101370 101369 101368 101367 101366 101365 101364 101363 101362 101361 101360 101359 101358 101357 101356 101355 101354 101353 101352 101351 101350 101349 101348 101347 101346 101345 101344 101343 101342 101341 101340 101339 101338 101337 101336 101335 101334 101333 101332 101331 101330 101329 101328 101327 101326 101325 101324 101323 101322 101321 101320 101319 101318 101317 101316 101315 101314 101313 101312 101311 101310 101309 101308 101307 101306 101305 101304 101303 101302 101301 101300 101299 101298 101297 101296 101295 101294 101293 101292 101291 101290 101289 101288 101287 101286 101285 101284 101283 101282 101281 101280 101279 101278 101277 101276 101275 101274 101273 101272 101271 101270 101269 101268 101267 101266 101265 101264 101263 101262 101261 101260 101259 101258 101257 101256 101255 101254 101253 101252 101251 101250 101249 101248 101247 101246 101245 101244 101243 101242 101241 101240 101239 101238 101237 101236 101235 101234 101233 101232 101231 101230 101229 101228 101227 101226 101225 101224 101223 101222 101221 101220 101219 101218 101217 101216 101215 101214 101213 101212 101211 101210 101209 101208 101207 101206 101205 101204 101203 101202 101201 101200 101199 101198 101197 101196 101195 101194 101193 101192 101191 101190 101189 101188 101187 101186 101185 101184 101183 101182 101181 101180 101179 101178 101177 101176 101175 101174 101173 101172 101171 101170 101169 101168 101167 101166 101165 101164 101163 101162 101161 101160 101159 101158 101157 101156 101155 101154 101153 101152 101151 101150 101149 101148 101147 101146 101145 101144 101143 101142 101141 101140 101139 101138 101137 101136 101135 101134 101133 101132 101131 101130 101129 101128 101127 101126 101125 101124 101123 101122 101121 101120 101119 101118 101117 101116 101115 101114 101113 101112 101111 101110 101109 101108 101107 101106 101105 101104 101103 101102 101101 101100 101099 101098 101097 101096 101095 101094 101093 101092 101091 101090 101089 101088 101087 101086 101085 101084 101083 101082 101081 101080 101079 101078 101077 101076 101075 101074 101073 101072 101071 101070 101069 101068 101067 101066 101065 101064 101063 101062 101061 101060 101059 101058 101057 101056 101055 101054 101053 101052 101051 101050 101049 101048 101047 101046 101045 101044 101043 101042 101041 101040 101039 101038 101037 101036 101035 101034 101033 101032 101031 101030 101029 101028 101027 101026 101025 101024 101023 101022 101021 101020 101019 101018 101017 101016 101015 101014 101013 101012 101011 101010 101009 101008 101007 101006 101005 101004 101003 101002 101001 101000 100999 100998 100997 100996 100995 100994 100993 100992 100991 100990 100989 100988 100987 100986 100985 100984 100983 100982 100981 100980 100979 100978 100977 100976 100975 100974 100973 100972 100971 100970 100969 100968 100967 100966 100965 100964 100963 100962 100961 100960 100959 100958 100957 100956 100955 100954 100953 100952 100951 100950 100949 100948 100947 100946 100945 100944 100943 100942 100941 100940 100939 100938 100937 100936 100935 100934 100933 100932 100931 100930 100929 100928 100927 100926 100925 100924 100923 100922 100921 100920 100919 100918 100917 100916 100915 100914 100913 100912 100911 100910 100909 100908 100907 100906 100905 100904 100903 100902 100901 100900 100899 100898 100897 100896 100895 100894 100893 100892 100891 100890 100889 100888 100887 100886 100885 100884 100883 100882 100881 100880 100879 100878 100877 100876 100875 100874 100873 100872 100871 100870 100869 100868 100867 100866 100865 100864 100863 100862 100861 100860 100859 100858 100857 100856 100855 100854 100853 100852 100851 100850 100849 100848 100847 100846 100845 100844 100843 100842 100841 100840 100839 100838 100837 100836 100835 100834 100833 100832 100831 100830 100829 100828 100827 100826 100825 100824 100823 100822 100821 100820 100819 100818 100817 100816 100815 100814 100813 100812 100811 100810 100809 100808 100807 100806 100805 100804 100803 100802 100801 100800 100799 100798 100797 100796 100795 100794 100793 100792 100791 100790 100789 100788 100787 100786 100785 100784 100783 100782 100781 100780 100779 100778 100777 100776 100775 100774 100773 100772 100771 100770 100769 100768 100767 100766 100765 100764 100763 100762 100761 100760 100759 100758 100757 100756 100755 100754 100753 100752 100751 100750 100749 100748 100747 100746 100745 100744 100743 100742 100741 100740 100739 100738 100737 100736 100735 100734 100733 100732 100731 100730 100729 100728 100727 100726 100725 100724 100723 100722 100721 100720 100719 100718 100717 100716 100715 100714 100713 100712 100711 100710 100709 100708 100707 100706 100705 100704 100703 100702 100701 100700 100699 100698 100697 100696 100695 100694 100693 100692 100691 100690 100689 100688 100687 100686 100685 100684 100683 100682 100681 100680 100679 100678 100677 100676 100675 100674 100673 100672 100671 100670 100669 100668 100667 100666 100665 100664 100663 100662 100661 100660 100659 100658 100657 100656 100655 100654 100653 100652 100651 100650 100649 100648 100647 100646 100645 100644 100643 100642 100641 100640 100639 100638 100637 100636 100635 100634 100633 100632 100631 100630 100629 100628 100627 100626 100625 100624 100623 100622 100621 100620 100619 100618 100617 100616 100615 100614 100613 100612 100611 100610 100609 100608 100607 100606 100605 100604 100603 100602 100601 100600 100599 100598 100597 100596 100595 100594 100593 100592 100591 100590 100589 100588 100587 100586 100585 100584 100583 100582 100581 100580 100579 100578 100577 100576 100575 100574 100573 100572 100571 100570 100569 100568 100567 100566 100565 100564 100563 100562 100561 100560 100559 100558 100557 100556 100555 100554 100553 100552 100551 100550 100549 100548 100547 100546 100545 100544 100543 100542 100541 100540 100539 100538 100537 100536 100535 100534 100533 100532 100531 100530 100529 100528 100527 100526 100525 100524 100523 100522 100521 100520 100519 100518 100517 100516 100515 100514 100513 100512 100511 100510 100509 100508 100507 100506 100505 100504 100503 100502 100501 100500 100499 100498 100497 100496 100495 100494 100493 100492 100491 100490 100489 100488 100487 100486 100485 100484 100483 100482 100481 100480 100479 100478 100477 100476 100475 100474 100473 100472 100471 100470 100469 100468 100467 100466 100465 100464 100463 100462 100461 100460 100459 100458 100457 100456 100455 100454 100453 100452 100451 100450 100449 100448 100447 100446 100445 100444 100443 100442 100441 100440 100439 100438 100437 100436 100435 100434 100433 100432 100431 100430 100429 100428 100427 100426 100425 100424 100423 100422 100421 100420 100419 100418 100417 100416 100415 100414 100413 100412 100411 100410 100409 100408 100407 100406 100405 100404 100403 100402 100401 100400 100399 100398 100397 100396 100395 100394 100393 100392 100391 100390 100389 100388 100387 100386 100385 100384 100383 100382 100381 100380 100379 100378 100377 100376 100375 100374 100373 100372 100371 100370 100369 100368 100367 100366 100365 100364 100363 100362 100361 100360 100359 100358 100357 100356 100355 100354 100353 100352 100351 100350 100349 100348 100347 100346 100345 100344 100343 100342 100341 100340 100339 100338 100337 100336 100335 100334 100333 100332 100331 100330 100329 100328 100327 100326 100325 100324 100323 100322 100321 100320 100319 100318 100317 100316 100315 100314 100313 100312 100311 100310 100309 100308 100307 100306 100305 100304 100303 100302 100301 100300 100299 100298 100297 100296 100295 100294 100293 100292 100291 100290 100289 100288 100287 100286 100285 100284 100283 100282 100281 100280 100279 100278 100277 100276 100275 100274 100273 100272 100271 100270 100269 100268 100267 100266 100265 100264 100263 100262 100261 100260 100259 100258 100257 100256 100255 100254 100253 100252 100251 100250 100249 100248 100247 100246 100245 100244 100243 100242 100241 100240 100239 100238 100237 100236 100235 100234 100233 100232 100231 100230 100229 100228 100227 100226 100225 100224 100223 100222 100221 100220 100219 100218 100217 100216 100215 100214 100213 100212 100211 100210 100209 100208 100207 100206 100205 100204 100203 100202 100201 100200 100199 100198 100197 100196 100195 100194 100193 100192 100191 100190 100189 100188 100187 100186 100185 100184 100183 100182 100181 100180 100179 100178 100177 100176 100175 100174 100173 100172 100171 100170 100169 100168 100167 100166 100165 100164 100163 100162 100161 100160 100159 100158 100157 100156 100155 100154 100153 100152 100151 100150 100149 100148 100147 100146 100145 100144 100143 100142 100141 100140 100139 100138 100137 100136 100135 100134 100133 100132 100131 100130 100129 100128 100127 100126 100125 100124 100123 100122 100121 100120 100119 100118 100117 100116 100115 100114 100113 100112 100111 100110 100109 100108 100107 100106 100105 100104 100103 100102 100101 100100 100099 100098 100097 100096 100095 100094 100093 100092 100091 100090 100089 100088 100087 100086 100085 100084 100083 100082 100081 100080 100079 100078 100077 100076 100075 100074 100073 100072 100071 100070 100069 100068 100067 100066 100065 100064 100063 100062 100061 100060 100059 100058 100057 100056 100055 100054 100053 100052 100051 100050 100049 100048 100047 100046 100045 100044 100043 100042 100041 100040 100039 100038 100037 100036 100035 100034 100033 100032 100031 100030 100029 100028 100027 100026 100025 100024 100023 100022 100021 100020 100019 100018 100017 100016 100015 100014 100013 100012 100011 100010 100009 100008 100007 100006 100005 100004 100003 100002 100001 100000 99999 99998 99997 99996 99995 99994 99993 99992 99991 99990 99989 99988 99987 99986 99985 99984 99983 99982 99981 99980 99979 99978 99977 99976 99975 99974 99973 99972 99971 99970 99969 99968 99967 99966 99965 99964 99963 99962 99961 99960 99959 99958 99957 99956 99955 99954 99953 99952 99951 99950 99949 99948 99947 99946 99945 99944 99943 99942 99941 99940 99939 99938 99937 99936 99935 99934 99933 99932 99931 99930 99929 99928 99927 99926 99925 99924 99923 99922 99921 99920 99919 99918 99917 99916 99915 99914 99913 99912 99911 99910 99909 99908 99907 99906 99905 99904 99903 99902 99901 99900 99899 99898 99897 99896 99895 99894 99893 99892 99891 99890 99889 99888 99887 99886 99885 99884 99883 99882 99881 99880 99879 99878 99877 99876 99875 99874 99873 99872 99871 99870 99869 99868 99867 99866 99865 99864 99863 99862 99861 99860 99859 99858 99857 99856 99855 99854 99853 99852 99851 99850 99849 99848 99847 99846 99845 99844 99843 99842 99841 99840 99839 99838 99837 99836 99835 99834 99833 99832 99831 99830 99829 99828 99827 99826 99825 99824 99823 99822 99821 99820 99819 99818 99817 99816 99815 99814 99813 99812 99811 99810 99809 99808 99807 99806 99805 99804 99803 99802 99801 99800 99799 99798 99797 99796 99795 99794 99793 99792 99791 99790 99789 99788 99787 99786 99785 99784 99783 99782 99781 99780 99779 99778 99777 99776 99775 99774 99773 99772 99771 99770 99769 99768 99767 99766 99765 99764 99763 99762 99761 99760 99759 99758 99757 99756 99755 99754 99753 99752 99751 99750 99749 99748 99747 99746 99745 99744 99743 99742 99741 99740 99739 99738 99737 99736 99735 99734 99733 99732 99731 99730 99729 99728 99727 99726 99725 99724 99723 99722 99721 99720 99719 99718 99717 99716 99715 99714 99713 99712 99711 99710 99709 99708 99707 99706 99705 99704 99703 99702 99701 99700 99699 99698 99697 99696 99695 99694 99693 99692 99691 99690 99689 99688 99687 99686 99685 99684 99683 99682 99681 99680 99679 99678 99677 99676 99675 99674 99673 99672 99671 99670 99669 99668 99667 99666 99665 99664 99663 99662 99661 99660 99659 99658 99657 99656 99655 99654 99653 99652 99651 99650 99649 99648 99647 99646 99645 99644 99643 99642 99641 99640 99639 99638 99637 99636 99635 99634 99633 99632 99631 99630 99629 99628 99627 99626 99625 99624 99623 99622 99621 99620 99619 99618 99617 99616 99615 99614 99613 99612 99611 99610 99609 99608 99607 99606 99605 99604 99603 99602 99601 99600 99599 99598 99597 99596 99595 99594 99593 99592 99591 99590 99589 99588 99587 99586 99585 99584 99583 99582 99581 99580 99579 99578 99577 99576 99575 99574 99573 99572 99571 99570 99569 99568 99567 99566 99565 99564 99563 99562 99561 99560 99559 99558 99557 99556 99555 99554 99553 99552 99551 99550 99549 99548 99547 99546 99545 99544 99543 99542 99541 99540 99539 99538 99537 99536 99535 99534 99533 99532 99531 99530 99529 99528 99527 99526 99525 99524 99523 99522 99521 99520 99519 99518 99517 99516 99515 99514 99513 99512 99511 99510 99509 99508 99507 99506 99505 99504 99503 99502 99501 99500 99499 99498 99497 99496 99495 99494 99493 99492 99491 99490 99489 99488 99487 99486 99485 99484 99483 99482 99481 99480 99479 99478 99477 99476 99475 99474 99473 99472 99471 99470 99469 99468 99467 99466 99465 99464 99463 99462 99461 99460 99459 99458 99457 99456 99455 99454 99453 99452 99451 99450 99449 99448 99447 99446 99445 99444 99443 99442 99441 99440 99439 99438 99437 99436 99435 99434 99433 99432 99431 99430 99429 99428 99427 99426 99425 99424 99423 99422 99421 99420 99419 99418 99417 99416 99415 99414 99413 99412 99411 99410 99409 99408 99407 99406 99405 99404 99403 99402 99401 99400 99399 99398 99397 99396 99395 99394 99393 99392 99391 99390 99389 99388 99387 99386 99385 99384 99383 99382 99381 99380 99379 99378 99377 99376 99375 99374 99373 99372 99371 99370 99369 99368 99367 99366 99365 99364 99363 99362 99361 99360 99359 99358 99357 99356 99355 99354 99353 99352 99351 99350 99349 99348 99347 99346 99345 99344 99343 99342 99341 99340 99339 99338 99337 99336 99335 99334 99333 99332 99331 99330 99329 99328 99327 99326 99325 99324 99323 99322 99321 99320 99319 99318 99317 99316 99315 99314 99313 99312 99311 99310 99309 99308 99307 99306 99305 99304 99303 99302 99301 99300 99299 99298 99297 99296 99295 99294 99293 99292 99291 99290 99289 99288 99287 99286 99285 99284 99283 99282 99281 99280 99279 99278 99277 99276 99275 99274 99273 99272 99271 99270 99269 99268 99267 99266 99265 99264 99263 99262 99261 99260 99259 99258 99257 99256 99255 99254 99253 99252 99251 99250 99249 99248 99247 99246 99245 99244 99243 99242 99241 99240 99239 99238 99237 99236 99235 99234 99233 99232 99231 99230 99229 99228 99227 99226 99225 99224 99223 99222 99221 99220 99219 99218 99217 99216 99215 99214 99213 99212 99211 99210 99209 99208 99207 99206 99205 99204 99203 99202 99201 99200 99199 99198 99197 99196 99195 99194 99193 99192 99191 99190 99189 99188 99187 99186 99185 99184 99183 99182 99181 99180 99179 99178 99177 99176 99175 99174 99173 99172 99171 99170 99169 99168 99167 99166 99165 99164 99163 99162 99161 99160 99159 99158 99157 99156 99155 99154 99153 99152 99151 99150 99149 99148 99147 99146 99145 99144 99143 99142 99141 99140 99139 99138 99137 99136 99135 99134 99133 99132 99131 99130 99129 99128 99127 99126 99125 99124 99123 99122 99121 99120 99119 99118 99117 99116 99115 99114 99113 99112 99111 99110 99109 99108 99107 99106 99105 99104 99103 99102 99101 99100 99099 99098 99097 99096 99095 99094 99093 99092 99091 99090 99089 99088 99087 99086 99085 99084 99083 99082 99081 99080 99079 99078 99077 99076 99075 99074 99073 99072 99071 99070 99069 99068 99067 99066 99065 99064 99063 99062 99061 99060 99059 99058 99057 99056 99055 99054 99053 99052 99051 99050 99049 99048 99047 99046 99045 99044 99043 99042 99041 99040 99039 99038 99037 99036 99035 99034 99033 99032 99031 99030 99029 99028 99027 99026 99025 99024 99023 99022 99021 99020 99019 99018 99017 99016 99015 99014 99013 99012 99011 99010 99009 99008 99007 99006 99005 99004 99003 99002 99001 99000 98999 98998 98997 98996 98995 98994 98993 98992 98991 98990 98989 98988 98987 98986 98985 98984 98983 98982 98981 98980 98979 98978 98977 98976 98975 98974 98973 98972 98971 98970 98969 98968 98967 98966 98965 98964 98963 98962 98961 98960 98959 98958 98957 98956 98955 98954 98953 98952 98951 98950 98949 98948 98947 98946 98945 98944 98943 98942 98941 98940 98939 98938 98937 98936 98935 98934 98933 98932 98931 98930 98929 98928 98927 98926 98925 98924 98923 98922 98921 98920 98919 98918 98917 98916 98915 98914 98913 98912 98911 98910 98909 98908 98907 98906 98905 98904 98903 98902 98901 98900 98899 98898 98897 98896 98895 98894 98893 98892 98891 98890 98889 98888 98887 98886 98885 98884 98883 98882 98881 98880 98879 98878 98877 98876 98875 98874 98873 98872 98871 98870 98869 98868 98867 98866 98865 98864 98863 98862 98861 98860 98859 98858 98857 98856 98855 98854 98853 98852 98851 98850 98849 98848 98847 98846 98845 98844 98843 98842 98841 98840 98839 98838 98837 98836 98835 98834 98833 98832 98831 98830 98829 98828 98827 98826 98825 98824 98823 98822 98821 98820 98819 98818 98817 98816 98815 98814 98813 98812 98811 98810 98809 98808 98807 98806 98805 98804 98803 98802 98801 98800 98799 98798 98797 98796 98795 98794 98793 98792 98791 98790 98789 98788 98787 98786 98785 98784 98783 98782 98781 98780 98779 98778 98777 98776 98775 98774 98773 98772 98771 98770 98769 98768 98767 98766 98765 98764 98763 98762 98761 98760 98759 98758 98757 98756 98755 98754 98753 98752 98751 98750 98749 98748 98747 98746 98745 98744 98743 98742 98741 98740 98739 98738 98737 98736 98735 98734 98733 98732 98731 98730 98729 98728 98727 98726 98725 98724 98723 98722 98721 98720 98719 98718 98717 98716 98715 98714 98713 98712 98711 98710 98709 98708 98707 98706 98705 98704 98703 98702 98701 98700 98699 98698 98697 98696 98695 98694 98693 98692 98691 98690 98689 98688 98687 98686 98685 98684 98683 98682 98681 98680 98679 98678 98677 98676 98675 98674 98673 98672 98671 98670 98669 98668 98667 98666 98665 98664 98663 98662 98661 98660 98659 98658 98657 98656 98655 98654 98653 98652 98651 98650 98649 98648 98647 98646 98645 98644 98643 98642 98641 98640 98639 98638 98637 98636 98635 98634 98633 98632 98631 98630 98629 98628 98627 98626 98625 98624 98623 98622 98621 98620 98619 98618 98617 98616 98615 98614 98613 98612 98611 98610 98609 98608 98607 98606 98605 98604 98603 98602 98601 98600 98599 98598 98597 98596 98595 98594 98593 98592 98591 98590 98589 98588 98587 98586 98585 98584 98583 98582 98581 98580 98579 98578 98577 98576 98575 98574 98573 98572 98571 98570 98569 98568 98567 98566 98565 98564 98563 98562 98561 98560 98559 98558 98557 98556 98555 98554 98553 98552 98551 98550 98549 98548 98547 98546 98545 98544 98543 98542 98541 98540 98539 98538 98537 98536 98535 98534 98533 98532 98531 98530 98529 98528 98527 98526 98525 98524 98523 98522 98521 98520 98519 98518 98517 98516 98515 98514 98513 98512 98511 98510 98509 98508 98507 98506 98505 98504 98503 98502 98501 98500 98499 98498 98497 98496 98495 98494 98493 98492 98491 98490 98489 98488 98487 98486 98485 98484 98483 98482 98481 98480 98479 98478 98477 98476 98475 98474 98473 98472 98471 98470 98469 98468 98467 98466 98465 98464 98463 98462 98461 98460 98459 98458 98457 98456 98455 98454 98453 98452 98451 98450 98449 98448 98447 98446 98445 98444 98443 98442 98441 98440 98439 98438 98437 98436 98435 98434 98433 98432 98431 98430 98429 98428 98427 98426 98425 98424 98423 98422 98421 98420 98419 98418 98417 98416 98415 98414 98413 98412 98411 98410 98409 98408 98407 98406 98405 98404 98403 98402 98401 98400 98399 98398 98397 98396 98395 98394 98393 98392 98391 98390 98389 98388 98387 98386 98385 98384 98383 98382 98381 98380 98379 98378 98377 98376 98375 98374 98373 98372 98371 98370 98369 98368 98367 98366 98365 98364 98363 98362 98361 98360 98359 98358 98357 98356 98355 98354 98353 98352 98351 98350 98349 98348 98347 98346 98345 98344 98343 98342 98341 98340 98339 98338 98337 98336 98335 98334 98333 98332 98331 98330 98329 98328 98327 98326 98325 98324 98323 98322 98321 98320 98319 98318 98317 98316 98315 98314 98313 98312 98311 98310 98309 98308 98307 98306 98305 98304 98303 98302 98301 98300 98299 98298 98297 98296 98295 98294 98293 98292 98291 98290 98289 98288 98287 98286 98285 98284 98283 98282 98281 98280 98279 98278 98277 98276 98275 98274 98273 98272 98271 98270 98269 98268 98267 98266 98265 98264 98263 98262 98261 98260 98259 98258 98257 98256 98255 98254 98253 98252 98251 98250 98249 98248 98247 98246 98245 98244 98243 98242 98241 98240 98239 98238 98237 98236 98235 98234 98233 98232 98231 98230 98229 98228 98227 98226 98225 98224 98223 98222 98221 98220 98219 98218 98217 98216 98215 98214 98213 98212 98211 98210 98209 98208 98207 98206 98205 98204 98203 98202 98201 98200 98199 98198 98197 98196 98195 98194 98193 98192 98191 98190 98189 98188 98187 98186 98185 98184 98183 98182 98181 98180 98179 98178 98177 98176 98175 98174 98173 98172 98171 98170 98169 98168 98167 98166 98165 98164 98163 98162 98161 98160 98159 98158 98157 98156 98155 98154 98153 98152 98151 98150 98149 98148 98147 98146 98145 98144 98143 98142 98141 98140 98139 98138 98137 98136 98135 98134 98133 98132 98131 98130 98129 98128 98127 98126 98125 98124 98123 98122 98121 98120 98119 98118 98117 98116 98115 98114 98113 98112 98111 98110 98109 98108 98107 98106 98105 98104 98103 98102 98101 98100 98099 98098 98097 98096 98095 98094 98093 98092 98091 98090 98089 98088 98087 98086 98085 98084 98083 98082 98081 98080 98079 98078 98077 98076 98075 98074 98073 98072 98071 98070 98069 98068 98067 98066 98065 98064 98063 98062 98061 98060 98059 98058 98057 98056 98055 98054 98053 98052 98051 98050 98049 98048 98047 98046 98045 98044 98043 98042 98041 98040 98039 98038 98037 98036 98035 98034 98033 98032 98031 98030 98029 98028 98027 98026 98025 98024 98023 98022 98021 98020 98019 98018 98017 98016 98015 98014 98013 98012 98011 98010 98009 98008 98007 98006 98005 98004 98003 98002 98001 98000 97999 97998 97997 97996 97995 97994 97993 97992 97991 97990 97989 97988 97987 97986 97985 97984 97983 97982 97981 97980 97979 97978 97977 97976 97975 97974 97973 97972 97971 97970 97969 97968 97967 97966 97965 97964 97963 97962 97961 97960 97959 97958 97957 97956 97955 97954 97953 97952 97951 97950 97949 97948 97947 97946 97945 97944 97943 97942 97941 97940 97939 97938 97937 97936 97935 97934 97933 97932 97931 97930 97929 97928 97927 97926 97925 97924 97923 97922 97921 97920 97919 97918 97917 97916 97915 97914 97913 97912 97911 97910 97909 97908 97907 97906 97905 97904 97903 97902 97901 97900 97899 97898 97897 97896 97895 97894 97893 97892 97891 97890 97889 97888 97887 97886 97885 97884 97883 97882 97881 97880 97879 97878 97877 97876 97875 97874 97873 97872 97871 97870 97869 97868 97867 97866 97865 97864 97863 97862 97861 97860 97859 97858 97857 97856 97855 97854 97853 97852 97851 97850 97849 97848 97847 97846 97845 97844 97843 97842 97841 97840 97839 97838 97837 97836 97835 97834 97833 97832 97831 97830 97829 97828 97827 97826 97825 97824 97823 97822 97821 97820 97819 97818 97817 97816 97815 97814 97813 97812 97811 97810 97809 97808 97807 97806 97805 97804 97803 97802 97801 97800 97799 97798 97797 97796 97795 97794 97793 97792 97791 97790 97789 97788 97787 97786 97785 97784 97783 97782 97781 97780 97779 97778 97777 97776 97775 97774 97773 97772 97771 97770 97769 97768 97767 97766 97765 97764 97763 97762 97761 97760 97759 97758 97757 97756 97755 97754 97753 97752 97751 97750 97749 97748 97747 97746 97745 97744 97743 97742 97741 97740 97739 97738 97737 97736 97735 97734 97733 97732 97731 97730 97729 97728 97727 97726 97725 97724 97723 97722 97721 97720 97719 97718 97717 97716 97715 97714 97713 97712 97711 97710 97709 97708 97707 97706 97705 97704 97703 97702 97701 97700 97699 97698 97697 97696 97695 97694 97693 97692 97691 97690 97689 97688 97687 97686 97685 97684 97683 97682 97681 97680 97679 97678 97677 97676 97675 97674 97673 97672 97671 97670 97669 97668 97667 97666 97665 97664 97663 97662 97661 97660 97659 97658 97657 97656 97655 97654 97653 97652 97651 97650 97649 97648 97647 97646 97645 97644 97643 97642 97641 97640 97639 97638 97637 97636 97635 97634 97633 97632 97631 97630 97629 97628 97627 97626 97625 97624 97623 97622 97621 97620 97619 97618 97617 97616 97615 97614 97613 97612 97611 97610 97609 97608 97607 97606 97605 97604 97603 97602 97601 97600 97599 97598 97597 97596 97595 97594 97593 97592 97591 97590 97589 97588 97587 97586 97585 97584 97583 97582 97581 97580 97579 97578 97577 97576 97575 97574 97573 97572 97571 97570 97569 97568 97567 97566 97565 97564 97563 97562 97561 97560 97559 97558 97557 97556 97555 97554 97553 97552 97551 97550 97549 97548 97547 97546 97545 97544 97543 97542 97541 97540 97539 97538 97537 97536 97535 97534 97533 97532 97531 97530 97529 97528 97527 97526 97525 97524 97523 97522 97521 97520 97519 97518 97517 97516 97515 97514 97513 97512 97511 97510 97509 97508 97507 97506 97505 97504 97503 97502 97501 97500 97499 97498 97497 97496 97495 97494 97493 97492 97491 97490 97489 97488 97487 97486 97485 97484 97483 97482 97481 97480 97479 97478 97477 97476 97475 97474 97473 97472 97471 97470 97469 97468 97467 97466 97465 97464 97463 97462 97461 97460 97459 97458 97457 97456 97455 97454 97453 97452 97451 97450 97449 97448 97447 97446 97445 97444 97443 97442 97441 97440 97439 97438 97437 97436 97435 97434 97433 97432 97431 97430 97429 97428 97427 97426 97425 97424 97423 97422 97421 97420 97419 97418 97417 97416 97415 97414 97413 97412 97411 97410 97409 97408 97407 97406 97405 97404 97403 97402 97401 97400 97399 97398 97397 97396 97395 97394 97393 97392 97391 97390 97389 97388 97387 97386 97385 97384 97383 97382 97381 97380 97379 97378 97377 97376 97375 97374 97373 97372 97371 97370 97369 97368 97367 97366 97365 97364 97363 97362 97361 97360 97359 97358 97357 97356 97355 97354 97353 97352 97351 97350 97349 97348 97347 97346 97345 97344 97343 97342 97341 97340 97339 97338 97337 97336 97335 97334 97333 97332 97331 97330 97329 97328 97327 97326 97325 97324 97323 97322 97321 97320 97319 97318 97317 97316 97315 97314 97313 97312 97311 97310 97309 97308 97307 97306 97305 97304 97303 97302 97301 97300 97299 97298 97297 97296 97295 97294 97293 97292 97291 97290 97289 97288 97287 97286 97285 97284 97283 97282 97281 97280 97279 97278 97277 97276 97275 97274 97273 97272 97271 97270 97269 97268 97267 97266 97265 97264 97263 97262 97261 97260 97259 97258 97257 97256 97255 97254 97253 97252 97251 97250 97249 97248 97247 97246 97245 97244 97243 97242 97241 97240 97239 97238 97237 97236 97235 97234 97233 97232 97231 97230 97229 97228 97227 97226 97225 97224 97223 97222 97221 97220 97219 97218 97217 97216 97215 97214 97213 97212 97211 97210 97209 97208 97207 97206 97205 97204 97203 97202 97201 97200 97199 97198 97197 97196 97195 97194 97193 97192 97191 97190 97189 97188 97187 97186 97185 97184 97183 97182 97181 97180 97179 97178 97177 97176 97175 97174 97173 97172 97171 97170 97169 97168 97167 97166 97165 97164 97163 97162 97161 97160 97159 97158 97157 97156 97155 97154 97153 97152 97151 97150 97149 97148 97147 97146 97145 97144 97143 97142 97141 97140 97139 97138 97137 97136 97135 97134 97133 97132 97131 97130 97129 97128 97127 97126 97125 97124 97123 97122 97121 97120 97119 97118 97117 97116 97115 97114 97113 97112 97111 97110 97109 97108 97107 97106 97105 97104 97103 97102 97101 97100 97099 97098 97097 97096 97095 97094 97093 97092 97091 97090 97089 97088 97087 97086 97085 97084 97083 97082 97081 97080 97079 97078 97077 97076 97075 97074 97073 97072 97071 97070 97069 97068 97067 97066 97065 97064 97063 97062 97061 97060 97059 97058 97057 97056 97055 97054 97053 97052 97051 97050 97049 97048 97047 97046 97045 97044 97043 97042 97041 97040 97039 97038 97037 97036 97035 97034 97033 97032 97031 97030 97029 97028 97027 97026 97025 97024 97023 97022 97021 97020 97019 97018 97017 97016 97015 97014 97013 97012 97011 97010 97009 97008 97007 97006 97005 97004 97003 97002 97001 97000 96999 96998 96997 96996 96995 96994 96993 96992 96991 96990 96989 96988 96987 96986 96985 96984 96983 96982 96981 96980 96979 96978 96977 96976 96975 96974 96973 96972 96971 96970 96969 96968 96967 96966 96965 96964 96963 96962 96961 96960 96959 96958 96957 96956 96955 96954 96953 96952 96951 96950 96949 96948 96947 96946 96945 96944 96943 96942 96941 96940 96939 96938 96937 96936 96935 96934 96933 96932 96931 96930 96929 96928 96927 96926 96925 96924 96923 96922 96921 96920 96919 96918 96917 96916 96915 96914 96913 96912 96911 96910 96909 96908 96907 96906 96905 96904 96903 96902 96901 96900 96899 96898 96897 96896 96895 96894 96893 96892 96891 96890 96889 96888 96887 96886 96885 96884 96883 96882 96881 96880 96879 96878 96877 96876 96875 96874 96873 96872 96871 96870 96869 96868 96867 96866 96865 96864 96863 96862 96861 96860 96859 96858 96857 96856 96855 96854 96853 96852 96851 96850 96849 96848 96847 96846 96845 96844 96843 96842 96841 96840 96839 96838 96837 96836 96835 96834 96833 96832 96831 96830 96829 96828 96827 96826 96825 96824 96823 96822 96821 96820 96819 96818 96817 96816 96815 96814 96813 96812 96811 96810 96809 96808 96807 96806 96805 96804 96803 96802 96801 96800 96799 96798 96797 96796 96795 96794 96793 96792 96791 96790 96789 96788 96787 96786 96785 96784 96783 96782 96781 96780 96779 96778 96777 96776 96775 96774 96773 96772 96771 96770 96769 96768 96767 96766 96765 96764 96763 96762 96761 96760 96759 96758 96757 96756 96755 96754 96753 96752 96751 96750 96749 96748 96747 96746 96745 96744 96743 96742 96741 96740 96739 96738 96737 96736 96735 96734 96733 96732 96731 96730 96729 96728 96727 96726 96725 96724 96723 96722 96721 96720 96719 96718 96717 96716 96715 96714 96713 96712 96711 96710 96709 96708 96707 96706 96705 96704 96703 96702 96701 96700 96699 96698 96697 96696 96695 96694 96693 96692 96691 96690 96689 96688 96687 96686 96685 96684 96683 96682 96681 96680 96679 96678 96677 96676 96675 96674 96673 96672 96671 96670 96669 96668 96667 96666 96665 96664 96663 96662 96661 96660 96659 96658 96657 96656 96655 96654 96653 96652 96651 96650 96649 96648 96647 96646 96645 96644 96643 96642 96641 96640 96639 96638 96637 96636 96635 96634 96633 96632 96631 96630 96629 96628 96627 96626 96625 96624 96623 96622 96621 96620 96619 96618 96617 96616 96615 96614 96613 96612 96611 96610 96609 96608 96607 96606 96605 96604 96603 96602 96601 96600 96599 96598 96597 96596 96595 96594 96593 96592 96591 96590 96589 96588 96587 96586 96585 96584 96583 96582 96581 96580 96579 96578 96577 96576 96575 96574 96573 96572 96571 96570 96569 96568 96567 96566 96565 96564 96563 96562 96561 96560 96559 96558 96557 96556 96555 96554 96553 96552 96551 96550 96549 96548 96547 96546 96545 96544 96543 96542 96541 96540 96539 96538 96537 96536 96535 96534 96533 96532 96531 96530 96529 96528 96527 96526 96525 96524 96523 96522 96521 96520 96519 96518 96517 96516 96515 96514 96513 96512 96511 96510 96509 96508 96507 96506 96505 96504 96503 96502 96501 96500 96499 96498 96497 96496 96495 96494 96493 96492 96491 96490 96489 96488 96487 96486 96485 96484 96483 96482 96481 96480 96479 96478 96477 96476 96475 96474 96473 96472 96471 96470 96469 96468 96467 96466 96465 96464 96463 96462 96461 96460 96459 96458 96457 96456 96455 96454 96453 96452 96451 96450 96449 96448 96447 96446 96445 96444 96443 96442 96441 96440 96439 96438 96437 96436 96435 96434 96433 96432 96431 96430 96429 96428 96427 96426 96425 96424 96423 96422 96421 96420 96419 96418 96417 96416 96415 96414 96413 96412 96411 96410 96409 96408 96407 96406 96405 96404 96403 96402 96401 96400 96399 96398 96397 96396 96395 96394 96393 96392 96391 96390 96389 96388 96387 96386 96385 96384 96383 96382 96381 96380 96379 96378 96377 96376 96375 96374 96373 96372 96371 96370 96369 96368 96367 96366 96365 96364 96363 96362 96361 96360 96359 96358 96357 96356 96355 96354 96353 96352 96351 96350 96349 96348 96347 96346 96345 96344 96343 96342 96341 96340 96339 96338 96337 96336 96335 96334 96333 96332 96331 96330 96329 96328 96327 96326 96325 96324 96323 96322 96321 96320 96319 96318 96317 96316 96315 96314 96313 96312 96311 96310 96309 96308 96307 96306 96305 96304 96303 96302 96301 96300 96299 96298 96297 96296 96295 96294 96293 96292 96291 96290 96289 96288 96287 96286 96285 96284 96283 96282 96281 96280 96279 96278 96277 96276 96275 96274 96273 96272 96271 96270 96269 96268 96267 96266 96265 96264 96263 96262 96261 96260 96259 96258 96257 96256 96255 96254 96253 96252 96251 96250 96249 96248 96247 96246 96245 96244 96243 96242 96241 96240 96239 96238 96237 96236 96235 96234 96233 96232 96231 96230 96229 96228 96227 96226 96225 96224 96223 96222 96221 96220 96219 96218 96217 96216 96215 96214 96213 96212 96211 96210 96209 96208 96207 96206 96205 96204 96203 96202 96201 96200 96199 96198 96197 96196 96195 96194 96193 96192 96191 96190 96189 96188 96187 96186 96185 96184 96183 96182 96181 96180 96179 96178 96177 96176 96175 96174 96173 96172 96171 96170 96169 96168 96167 96166 96165 96164 96163 96162 96161 96160 96159 96158 96157 96156 96155 96154 96153 96152 96151 96150 96149 96148 96147 96146 96145 96144 96143 96142 96141 96140 96139 96138 96137 96136 96135 96134 96133 96132 96131 96130 96129 96128 96127 96126 96125 96124 96123 96122 96121 96120 96119 96118 96117 96116 96115 96114 96113 96112 96111 96110 96109 96108 96107 96106 96105 96104 96103 96102 96101 96100 96099 96098 96097 96096 96095 96094 96093 96092 96091 96090 96089 96088 96087 96086 96085 96084 96083 96082 96081 96080 96079 96078 96077 96076 96075 96074 96073 96072 96071 96070 96069 96068 96067 96066 96065 96064 96063 96062 96061 96060 96059 96058 96057 96056 96055 96054 96053 96052 96051 96050 96049 96048 96047 96046 96045 96044 96043 96042 96041 96040 96039 96038 96037 96036 96035 96034 96033 96032 96031 96030 96029 96028 96027 96026 96025 96024 96023 96022 96021 96020 96019 96018 96017 96016 96015 96014 96013 96012 96011 96010 96009 96008 96007 96006 96005 96004 96003 96002 96001 96000 95999 95998 95997 95996 95995 95994 95993 95992 95991 95990 95989 95988 95987 95986 95985 95984 95983 95982 95981 95980 95979 95978 95977 95976 95975 95974 95973 95972 95971 95970 95969 95968 95967 95966 95965 95964 95963 95962 95961 95960 95959 95958 95957 95956 95955 95954 95953 95952 95951 95950 95949 95948 95947 95946 95945 95944 95943 95942 95941 95940 95939 95938 95937 95936 95935 95934 95933 95932 95931 95930 95929 95928 95927 95926 95925 95924 95923 95922 95921 95920 95919 95918 95917 95916 95915 95914 95913 95912 95911 95910 95909 95908 95907 95906 95905 95904 95903 95902 95901 95900 95899 95898 95897 95896 95895 95894 95893 95892 95891 95890 95889 95888 95887 95886 95885 95884 95883 95882 95881 95880 95879 95878 95877 95876 95875 95874 95873 95872 95871 95870 95869 95868 95867 95866 95865 95864 95863 95862 95861 95860 95859 95858 95857 95856 95855 95854 95853 95852 95851 95850 95849 95848 95847 95846 95845 95844 95843 95842 95841 95840 95839 95838 95837 95836 95835 95834 95833 95832 95831 95830 95829 95828 95827 95826 95825 95824 95823 95822 95821 95820 95819 95818 95817 95816 95815 95814 95813 95812 95811 95810 95809 95808 95807 95806 95805 95804 95803 95802 95801 95800 95799 95798 95797 95796 95795 95794 95793 95792 95791 95790 95789 95788 95787 95786 95785 95784 95783 95782 95781 95780 95779 95778 95777 95776 95775 95774 95773 95772 95771 95770 95769 95768 95767 95766 95765 95764 95763 95762 95761 95760 95759 95758 95757 95756 95755 95754 95753 95752 95751 95750 95749 95748 95747 95746 95745 95744 95743 95742 95741 95740 95739 95738 95737 95736 95735 95734 95733 95732 95731 95730 95729 95728 95727 95726 95725 95724 95723 95722 95721 95720 95719 95718 95717 95716 95715 95714 95713 95712 95711 95710 95709 95708 95707 95706 95705 95704 95703 95702 95701 95700 95699 95698 95697 95696 95695 95694 95693 95692 95691 95690 95689 95688 95687 95686 95685 95684 95683 95682 95681 95680 95679 95678 95677 95676 95675 95674 95673 95672 95671 95670 95669 95668 95667 95666 95665 95664 95663 95662 95661 95660 95659 95658 95657 95656 95655 95654 95653 95652 95651 95650 95649 95648 95647 95646 95645 95644 95643 95642 95641 95640 95639 95638 95637 95636 95635 95634 95633 95632 95631 95630 95629 95628 95627 95626 95625 95624 95623 95622 95621 95620 95619 95618 95617 95616 95615 95614 95613 95612 95611 95610 95609 95608 95607 95606 95605 95604 95603 95602 95601 95600 95599 95598 95597 95596 95595 95594 95593 95592 95591 95590 95589 95588 95587 95586 95585 95584 95583 95582 95581 95580 95579 95578 95577 95576 95575 95574 95573 95572 95571 95570 95569 95568 95567 95566 95565 95564 95563 95562 95561 95560 95559 95558 95557 95556 95555 95554 95553 95552 95551 95550 95549 95548 95547 95546 95545 95544 95543 95542 95541 95540 95539 95538 95537 95536 95535 95534 95533 95532 95531 95530 95529 95528 95527 95526 95525 95524 95523 95522 95521 95520 95519 95518 95517 95516 95515 95514 95513 95512 95511 95510 95509 95508 95507 95506 95505 95504 95503 95502 95501 95500 95499 95498 95497 95496 95495 95494 95493 95492 95491 95490 95489 95488 95487 95486 95485 95484 95483 95482 95481 95480 95479 95478 95477 95476 95475 95474 95473 95472 95471 95470 95469 95468 95467 95466 95465 95464 95463 95462 95461 95460 95459 95458 95457 95456 95455 95454 95453 95452 95451 95450 95449 95448 95447 95446 95445 95444 95443 95442 95441 95440 95439 95438 95437 95436 95435 95434 95433 95432 95431 95430 95429 95428 95427 95426 95425 95424 95423 95422 95421 95420 95419 95418 95417 95416 95415 95414 95413 95412 95411 95410 95409 95408 95407 95406 95405 95404 95403 95402 95401 95400 95399 95398 95397 95396 95395 95394 95393 95392 95391 95390 95389 95388 95387 95386 95385 95384 95383 95382 95381 95380 95379 95378 95377 95376 95375 95374 95373 95372 95371 95370 95369 95368 95367 95366 95365 95364 95363 95362 95361 95360 95359 95358 95357 95356 95355 95354 95353 95352 95351 95350 95349 95348 95347 95346 95345 95344 95343 95342 95341 95340 95339 95338 95337 95336 95335 95334 95333 95332 95331 95330 95329 95328 95327 95326 95325 95324 95323 95322 95321 95320 95319 95318 95317 95316 95315 95314 95313 95312 95311 95310 95309 95308 95307 95306 95305 95304 95303 95302 95301 95300 95299 95298 95297 95296 95295 95294 95293 95292 95291 95290 95289 95288 95287 95286 95285 95284 95283 95282 95281 95280 95279 95278 95277 95276 95275 95274 95273 95272 95271 95270 95269 95268 95267 95266 95265 95264 95263 95262 95261 95260 95259 95258 95257 95256 95255 95254 95253 95252 95251 95250 95249 95248 95247 95246 95245 95244 95243 95242 95241 95240 95239 95238 95237 95236 95235 95234 95233 95232 95231 95230 95229 95228 95227 95226 95225 95224 95223 95222 95221 95220 95219 95218 95217 95216 95215 95214 95213 95212 95211 95210 95209 95208 95207 95206 95205 95204 95203 95202 95201 95200 95199 95198 95197 95196 95195 95194 95193 95192 95191 95190 95189 95188 95187 95186 95185 95184 95183 95182 95181 95180 95179 95178 95177 95176 95175 95174 95173 95172 95171 95170 95169 95168 95167 95166 95165 95164 95163 95162 95161 95160 95159 95158 95157 95156 95155 95154 95153 95152 95151 95150 95149 95148 95147 95146 95145 95144 95143 95142 95141 95140 95139 95138 95137 95136 95135 95134 95133 95132 95131 95130 95129 95128 95127 95126 95125 95124 95123 95122 95121 95120 95119 95118 95117 95116 95115 95114 95113 95112 95111 95110 95109 95108 95107 95106 95105 95104 95103 95102 95101 95100 95099 95098 95097 95096 95095 95094 95093 95092 95091 95090 95089 95088 95087 95086 95085 95084 95083 95082 95081 95080 95079 95078 95077 95076 95075 95074 95073 95072 95071 95070 95069 95068 95067 95066 95065 95064 95063 95062 95061 95060 95059 95058 95057 95056 95055 95054 95053 95052 95051 95050 95049 95048 95047 95046 95045 95044 95043 95042 95041 95040 95039 95038 95037 95036 95035 95034 95033 95032 95031 95030 95029 95028 95027 95026 95025 95024 95023 95022 95021 95020 95019 95018 95017 95016 95015 95014 95013 95012 95011 95010 95009 95008 95007 95006 95005 95004 95003 95002 95001 95000 94999 94998 94997 94996 94995 94994 94993 94992 94991 94990 94989 94988 94987 94986 94985 94984 94983 94982 94981 94980 94979 94978 94977 94976 94975 94974 94973 94972 94971 94970 94969 94968 94967 94966 94965 94964 94963 94962 94961 94960 94959 94958 94957 94956 94955 94954 94953 94952 94951 94950 94949 94948 94947 94946 94945 94944 94943 94942 94941 94940 94939 94938 94937 94936 94935 94934 94933 94932 94931 94930 94929 94928 94927 94926 94925 94924 94923 94922 94921 94920 94919 94918 94917 94916 94915 94914 94913 94912 94911 94910 94909 94908 94907 94906 94905 94904 94903 94902 94901 94900 94899 94898 94897 94896 94895 94894 94893 94892 94891 94890 94889 94888 94887 94886 94885 94884 94883 94882 94881 94880 94879 94878 94877 94876 94875 94874 94873 94872 94871 94870 94869 94868 94867 94866 94865 94864 94863 94862 94861 94860 94859 94858 94857 94856 94855 94854 94853 94852 94851 94850 94849 94848 94847 94846 94845 94844 94843 94842 94841 94840 94839 94838 94837 94836 94835 94834 94833 94832 94831 94830 94829 94828 94827 94826 94825 94824 94823 94822 94821 94820 94819 94818 94817 94816 94815 94814 94813 94812 94811 94810 94809 94808 94807 94806 94805 94804 94803 94802 94801 94800 94799 94798 94797 94796 94795 94794 94793 94792 94791 94790 94789 94788 94787 94786 94785 94784 94783 94782 94781 94780 94779 94778 94777 94776 94775 94774 94773 94772 94771 94770 94769 94768 94767 94766 94765 94764 94763 94762 94761 94760 94759 94758 94757 94756 94755 94754 94753 94752 94751 94750 94749 94748 94747 94746 94745 94744 94743 94742 94741 94740 94739 94738 94737 94736 94735 94734 94733 94732 94731 94730 94729 94728 94727 94726 94725 94724 94723 94722 94721 94720 94719 94718 94717 94716 94715 94714 94713 94712 94711 94710 94709 94708 94707 94706 94705 94704 94703 94702 94701 94700 94699 94698 94697 94696 94695 94694 94693 94692 94691 94690 94689 94688 94687 94686 94685 94684 94683 94682 94681 94680 94679 94678 94677 94676 94675 94674 94673 94672 94671 94670 94669 94668 94667 94666 94665 94664 94663 94662 94661 94660 94659 94658 94657 94656 94655 94654 94653 94652 94651 94650 94649 94648 94647 94646 94645 94644 94643 94642 94641 94640 94639 94638 94637 94636 94635 94634 94633 94632 94631 94630 94629 94628 94627 94626 94625 94624 94623 94622 94621 94620 94619 94618 94617 94616 94615 94614 94613 94612 94611 94610 94609 94608 94607 94606 94605 94604 94603 94602 94601 94600 94599 94598 94597 94596 94595 94594 94593 94592 94591 94590 94589 94588 94587 94586 94585 94584 94583 94582 94581 94580 94579 94578 94577 94576 94575 94574 94573 94572 94571 94570 94569 94568 94567 94566 94565 94564 94563 94562 94561 94560 94559 94558 94557 94556 94555 94554 94553 94552 94551 94550 94549 94548 94547 94546 94545 94544 94543 94542 94541 94540 94539 94538 94537 94536 94535 94534 94533 94532 94531 94530 94529 94528 94527 94526 94525 94524 94523 94522 94521 94520 94519 94518 94517 94516 94515 94514 94513 94512 94511 94510 94509 94508 94507 94506 94505 94504 94503 94502 94501 94500 94499 94498 94497 94496 94495 94494 94493 94492 94491 94490 94489 94488 94487 94486 94485 94484 94483 94482 94481 94480 94479 94478 94477 94476 94475 94474 94473 94472 94471 94470 94469 94468 94467 94466 94465 94464 94463 94462 94461 94460 94459 94458 94457 94456 94455 94454 94453 94452 94451 94450 94449 94448 94447 94446 94445 94444 94443 94442 94441 94440 94439 94438 94437 94436 94435 94434 94433 94432 94431 94430 94429 94428 94427 94426 94425 94424 94423 94422 94421 94420 94419 94418 94417 94416 94415 94414 94413 94412 94411 94410 94409 94408 94407 94406 94405 94404 94403 94402 94401 94400 94399 94398 94397 94396 94395 94394 94393 94392 94391 94390 94389 94388 94387 94386 94385 94384 94383 94382 94381 94380 94379 94378 94377 94376 94375 94374 94373 94372 94371 94370 94369 94368 94367 94366 94365 94364 94363 94362 94361 94360 94359 94358 94357 94356 94355 94354 94353 94352 94351 94350 94349 94348 94347 94346 94345 94344 94343 94342 94341 94340 94339 94338 94337 94336 94335 94334 94333 94332 94331 94330 94329 94328 94327 94326 94325 94324 94323 94322 94321 94320 94319 94318 94317 94316 94315 94314 94313 94312 94311 94310 94309 94308 94307 94306 94305 94304 94303 94302 94301 94300 94299 94298 94297 94296 94295 94294 94293 94292 94291 94290 94289 94288 94287 94286 94285 94284 94283 94282 94281 94280 94279 94278 94277 94276 94275 94274 94273 94272 94271 94270 94269 94268 94267 94266 94265 94264 94263 94262 94261 94260 94259 94258 94257 94256 94255 94254 94253 94252 94251 94250 94249 94248 94247 94246 94245 94244 94243 94242 94241 94240 94239 94238 94237 94236 94235 94234 94233 94232 94231 94230 94229 94228 94227 94226 94225 94224 94223 94222 94221 94220 94219 94218 94217 94216 94215 94214 94213 94212 94211 94210 94209 94208 94207 94206 94205 94204 94203 94202 94201 94200 94199 94198 94197 94196 94195 94194 94193 94192 94191 94190 94189 94188 94187 94186 94185 94184 94183 94182 94181 94180 94179 94178 94177 94176 94175 94174 94173 94172 94171 94170 94169 94168 94167 94166 94165 94164 94163 94162 94161 94160 94159 94158 94157 94156 94155 94154 94153 94152 94151 94150 94149 94148 94147 94146 94145 94144 94143 94142 94141 94140 94139 94138 94137 94136 94135 94134 94133 94132 94131 94130 94129 94128 94127 94126 94125 94124 94123 94122 94121 94120 94119 94118 94117 94116 94115 94114 94113 94112 94111 94110 94109 94108 94107 94106 94105 94104 94103 94102 94101 94100 94099 94098 94097 94096 94095 94094 94093 94092 94091 94090 94089 94088 94087 94086 94085 94084 94083 94082 94081 94080 94079 94078 94077 94076 94075 94074 94073 94072 94071 94070 94069 94068 94067 94066 94065 94064 94063 94062 94061 94060 94059 94058 94057 94056 94055 94054 94053 94052 94051 94050 94049 94048 94047 94046 94045 94044 94043 94042 94041 94040 94039 94038 94037 94036 94035 94034 94033 94032 94031 94030 94029 94028 94027 94026 94025 94024 94023 94022 94021 94020 94019 94018 94017 94016 94015 94014 94013 94012 94011 94010 94009 94008 94007 94006 94005 94004 94003 94002 94001 94000 93999 93998 93997 93996 93995 93994 93993 93992 93991 93990 93989 93988 93987 93986 93985 93984 93983 93982 93981 93980 93979 93978 93977 93976 93975 93974 93973 93972 93971 93970 93969 93968 93967 93966 93965 93964 93963 93962 93961 93960 93959 93958 93957 93956 93955 93954 93953 93952 93951 93950 93949 93948 93947 93946 93945 93944 93943 93942 93941 93940 93939 93938 93937 93936 93935 93934 93933 93932 93931 93930 93929 93928 93927 93926 93925 93924 93923 93922 93921 93920 93919 93918 93917 93916 93915 93914 93913 93912 93911 93910 93909 93908 93907 93906 93905 93904 93903 93902 93901 93900 93899 93898 93897 93896 93895 93894 93893 93892 93891 93890 93889 93888 93887 93886 93885 93884 93883 93882 93881 93880 93879 93878 93877 93876 93875 93874 93873 93872 93871 93870 93869 93868 93867 93866 93865 93864 93863 93862 93861 93860 93859 93858 93857 93856 93855 93854 93853 93852 93851 93850 93849 93848 93847 93846 93845 93844 93843 93842 93841 93840 93839 93838 93837 93836 93835 93834 93833 93832 93831 93830 93829 93828 93827 93826 93825 93824 93823 93822 93821 93820 93819 93818 93817 93816 93815 93814 93813 93812 93811 93810 93809 93808 93807 93806 93805 93804 93803 93802 93801 93800 93799 93798 93797 93796 93795 93794 93793 93792 93791 93790 93789 93788 93787 93786 93785 93784 93783 93782 93781 93780 93779 93778 93777 93776 93775 93774 93773 93772 93771 93770 93769 93768 93767 93766 93765 93764 93763 93762 93761 93760 93759 93758 93757 93756 93755 93754 93753 93752 93751 93750 93749 93748 93747 93746 93745 93744 93743 93742 93741 93740 93739 93738 93737 93736 93735 93734 93733 93732 93731 93730 93729 93728 93727 93726 93725 93724 93723 93722 93721 93720 93719 93718 93717 93716 93715 93714 93713 93712 93711 93710 93709 93708 93707 93706 93705 93704 93703 93702 93701 93700 93699 93698 93697 93696 93695 93694 93693 93692 93691 93690 93689 93688 93687 93686 93685 93684 93683 93682 93681 93680 93679 93678 93677 93676 93675 93674 93673 93672 93671 93670 93669 93668 93667 93666 93665 93664 93663 93662 93661 93660 93659 93658 93657 93656 93655 93654 93653 93652 93651 93650 93649 93648 93647 93646 93645 93644 93643 93642 93641 93640 93639 93638 93637 93636 93635 93634 93633 93632 93631 93630 93629 93628 93627 93626 93625 93624 93623 93622 93621 93620 93619 93618 93617 93616 93615 93614 93613 93612 93611 93610 93609 93608 93607 93606 93605 93604 93603 93602 93601 93600 93599 93598 93597 93596 93595 93594 93593 93592 93591 93590 93589 93588 93587 93586 93585 93584 93583 93582 93581 93580 93579 93578 93577 93576 93575 93574 93573 93572 93571 93570 93569 93568 93567 93566 93565 93564 93563 93562 93561 93560 93559 93558 93557 93556 93555 93554 93553 93552 93551 93550 93549 93548 93547 93546 93545 93544 93543 93542 93541 93540 93539 93538 93537 93536 93535 93534 93533 93532 93531 93530 93529 93528 93527 93526 93525 93524 93523 93522 93521 93520 93519 93518 93517 93516 93515 93514 93513 93512 93511 93510 93509 93508 93507 93506 93505 93504 93503 93502 93501 93500 93499 93498 93497 93496 93495 93494 93493 93492 93491 93490 93489 93488 93487 93486 93485 93484 93483 93482 93481 93480 93479 93478 93477 93476 93475 93474 93473 93472 93471 93470 93469 93468 93467 93466 93465 93464 93463 93462 93461 93460 93459 93458 93457 93456 93455 93454 93453 93452 93451 93450 93449 93448 93447 93446 93445 93444 93443 93442 93441 93440 93439 93438 93437 93436 93435 93434 93433 93432 93431 93430 93429 93428 93427 93426 93425 93424 93423 93422 93421 93420 93419 93418 93417 93416 93415 93414 93413 93412 93411 93410 93409 93408 93407 93406 93405 93404 93403 93402 93401 93400 93399 93398 93397 93396 93395 93394 93393 93392 93391 93390 93389 93388 93387 93386 93385 93384 93383 93382 93381 93380 93379 93378 93377 93376 93375 93374 93373 93372 93371 93370 93369 93368 93367 93366 93365 93364 93363 93362 93361 93360 93359 93358 93357 93356 93355 93354 93353 93352 93351 93350 93349 93348 93347 93346 93345 93344 93343 93342 93341 93340 93339 93338 93337 93336 93335 93334 93333 93332 93331 93330 93329 93328 93327 93326 93325 93324 93323 93322 93321 93320 93319 93318 93317 93316 93315 93314 93313 93312 93311 93310 93309 93308 93307 93306 93305 93304 93303 93302 93301 93300 93299 93298 93297 93296 93295 93294 93293 93292 93291 93290 93289 93288 93287 93286 93285 93284 93283 93282 93281 93280 93279 93278 93277 93276 93275 93274 93273 93272 93271 93270 93269 93268 93267 93266 93265 93264 93263 93262 93261 93260 93259 93258 93257 93256 93255 93254 93253 93252 93251 93250 93249 93248 93247 93246 93245 93244 93243 93242 93241 93240 93239 93238 93237 93236 93235 93234 93233 93232 93231 93230 93229 93228 93227 93226 93225 93224 93223 93222 93221 93220 93219 93218 93217 93216 93215 93214 93213 93212 93211 93210 93209 93208 93207 93206 93205 93204 93203 93202 93201 93200 93199 93198 93197 93196 93195 93194 93193 93192 93191 93190 93189 93188 93187 93186 93185 93184 93183 93182 93181 93180 93179 93178 93177 93176 93175 93174 93173 93172 93171 93170 93169 93168 93167 93166 93165 93164 93163 93162 93161 93160 93159 93158 93157 93156 93155 93154 93153 93152 93151 93150 93149 93148 93147 93146 93145 93144 93143 93142 93141 93140 93139 93138 93137 93136 93135 93134 93133 93132 93131 93130 93129 93128 93127 93126 93125 93124 93123 93122 93121 93120 93119 93118 93117 93116 93115 93114 93113 93112 93111 93110 93109 93108 93107 93106 93105 93104 93103 93102 93101 93100 93099 93098 93097 93096 93095 93094 93093 93092 93091 93090 93089 93088 93087 93086 93085 93084 93083 93082 93081 93080 93079 93078 93077 93076 93075 93074 93073 93072 93071 93070 93069 93068 93067 93066 93065 93064 93063 93062 93061 93060 93059 93058 93057 93056 93055 93054 93053 93052 93051 93050 93049 93048 93047 93046 93045 93044 93043 93042 93041 93040 93039 93038 93037 93036 93035 93034 93033 93032 93031 93030 93029 93028 93027 93026 93025 93024 93023 93022 93021 93020 93019 93018 93017 93016 93015 93014 93013 93012 93011 93010 93009 93008 93007 93006 93005 93004 93003 93002 93001 93000 92999 92998 92997 92996 92995 92994 92993 92992 92991 92990 92989 92988 92987 92986 92985 92984 92983 92982 92981 92980 92979 92978 92977 92976 92975 92974 92973 92972 92971 92970 92969 92968 92967 92966 92965 92964 92963 92962 92961 92960 92959 92958 92957 92956 92955 92954 92953 92952 92951 92950 92949 92948 92947 92946 92945 92944 92943 92942 92941 92940 92939 92938 92937 92936 92935 92934 92933 92932 92931 92930 92929 92928 92927 92926 92925 92924 92923 92922 92921 92920 92919 92918 92917 92916 92915 92914 92913 92912 92911 92910 92909 92908 92907 92906 92905 92904 92903 92902 92901 92900 92899 92898 92897 92896 92895 92894 92893 92892 92891 92890 92889 92888 92887 92886 92885 92884 92883 92882 92881 92880 92879 92878 92877 92876 92875 92874 92873 92872 92871 92870 92869 92868 92867 92866 92865 92864 92863 92862 92861 92860 92859 92858 92857 92856 92855 92854 92853 92852 92851 92850 92849 92848 92847 92846 92845 92844 92843 92842 92841 92840 92839 92838 92837 92836 92835 92834 92833 92832 92831 92830 92829 92828 92827 92826 92825 92824 92823 92822 92821 92820 92819 92818 92817 92816 92815 92814 92813 92812 92811 92810 92809 92808 92807 92806 92805 92804 92803 92802 92801 92800 92799 92798 92797 92796 92795 92794 92793 92792 92791 92790 92789 92788 92787 92786 92785 92784 92783 92782 92781 92780 92779 92778 92777 92776 92775 92774 92773 92772 92771 92770 92769 92768 92767 92766 92765 92764 92763 92762 92761 92760 92759 92758 92757 92756 92755 92754 92753 92752 92751 92750 92749 92748 92747 92746 92745 92744 92743 92742 92741 92740 92739 92738 92737 92736 92735 92734 92733 92732 92731 92730 92729 92728 92727 92726 92725 92724 92723 92722 92721 92720 92719 92718 92717 92716 92715 92714 92713 92712 92711 92710 92709 92708 92707 92706 92705 92704 92703 92702 92701 92700 92699 92698 92697 92696 92695 92694 92693 92692 92691 92690 92689 92688 92687 92686 92685 92684 92683 92682 92681 92680 92679 92678 92677 92676 92675 92674 92673 92672 92671 92670 92669 92668 92667 92666 92665 92664 92663 92662 92661 92660 92659 92658 92657 92656 92655 92654 92653 92652 92651 92650 92649 92648 92647 92646 92645 92644 92643 92642 92641 92640 92639 92638 92637 92636 92635 92634 92633 92632 92631 92630 92629 92628 92627 92626 92625 92624 92623 92622 92621 92620 92619 92618 92617 92616 92615 92614 92613 92612 92611 92610 92609 92608 92607 92606 92605 92604 92603 92602 92601 92600 92599 92598 92597 92596 92595 92594 92593 92592 92591 92590 92589 92588 92587 92586 92585 92584 92583 92582 92581 92580 92579 92578 92577 92576 92575 92574 92573 92572 92571 92570 92569 92568 92567 92566 92565 92564 92563 92562 92561 92560 92559 92558 92557 92556 92555 92554 92553 92552 92551 92550 92549 92548 92547 92546 92545 92544 92543 92542 92541 92540 92539 92538 92537 92536 92535 92534 92533 92532 92531 92530 92529 92528 92527 92526 92525 92524 92523 92522 92521 92520 92519 92518 92517 92516 92515 92514 92513 92512 92511 92510 92509 92508 92507 92506 92505 92504 92503 92502 92501 92500 92499 92498 92497 92496 92495 92494 92493 92492 92491 92490 92489 92488 92487 92486 92485 92484 92483 92482 92481 92480 92479 92478 92477 92476 92475 92474 92473 92472 92471 92470 92469 92468 92467 92466 92465 92464 92463 92462 92461 92460 92459 92458 92457 92456 92455 92454 92453 92452 92451 92450 92449 92448 92447 92446 92445 92444 92443 92442 92441 92440 92439 92438 92437 92436 92435 92434 92433 92432 92431 92430 92429 92428 92427 92426 92425 92424 92423 92422 92421 92420 92419 92418 92417 92416 92415 92414 92413 92412 92411 92410 92409 92408 92407 92406 92405 92404 92403 92402 92401 92400 92399 92398 92397 92396 92395 92394 92393 92392 92391 92390 92389 92388 92387 92386 92385 92384 92383 92382 92381 92380 92379 92378 92377 92376 92375 92374 92373 92372 92371 92370 92369 92368 92367 92366 92365 92364 92363 92362 92361 92360 92359 92358 92357 92356 92355 92354 92353 92352 92351 92350 92349 92348 92347 92346 92345 92344 92343 92342 92341 92340 92339 92338 92337 92336 92335 92334 92333 92332 92331 92330 92329 92328 92327 92326 92325 92324 92323 92322 92321 92320 92319 92318 92317 92316 92315 92314 92313 92312 92311 92310 92309 92308 92307 92306 92305 92304 92303 92302 92301 92300 92299 92298 92297 92296 92295 92294 92293 92292 92291 92290 92289 92288 92287 92286 92285 92284 92283 92282 92281 92280 92279 92278 92277 92276 92275 92274 92273 92272 92271 92270 92269 92268 92267 92266 92265 92264 92263 92262 92261 92260 92259 92258 92257 92256 92255 92254 92253 92252 92251 92250 92249 92248 92247 92246 92245 92244 92243 92242 92241 92240 92239 92238 92237 92236 92235 92234 92233 92232 92231 92230 92229 92228 92227 92226 92225 92224 92223 92222 92221 92220 92219 92218 92217 92216 92215 92214 92213 92212 92211 92210 92209 92208 92207 92206 92205 92204 92203 92202 92201 92200 92199 92198 92197 92196 92195 92194 92193 92192 92191 92190 92189 92188 92187 92186 92185 92184 92183 92182 92181 92180 92179 92178 92177 92176 92175 92174 92173 92172 92171 92170 92169 92168 92167 92166 92165 92164 92163 92162 92161 92160 92159 92158 92157 92156 92155 92154 92153 92152 92151 92150 92149 92148 92147 92146 92145 92144 92143 92142 92141 92140 92139 92138 92137 92136 92135 92134 92133 92132 92131 92130 92129 92128 92127 92126 92125 92124 92123 92122 92121 92120 92119 92118 92117 92116 92115 92114 92113 92112 92111 92110 92109 92108 92107 92106 92105 92104 92103 92102 92101 92100 92099 92098 92097 92096 92095 92094 92093 92092 92091 92090 92089 92088 92087 92086 92085 92084 92083 92082 92081 92080 92079 92078 92077 92076 92075 92074 92073 92072 92071 92070 92069 92068 92067 92066 92065 92064 92063 92062 92061 92060 92059 92058 92057 92056 92055 92054 92053 92052 92051 92050 92049 92048 92047 92046 92045 92044 92043 92042 92041 92040 92039 92038 92037 92036 92035 92034 92033 92032 92031 92030 92029 92028 92027 92026 92025 92024 92023 92022 92021 92020 92019 92018 92017 92016 92015 92014 92013 92012 92011 92010 92009 92008 92007 92006 92005 92004 92003 92002 92001 92000 91999 91998 91997 91996 91995 91994 91993 91992 91991 91990 91989 91988 91987 91986 91985 91984 91983 91982 91981 91980 91979 91978 91977 91976 91975 91974 91973 91972 91971 91970 91969 91968 91967 91966 91965 91964 91963 91962 91961 91960 91959 91958 91957 91956 91955 91954 91953 91952 91951 91950 91949 91948 91947 91946 91945 91944 91943 91942 91941 91940 91939 91938 91937 91936 91935 91934 91933 91932 91931 91930 91929 91928 91927 91926 91925 91924 91923 91922 91921 91920 91919 91918 91917 91916 91915 91914 91913 91912 91911 91910 91909 91908 91907 91906 91905 91904 91903 91902 91901 91900 91899 91898 91897 91896 91895 91894 91893 91892 91891 91890 91889 91888 91887 91886 91885 91884 91883 91882 91881 91880 91879 91878 91877 91876 91875 91874 91873 91872 91871 91870 91869 91868 91867 91866 91865 91864 91863 91862 91861 91860 91859 91858 91857 91856 91855 91854 91853 91852 91851 91850 91849 91848 91847 91846 91845 91844 91843 91842 91841 91840 91839 91838 91837 91836 91835 91834 91833 91832 91831 91830 91829 91828 91827 91826 91825 91824 91823 91822 91821 91820 91819 91818 91817 91816 91815 91814 91813 91812 91811 91810 91809 91808 91807 91806 91805 91804 91803 91802 91801 91800 91799 91798 91797 91796 91795 91794 91793 91792 91791 91790 91789 91788 91787 91786 91785 91784 91783 91782 91781 91780 91779 91778 91777 91776 91775 91774 91773 91772 91771 91770 91769 91768 91767 91766 91765 91764 91763 91762 91761 91760 91759 91758 91757 91756 91755 91754 91753 91752 91751 91750 91749 91748 91747 91746 91745 91744 91743 91742 91741 91740 91739 91738 91737 91736 91735 91734 91733 91732 91731 91730 91729 91728 91727 91726 91725 91724 91723 91722 91721 91720 91719 91718 91717 91716 91715 91714 91713 91712 91711 91710 91709 91708 91707 91706 91705 91704 91703 91702 91701 91700 91699 91698 91697 91696 91695 91694 91693 91692 91691 91690 91689 91688 91687 91686 91685 91684 91683 91682 91681 91680 91679 91678 91677 91676 91675 91674 91673 91672 91671 91670 91669 91668 91667 91666 91665 91664 91663 91662 91661 91660 91659 91658 91657 91656 91655 91654 91653 91652 91651 91650 91649 91648 91647 91646 91645 91644 91643 91642 91641 91640 91639 91638 91637 91636 91635 91634 91633 91632 91631 91630 91629 91628 91627 91626 91625 91624 91623 91622 91621 91620 91619 91618 91617 91616 91615 91614 91613 91612 91611 91610 91609 91608 91607 91606 91605 91604 91603 91602 91601 91600 91599 91598 91597 91596 91595 91594 91593 91592 91591 91590 91589 91588 91587 91586 91585 91584 91583 91582 91581 91580 91579 91578 91577 91576 91575 91574 91573 91572 91571 91570 91569 91568 91567 91566 91565 91564 91563 91562 91561 91560 91559 91558 91557 91556 91555 91554 91553 91552 91551 91550 91549 91548 91547 91546 91545 91544 91543 91542 91541 91540 91539 91538 91537 91536 91535 91534 91533 91532 91531 91530 91529 91528 91527 91526 91525 91524 91523 91522 91521 91520 91519 91518 91517 91516 91515 91514 91513 91512 91511 91510 91509 91508 91507 91506 91505 91504 91503 91502 91501 91500 91499 91498 91497 91496 91495 91494 91493 91492 91491 91490 91489 91488 91487 91486 91485 91484 91483 91482 91481 91480 91479 91478 91477 91476 91475 91474 91473 91472 91471 91470 91469 91468 91467 91466 91465 91464 91463 91462 91461 91460 91459 91458 91457 91456 91455 91454 91453 91452 91451 91450 91449 91448 91447 91446 91445 91444 91443 91442 91441 91440 91439 91438 91437 91436 91435 91434 91433 91432 91431 91430 91429 91428 91427 91426 91425 91424 91423 91422 91421 91420 91419 91418 91417 91416 91415 91414 91413 91412 91411 91410 91409 91408 91407 91406 91405 91404 91403 91402 91401 91400 91399 91398 91397 91396 91395 91394 91393 91392 91391 91390 91389 91388 91387 91386 91385 91384 91383 91382 91381 91380 91379 91378 91377 91376 91375 91374 91373 91372 91371 91370 91369 91368 91367 91366 91365 91364 91363 91362 91361 91360 91359 91358 91357 91356 91355 91354 91353 91352 91351 91350 91349 91348 91347 91346 91345 91344 91343 91342 91341 91340 91339 91338 91337 91336 91335 91334 91333 91332 91331 91330 91329 91328 91327 91326 91325 91324 91323 91322 91321 91320 91319 91318 91317 91316 91315 91314 91313 91312 91311 91310 91309 91308 91307 91306 91305 91304 91303 91302 91301 91300 91299 91298 91297 91296 91295 91294 91293 91292 91291 91290 91289 91288 91287 91286 91285 91284 91283 91282 91281 91280 91279 91278 91277 91276 91275 91274 91273 91272 91271 91270 91269 91268 91267 91266 91265 91264 91263 91262 91261 91260 91259 91258 91257 91256 91255 91254 91253 91252 91251 91250 91249 91248 91247 91246 91245 91244 91243 91242 91241 91240 91239 91238 91237 91236 91235 91234 91233 91232 91231 91230 91229 91228 91227 91226 91225 91224 91223 91222 91221 91220 91219 91218 91217 91216 91215 91214 91213 91212 91211 91210 91209 91208 91207 91206 91205 91204 91203 91202 91201 91200 91199 91198 91197 91196 91195 91194 91193 91192 91191 91190 91189 91188 91187 91186 91185 91184 91183 91182 91181 91180 91179 91178 91177 91176 91175 91174 91173 91172 91171 91170 91169 91168 91167 91166 91165 91164 91163 91162 91161 91160 91159 91158 91157 91156 91155 91154 91153 91152 91151 91150 91149 91148 91147 91146 91145 91144 91143 91142 91141 91140 91139 91138 91137 91136 91135 91134 91133 91132 91131 91130 91129 91128 91127 91126 91125 91124 91123 91122 91121 91120 91119 91118 91117 91116 91115 91114 91113 91112 91111 91110 91109 91108 91107 91106 91105 91104 91103 91102 91101 91100 91099 91098 91097 91096 91095 91094 91093 91092 91091 91090 91089 91088 91087 91086 91085 91084 91083 91082 91081 91080 91079 91078 91077 91076 91075 91074 91073 91072 91071 91070 91069 91068 91067 91066 91065 91064 91063 91062 91061 91060 91059 91058 91057 91056 91055 91054 91053 91052 91051 91050 91049 91048 91047 91046 91045 91044 91043 91042 91041 91040 91039 91038 91037 91036 91035 91034 91033 91032 91031 91030 91029 91028 91027 91026 91025 91024 91023 91022 91021 91020 91019 91018 91017 91016 91015 91014 91013 91012 91011 91010 91009 91008 91007 91006 91005 91004 91003 91002 91001 91000 90999 90998 90997 90996 90995 90994 90993 90992 90991 90990 90989 90988 90987 90986 90985 90984 90983 90982 90981 90980 90979 90978 90977 90976 90975 90974 90973 90972 90971 90970 90969 90968 90967 90966 90965 90964 90963 90962 90961 90960 90959 90958 90957 90956 90955 90954 90953 90952 90951 90950 90949 90948 90947 90946 90945 90944 90943 90942 90941 90940 90939 90938 90937 90936 90935 90934 90933 90932 90931 90930 90929 90928 90927 90926 90925 90924 90923 90922 90921 90920 90919 90918 90917 90916 90915 90914 90913 90912 90911 90910 90909 90908 90907 90906 90905 90904 90903 90902 90901 90900 90899 90898 90897 90896 90895 90894 90893 90892 90891 90890 90889 90888 90887 90886 90885 90884 90883 90882 90881 90880 90879 90878 90877 90876 90875 90874 90873 90872 90871 90870 90869 90868 90867 90866 90865 90864 90863 90862 90861 90860 90859 90858 90857 90856 90855 90854 90853 90852 90851 90850 90849 90848 90847 90846 90845 90844 90843 90842 90841 90840 90839 90838 90837 90836 90835 90834 90833 90832 90831 90830 90829 90828 90827 90826 90825 90824 90823 90822 90821 90820 90819 90818 90817 90816 90815 90814 90813 90812 90811 90810 90809 90808 90807 90806 90805 90804 90803 90802 90801 90800 90799 90798 90797 90796 90795 90794 90793 90792 90791 90790 90789 90788 90787 90786 90785 90784 90783 90782 90781 90780 90779 90778 90777 90776 90775 90774 90773 90772 90771 90770 90769 90768 90767 90766 90765 90764 90763 90762 90761 90760 90759 90758 90757 90756 90755 90754 90753 90752 90751 90750 90749 90748 90747 90746 90745 90744 90743 90742 90741 90740 90739 90738 90737 90736 90735 90734 90733 90732 90731 90730 90729 90728 90727 90726 90725 90724 90723 90722 90721 90720 90719 90718 90717 90716 90715 90714 90713 90712 90711 90710 90709 90708 90707 90706 90705 90704 90703 90702 90701 90700 90699 90698 90697 90696 90695 90694 90693 90692 90691 90690 90689 90688 90687 90686 90685 90684 90683 90682 90681 90680 90679 90678 90677 90676 90675 90674 90673 90672 90671 90670 90669 90668 90667 90666 90665 90664 90663 90662 90661 90660 90659 90658 90657 90656 90655 90654 90653 90652 90651 90650 90649 90648 90647 90646 90645 90644 90643 90642 90641 90640 90639 90638 90637 90636 90635 90634 90633 90632 90631 90630 90629 90628 90627 90626 90625 90624 90623 90622 90621 90620 90619 90618 90617 90616 90615 90614 90613 90612 90611 90610 90609 90608 90607 90606 90605 90604 90603 90602 90601 90600 90599 90598 90597 90596 90595 90594 90593 90592 90591 90590 90589 90588 90587 90586 90585 90584 90583 90582 90581 90580 90579 90578 90577 90576 90575 90574 90573 90572 90571 90570 90569 90568 90567 90566 90565 90564 90563 90562 90561 90560 90559 90558 90557 90556 90555 90554 90553 90552 90551 90550 90549 90548 90547 90546 90545 90544 90543 90542 90541 90540 90539 90538 90537 90536 90535 90534 90533 90532 90531 90530 90529 90528 90527 90526 90525 90524 90523 90522 90521 90520 90519 90518 90517 90516 90515 90514 90513 90512 90511 90510 90509 90508 90507 90506 90505 90504 90503 90502 90501 90500 90499 90498 90497 90496 90495 90494 90493 90492 90491 90490 90489 90488 90487 90486 90485 90484 90483 90482 90481 90480 90479 90478 90477 90476 90475 90474 90473 90472 90471 90470 90469 90468 90467 90466 90465 90464 90463 90462 90461 90460 90459 90458 90457 90456 90455 90454 90453 90452 90451 90450 90449 90448 90447 90446 90445 90444 90443 90442 90441 90440 90439 90438 90437 90436 90435 90434 90433 90432 90431 90430 90429 90428 90427 90426 90425 90424 90423 90422 90421 90420 90419 90418 90417 90416 90415 90414 90413 90412 90411 90410 90409 90408 90407 90406 90405 90404 90403 90402 90401 90400 90399 90398 90397 90396 90395 90394 90393 90392 90391 90390 90389 90388 90387 90386 90385 90384 90383 90382 90381 90380 90379 90378 90377 90376 90375 90374 90373 90372 90371 90370 90369 90368 90367 90366 90365 90364 90363 90362 90361 90360 90359 90358 90357 90356 90355 90354 90353 90352 90351 90350 90349 90348 90347 90346 90345 90344 90343 90342 90341 90340 90339 90338 90337 90336 90335 90334 90333 90332 90331 90330 90329 90328 90327 90326 90325 90324 90323 90322 90321 90320 90319 90318 90317 90316 90315 90314 90313 90312 90311 90310 90309 90308 90307 90306 90305 90304 90303 90302 90301 90300 90299 90298 90297 90296 90295 90294 90293 90292 90291 90290 90289 90288 90287 90286 90285 90284 90283 90282 90281 90280 90279 90278 90277 90276 90275 90274 90273 90272 90271 90270 90269 90268 90267 90266 90265 90264 90263 90262 90261 90260 90259 90258 90257 90256 90255 90254 90253 90252 90251 90250 90249 90248 90247 90246 90245 90244 90243 90242 90241 90240 90239 90238 90237 90236 90235 90234 90233 90232 90231 90230 90229 90228 90227 90226 90225 90224 90223 90222 90221 90220 90219 90218 90217 90216 90215 90214 90213 90212 90211 90210 90209 90208 90207 90206 90205 90204 90203 90202 90201 90200 90199 90198 90197 90196 90195 90194 90193 90192 90191 90190 90189 90188 90187 90186 90185 90184 90183 90182 90181 90180 90179 90178 90177 90176 90175 90174 90173 90172 90171 90170 90169 90168 90167 90166 90165 90164 90163 90162 90161 90160 90159 90158 90157 90156 90155 90154 90153 90152 90151 90150 90149 90148 90147 90146 90145 90144 90143 90142 90141 90140 90139 90138 90137 90136 90135 90134 90133 90132 90131 90130 90129 90128 90127 90126 90125 90124 90123 90122 90121 90120 90119 90118 90117 90116 90115 90114 90113 90112 90111 90110 90109 90108 90107 90106 90105 90104 90103 90102 90101 90100 90099 90098 90097 90096 90095 90094 90093 90092 90091 90090 90089 90088 90087 90086 90085 90084 90083 90082 90081 90080 90079 90078 90077 90076 90075 90074 90073 90072 90071 90070 90069 90068 90067 90066 90065 90064 90063 90062 90061 90060 90059 90058 90057 90056 90055 90054 90053 90052 90051 90050 90049 90048 90047 90046 90045 90044 90043 90042 90041 90040 90039 90038 90037 90036 90035 90034 90033 90032 90031 90030 90029 90028 90027 90026 90025 90024 90023 90022 90021 90020 90019 90018 90017 90016 90015 90014 90013 90012 90011 90010 90009 90008 90007 90006 90005 90004 90003 90002 90001 90000 89999 89998 89997 89996 89995 89994 89993 89992 89991 89990 89989 89988 89987 89986 89985 89984 89983 89982 89981 89980 89979 89978 89977 89976 89975 89974 89973 89972 89971 89970 89969 89968 89967 89966 89965 89964 89963 89962 89961 89960 89959 89958 89957 89956 89955 89954 89953 89952 89951 89950 89949 89948 89947 89946 89945 89944 89943 89942 89941 89940 89939 89938 89937 89936 89935 89934 89933 89932 89931 89930 89929 89928 89927 89926 89925 89924 89923 89922 89921 89920 89919 89918 89917 89916 89915 89914 89913 89912 89911 89910 89909 89908 89907 89906 89905 89904 89903 89902 89901 89900 89899 89898 89897 89896 89895 89894 89893 89892 89891 89890 89889 89888 89887 89886 89885 89884 89883 89882 89881 89880 89879 89878 89877 89876 89875 89874 89873 89872 89871 89870 89869 89868 89867 89866 89865 89864 89863 89862 89861 89860 89859 89858 89857 89856 89855 89854 89853 89852 89851 89850 89849 89848 89847 89846 89845 89844 89843 89842 89841 89840 89839 89838 89837 89836 89835 89834 89833 89832 89831 89830 89829 89828 89827 89826 89825 89824 89823 89822 89821 89820 89819 89818 89817 89816 89815 89814 89813 89812 89811 89810 89809 89808 89807 89806 89805 89804 89803 89802 89801 89800 89799 89798 89797 89796 89795 89794 89793 89792 89791 89790 89789 89788 89787 89786 89785 89784 89783 89782 89781 89780 89779 89778 89777 89776 89775 89774 89773 89772 89771 89770 89769 89768 89767 89766 89765 89764 89763 89762 89761 89760 89759 89758 89757 89756 89755 89754 89753 89752 89751 89750 89749 89748 89747 89746 89745 89744 89743 89742 89741 89740 89739 89738 89737 89736 89735 89734 89733 89732 89731 89730 89729 89728 89727 89726 89725 89724 89723 89722 89721 89720 89719 89718 89717 89716 89715 89714 89713 89712 89711 89710 89709 89708 89707 89706 89705 89704 89703 89702 89701 89700 89699 89698 89697 89696 89695 89694 89693 89692 89691 89690 89689 89688 89687 89686 89685 89684 89683 89682 89681 89680 89679 89678 89677 89676 89675 89674 89673 89672 89671 89670 89669 89668 89667 89666 89665 89664 89663 89662 89661 89660 89659 89658 89657 89656 89655 89654 89653 89652 89651 89650 89649 89648 89647 89646 89645 89644 89643 89642 89641 89640 89639 89638 89637 89636 89635 89634 89633 89632 89631 89630 89629 89628 89627 89626 89625 89624 89623 89622 89621 89620 89619 89618 89617 89616 89615 89614 89613 89612 89611 89610 89609 89608 89607 89606 89605 89604 89603 89602 89601 89600 89599 89598 89597 89596 89595 89594 89593 89592 89591 89590 89589 89588 89587 89586 89585 89584 89583 89582 89581 89580 89579 89578 89577 89576 89575 89574 89573 89572 89571 89570 89569 89568 89567 89566 89565 89564 89563 89562 89561 89560 89559 89558 89557 89556 89555 89554 89553 89552 89551 89550 89549 89548 89547 89546 89545 89544 89543 89542 89541 89540 89539 89538 89537 89536 89535 89534 89533 89532 89531 89530 89529 89528 89527 89526 89525 89524 89523 89522 89521 89520 89519 89518 89517 89516 89515 89514 89513 89512 89511 89510 89509 89508 89507 89506 89505 89504 89503 89502 89501 89500 89499 89498 89497 89496 89495 89494 89493 89492 89491 89490 89489 89488 89487 89486 89485 89484 89483 89482 89481 89480 89479 89478 89477 89476 89475 89474 89473 89472 89471 89470 89469 89468 89467 89466 89465 89464 89463 89462 89461 89460 89459 89458 89457 89456 89455 89454 89453 89452 89451 89450 89449 89448 89447 89446 89445 89444 89443 89442 89441 89440 89439 89438 89437 89436 89435 89434 89433 89432 89431 89430 89429 89428 89427 89426 89425 89424 89423 89422 89421 89420 89419 89418 89417 89416 89415 89414 89413 89412 89411 89410 89409 89408 89407 89406 89405 89404 89403 89402 89401 89400 89399 89398 89397 89396 89395 89394 89393 89392 89391 89390 89389 89388 89387 89386 89385 89384 89383 89382 89381 89380 89379 89378 89377 89376 89375 89374 89373 89372 89371 89370 89369 89368 89367 89366 89365 89364 89363 89362 89361 89360 89359 89358 89357 89356 89355 89354 89353 89352 89351 89350 89349 89348 89347 89346 89345 89344 89343 89342 89341 89340 89339 89338 89337 89336 89335 89334 89333 89332 89331 89330 89329 89328 89327 89326 89325 89324 89323 89322 89321 89320 89319 89318 89317 89316 89315 89314 89313 89312 89311 89310 89309 89308 89307 89306 89305 89304 89303 89302 89301 89300 89299 89298 89297 89296 89295 89294 89293 89292 89291 89290 89289 89288 89287 89286 89285 89284 89283 89282 89281 89280 89279 89278 89277 89276 89275 89274 89273 89272 89271 89270 89269 89268 89267 89266 89265 89264 89263 89262 89261 89260 89259 89258 89257 89256 89255 89254 89253 89252 89251 89250 89249 89248 89247 89246 89245 89244 89243 89242 89241 89240 89239 89238 89237 89236 89235 89234 89233 89232 89231 89230 89229 89228 89227 89226 89225 89224 89223 89222 89221 89220 89219 89218 89217 89216 89215 89214 89213 89212 89211 89210 89209 89208 89207 89206 89205 89204 89203 89202 89201 89200 89199 89198 89197 89196 89195 89194 89193 89192 89191 89190 89189 89188 89187 89186 89185 89184 89183 89182 89181 89180 89179 89178 89177 89176 89175 89174 89173 89172 89171 89170 89169 89168 89167 89166 89165 89164 89163 89162 89161 89160 89159 89158 89157 89156 89155 89154 89153 89152 89151 89150 89149 89148 89147 89146 89145 89144 89143 89142 89141 89140 89139 89138 89137 89136 89135 89134 89133 89132 89131 89130 89129 89128 89127 89126 89125 89124 89123 89122 89121 89120 89119 89118 89117 89116 89115 89114 89113 89112 89111 89110 89109 89108 89107 89106 89105 89104 89103 89102 89101 89100 89099 89098 89097 89096 89095 89094 89093 89092 89091 89090 89089 89088 89087 89086 89085 89084 89083 89082 89081 89080 89079 89078 89077 89076 89075 89074 89073 89072 89071 89070 89069 89068 89067 89066 89065 89064 89063 89062 89061 89060 89059 89058 89057 89056 89055 89054 89053 89052 89051 89050 89049 89048 89047 89046 89045 89044 89043 89042 89041 89040 89039 89038 89037 89036 89035 89034 89033 89032 89031 89030 89029 89028 89027 89026 89025 89024 89023 89022 89021 89020 89019 89018 89017 89016 89015 89014 89013 89012 89011 89010 89009 89008 89007 89006 89005 89004 89003 89002 89001 89000 88999 88998 88997 88996 88995 88994 88993 88992 88991 88990 88989 88988 88987 88986 88985 88984 88983 88982 88981 88980 88979 88978 88977 88976 88975 88974 88973 88972 88971 88970 88969 88968 88967 88966 88965 88964 88963 88962 88961 88960 88959 88958 88957 88956 88955 88954 88953 88952 88951 88950 88949 88948 88947 88946 88945 88944 88943 88942 88941 88940 88939 88938 88937 88936 88935 88934 88933 88932 88931 88930 88929 88928 88927 88926 88925 88924 88923 88922 88921 88920 88919 88918 88917 88916 88915 88914 88913 88912 88911 88910 88909 88908 88907 88906 88905 88904 88903 88902 88901 88900 88899 88898 88897 88896 88895 88894 88893 88892 88891 88890 88889 88888 88887 88886 88885 88884 88883 88882 88881 88880 88879 88878 88877 88876 88875 88874 88873 88872 88871 88870 88869 88868 88867 88866 88865 88864 88863 88862 88861 88860 88859 88858 88857 88856 88855 88854 88853 88852 88851 88850 88849 88848 88847 88846 88845 88844 88843 88842 88841 88840 88839 88838 88837 88836 88835 88834 88833 88832 88831 88830 88829 88828 88827 88826 88825 88824 88823 88822 88821 88820 88819 88818 88817 88816 88815 88814 88813 88812 88811 88810 88809 88808 88807 88806 88805 88804 88803 88802 88801 88800 88799 88798 88797 88796 88795 88794 88793 88792 88791 88790 88789 88788 88787 88786 88785 88784 88783 88782 88781 88780 88779 88778 88777 88776 88775 88774 88773 88772 88771 88770 88769 88768 88767 88766 88765 88764 88763 88762 88761 88760 88759 88758 88757 88756 88755 88754 88753 88752 88751 88750 88749 88748 88747 88746 88745 88744 88743 88742 88741 88740 88739 88738 88737 88736 88735 88734 88733 88732 88731 88730 88729 88728 88727 88726 88725 88724 88723 88722 88721 88720 88719 88718 88717 88716 88715 88714 88713 88712 88711 88710 88709 88708 88707 88706 88705 88704 88703 88702 88701 88700 88699 88698 88697 88696 88695 88694 88693 88692 88691 88690 88689 88688 88687 88686 88685 88684 88683 88682 88681 88680 88679 88678 88677 88676 88675 88674 88673 88672 88671 88670 88669 88668 88667 88666 88665 88664 88663 88662 88661 88660 88659 88658 88657 88656 88655 88654 88653 88652 88651 88650 88649 88648 88647 88646 88645 88644 88643 88642 88641 88640 88639 88638 88637 88636 88635 88634 88633 88632 88631 88630 88629 88628 88627 88626 88625 88624 88623 88622 88621 88620 88619 88618 88617 88616 88615 88614 88613 88612 88611 88610 88609 88608 88607 88606 88605 88604 88603 88602 88601 88600 88599 88598 88597 88596 88595 88594 88593 88592 88591 88590 88589 88588 88587 88586 88585 88584 88583 88582 88581 88580 88579 88578 88577 88576 88575 88574 88573 88572 88571 88570 88569 88568 88567 88566 88565 88564 88563 88562 88561 88560 88559 88558 88557 88556 88555 88554 88553 88552 88551 88550 88549 88548 88547 88546 88545 88544 88543 88542 88541 88540 88539 88538 88537 88536 88535 88534 88533 88532 88531 88530 88529 88528 88527 88526 88525 88524 88523 88522 88521 88520 88519 88518 88517 88516 88515 88514 88513 88512 88511 88510 88509 88508 88507 88506 88505 88504 88503 88502 88501 88500 88499 88498 88497 88496 88495 88494 88493 88492 88491 88490 88489 88488 88487 88486 88485 88484 88483 88482 88481 88480 88479 88478 88477 88476 88475 88474 88473 88472 88471 88470 88469 88468 88467 88466 88465 88464 88463 88462 88461 88460 88459 88458 88457 88456 88455 88454 88453 88452 88451 88450 88449 88448 88447 88446 88445 88444 88443 88442 88441 88440 88439 88438 88437 88436 88435 88434 88433 88432 88431 88430 88429 88428 88427 88426 88425 88424 88423 88422 88421 88420 88419 88418 88417 88416 88415 88414 88413 88412 88411 88410 88409 88408 88407 88406 88405 88404 88403 88402 88401 88400 88399 88398 88397 88396 88395 88394 88393 88392 88391 88390 88389 88388 88387 88386 88385 88384 88383 88382 88381 88380 88379 88378 88377 88376 88375 88374 88373 88372 88371 88370 88369 88368 88367 88366 88365 88364 88363 88362 88361 88360 88359 88358 88357 88356 88355 88354 88353 88352 88351 88350 88349 88348 88347 88346 88345 88344 88343 88342 88341 88340 88339 88338 88337 88336 88335 88334 88333 88332 88331 88330 88329 88328 88327 88326 88325 88324 88323 88322 88321 88320 88319 88318 88317 88316 88315 88314 88313 88312 88311 88310 88309 88308 88307 88306 88305 88304 88303 88302 88301 88300 88299 88298 88297 88296 88295 88294 88293 88292 88291 88290 88289 88288 88287 88286 88285 88284 88283 88282 88281 88280 88279 88278 88277 88276 88275 88274 88273 88272 88271 88270 88269 88268 88267 88266 88265 88264 88263 88262 88261 88260 88259 88258 88257 88256 88255 88254 88253 88252 88251 88250 88249 88248 88247 88246 88245 88244 88243 88242 88241 88240 88239 88238 88237 88236 88235 88234 88233 88232 88231 88230 88229 88228 88227 88226 88225 88224 88223 88222 88221 88220 88219 88218 88217 88216 88215 88214 88213 88212 88211 88210 88209 88208 88207 88206 88205 88204 88203 88202 88201 88200 88199 88198 88197 88196 88195 88194 88193 88192 88191 88190 88189 88188 88187 88186 88185 88184 88183 88182 88181 88180 88179 88178 88177 88176 88175 88174 88173 88172 88171 88170 88169 88168 88167 88166 88165 88164 88163 88162 88161 88160 88159 88158 88157 88156 88155 88154 88153 88152 88151 88150 88149 88148 88147 88146 88145 88144 88143 88142 88141 88140 88139 88138 88137 88136 88135 88134 88133 88132 88131 88130 88129 88128 88127 88126 88125 88124 88123 88122 88121 88120 88119 88118 88117 88116 88115 88114 88113 88112 88111 88110 88109 88108 88107 88106 88105 88104 88103 88102 88101 88100 88099 88098 88097 88096 88095 88094 88093 88092 88091 88090 88089 88088 88087 88086 88085 88084 88083 88082 88081 88080 88079 88078 88077 88076 88075 88074 88073 88072 88071 88070 88069 88068 88067 88066 88065 88064 88063 88062 88061 88060 88059 88058 88057 88056 88055 88054 88053 88052 88051 88050 88049 88048 88047 88046 88045 88044 88043 88042 88041 88040 88039 88038 88037 88036 88035 88034 88033 88032 88031 88030 88029 88028 88027 88026 88025 88024 88023 88022 88021 88020 88019 88018 88017 88016 88015 88014 88013 88012 88011 88010 88009 88008 88007 88006 88005 88004 88003 88002 88001 88000 87999 87998 87997 87996 87995 87994 87993 87992 87991 87990 87989 87988 87987 87986 87985 87984 87983 87982 87981 87980 87979 87978 87977 87976 87975 87974 87973 87972 87971 87970 87969 87968 87967 87966 87965 87964 87963 87962 87961 87960 87959 87958 87957 87956 87955 87954 87953 87952 87951 87950 87949 87948 87947 87946 87945 87944 87943 87942 87941 87940 87939 87938 87937 87936 87935 87934 87933 87932 87931 87930 87929 87928 87927 87926 87925 87924 87923 87922 87921 87920 87919 87918 87917 87916 87915 87914 87913 87912 87911 87910 87909 87908 87907 87906 87905 87904 87903 87902 87901 87900 87899 87898 87897 87896 87895 87894 87893 87892 87891 87890 87889 87888 87887 87886 87885 87884 87883 87882 87881 87880 87879 87878 87877 87876 87875 87874 87873 87872 87871 87870 87869 87868 87867 87866 87865 87864 87863 87862 87861 87860 87859 87858 87857 87856 87855 87854 87853 87852 87851 87850 87849 87848 87847 87846 87845 87844 87843 87842 87841 87840 87839 87838 87837 87836 87835 87834 87833 87832 87831 87830 87829 87828 87827 87826 87825 87824 87823 87822 87821 87820 87819 87818 87817 87816 87815 87814 87813 87812 87811 87810 87809 87808 87807 87806 87805 87804 87803 87802 87801 87800 87799 87798 87797 87796 87795 87794 87793 87792 87791 87790 87789 87788 87787 87786 87785 87784 87783 87782 87781 87780 87779 87778 87777 87776 87775 87774 87773 87772 87771 87770 87769 87768 87767 87766 87765 87764 87763 87762 87761 87760 87759 87758 87757 87756 87755 87754 87753 87752 87751 87750 87749 87748 87747 87746 87745 87744 87743 87742 87741 87740 87739 87738 87737 87736 87735 87734 87733 87732 87731 87730 87729 87728 87727 87726 87725 87724 87723 87722 87721 87720 87719 87718 87717 87716 87715 87714 87713 87712 87711 87710 87709 87708 87707 87706 87705 87704 87703 87702 87701 87700 87699 87698 87697 87696 87695 87694 87693 87692 87691 87690 87689 87688 87687 87686 87685 87684 87683 87682 87681 87680 87679 87678 87677 87676 87675 87674 87673 87672 87671 87670 87669 87668 87667 87666 87665 87664 87663 87662 87661 87660 87659 87658 87657 87656 87655 87654 87653 87652 87651 87650 87649 87648 87647 87646 87645 87644 87643 87642 87641 87640 87639 87638 87637 87636 87635 87634 87633 87632 87631 87630 87629 87628 87627 87626 87625 87624 87623 87622 87621 87620 87619 87618 87617 87616 87615 87614 87613 87612 87611 87610 87609 87608 87607 87606 87605 87604 87603 87602 87601 87600 87599 87598 87597 87596 87595 87594 87593 87592 87591 87590 87589 87588 87587 87586 87585 87584 87583 87582 87581 87580 87579 87578 87577 87576 87575 87574 87573 87572 87571 87570 87569 87568 87567 87566 87565 87564 87563 87562 87561 87560 87559 87558 87557 87556 87555 87554 87553 87552 87551 87550 87549 87548 87547 87546 87545 87544 87543 87542 87541 87540 87539 87538 87537 87536 87535 87534 87533 87532 87531 87530 87529 87528 87527 87526 87525 87524 87523 87522 87521 87520 87519 87518 87517 87516 87515 87514 87513 87512 87511 87510 87509 87508 87507 87506 87505 87504 87503 87502 87501 87500 87499 87498 87497 87496 87495 87494 87493 87492 87491 87490 87489 87488 87487 87486 87485 87484 87483 87482 87481 87480 87479 87478 87477 87476 87475 87474 87473 87472 87471 87470 87469 87468 87467 87466 87465 87464 87463 87462 87461 87460 87459 87458 87457 87456 87455 87454 87453 87452 87451 87450 87449 87448 87447 87446 87445 87444 87443 87442 87441 87440 87439 87438 87437 87436 87435 87434 87433 87432 87431 87430 87429 87428 87427 87426 87425 87424 87423 87422 87421 87420 87419 87418 87417 87416 87415 87414 87413 87412 87411 87410 87409 87408 87407 87406 87405 87404 87403 87402 87401 87400 87399 87398 87397 87396 87395 87394 87393 87392 87391 87390 87389 87388 87387 87386 87385 87384 87383 87382 87381 87380 87379 87378 87377 87376 87375 87374 87373 87372 87371 87370 87369 87368 87367 87366 87365 87364 87363 87362 87361 87360 87359 87358 87357 87356 87355 87354 87353 87352 87351 87350 87349 87348 87347 87346 87345 87344 87343 87342 87341 87340 87339 87338 87337 87336 87335 87334 87333 87332 87331 87330 87329 87328 87327 87326 87325 87324 87323 87322 87321 87320 87319 87318 87317 87316 87315 87314 87313 87312 87311 87310 87309 87308 87307 87306 87305 87304 87303 87302 87301 87300 87299 87298 87297 87296 87295 87294 87293 87292 87291 87290 87289 87288 87287 87286 87285 87284 87283 87282 87281 87280 87279 87278 87277 87276 87275 87274 87273 87272 87271 87270 87269 87268 87267 87266 87265 87264 87263 87262 87261 87260 87259 87258 87257 87256 87255 87254 87253 87252 87251 87250 87249 87248 87247 87246 87245 87244 87243 87242 87241 87240 87239 87238 87237 87236 87235 87234 87233 87232 87231 87230 87229 87228 87227 87226 87225 87224 87223 87222 87221 87220 87219 87218 87217 87216 87215 87214 87213 87212 87211 87210 87209 87208 87207 87206 87205 87204 87203 87202 87201 87200 87199 87198 87197 87196 87195 87194 87193 87192 87191 87190 87189 87188 87187 87186 87185 87184 87183 87182 87181 87180 87179 87178 87177 87176 87175 87174 87173 87172 87171 87170 87169 87168 87167 87166 87165 87164 87163 87162 87161 87160 87159 87158 87157 87156 87155 87154 87153 87152 87151 87150 87149 87148 87147 87146 87145 87144 87143 87142 87141 87140 87139 87138 87137 87136 87135 87134 87133 87132 87131 87130 87129 87128 87127 87126 87125 87124 87123 87122 87121 87120 87119 87118 87117 87116 87115 87114 87113 87112 87111 87110 87109 87108 87107 87106 87105 87104 87103 87102 87101 87100 87099 87098 87097 87096 87095 87094 87093 87092 87091 87090 87089 87088 87087 87086 87085 87084 87083 87082 87081 87080 87079 87078 87077 87076 87075 87074 87073 87072 87071 87070 87069 87068 87067 87066 87065 87064 87063 87062 87061 87060 87059 87058 87057 87056 87055 87054 87053 87052 87051 87050 87049 87048 87047 87046 87045 87044 87043 87042 87041 87040 87039 87038 87037 87036 87035 87034 87033 87032 87031 87030 87029 87028 87027 87026 87025 87024 87023 87022 87021 87020 87019 87018 87017 87016 87015 87014 87013 87012 87011 87010 87009 87008 87007 87006 87005 87004 87003 87002 87001 87000 86999 86998 86997 86996 86995 86994 86993 86992 86991 86990 86989 86988 86987 86986 86985 86984 86983 86982 86981 86980 86979 86978 86977 86976 86975 86974 86973 86972 86971 86970 86969 86968 86967 86966 86965 86964 86963 86962 86961 86960 86959 86958 86957 86956 86955 86954 86953 86952 86951 86950 86949 86948 86947 86946 86945 86944 86943 86942 86941 86940 86939 86938 86937 86936 86935 86934 86933 86932 86931 86930 86929 86928 86927 86926 86925 86924 86923 86922 86921 86920 86919 86918 86917 86916 86915 86914 86913 86912 86911 86910 86909 86908 86907 86906 86905 86904 86903 86902 86901 86900 86899 86898 86897 86896 86895 86894 86893 86892 86891 86890 86889 86888 86887 86886 86885 86884 86883 86882 86881 86880 86879 86878 86877 86876 86875 86874 86873 86872 86871 86870 86869 86868 86867 86866 86865 86864 86863 86862 86861 86860 86859 86858 86857 86856 86855 86854 86853 86852 86851 86850 86849 86848 86847 86846 86845 86844 86843 86842 86841 86840 86839 86838 86837 86836 86835 86834 86833 86832 86831 86830 86829 86828 86827 86826 86825 86824 86823 86822 86821 86820 86819 86818 86817 86816 86815 86814 86813 86812 86811 86810 86809 86808 86807 86806 86805 86804 86803 86802 86801 86800 86799 86798 86797 86796 86795 86794 86793 86792 86791 86790 86789 86788 86787 86786 86785 86784 86783 86782 86781 86780 86779 86778 86777 86776 86775 86774 86773 86772 86771 86770 86769 86768 86767 86766 86765 86764 86763 86762 86761 86760 86759 86758 86757 86756 86755 86754 86753 86752 86751 86750 86749 86748 86747 86746 86745 86744 86743 86742 86741 86740 86739 86738 86737 86736 86735 86734 86733 86732 86731 86730 86729 86728 86727 86726 86725 86724 86723 86722 86721 86720 86719 86718 86717 86716 86715 86714 86713 86712 86711 86710 86709 86708 86707 86706 86705 86704 86703 86702 86701 86700 86699 86698 86697 86696 86695 86694 86693 86692 86691 86690 86689 86688 86687 86686 86685 86684 86683 86682 86681 86680 86679 86678 86677 86676 86675 86674 86673 86672 86671 86670 86669 86668 86667 86666 86665 86664 86663 86662 86661 86660 86659 86658 86657 86656 86655 86654 86653 86652 86651 86650 86649 86648 86647 86646 86645 86644 86643 86642 86641 86640 86639 86638 86637 86636 86635 86634 86633 86632 86631 86630 86629 86628 86627 86626 86625 86624 86623 86622 86621 86620 86619 86618 86617 86616 86615 86614 86613 86612 86611 86610 86609 86608 86607 86606 86605 86604 86603 86602 86601 86600 86599 86598 86597 86596 86595 86594 86593 86592 86591 86590 86589 86588 86587 86586 86585 86584 86583 86582 86581 86580 86579 86578 86577 86576 86575 86574 86573 86572 86571 86570 86569 86568 86567 86566 86565 86564 86563 86562 86561 86560 86559 86558 86557 86556 86555 86554 86553 86552 86551 86550 86549 86548 86547 86546 86545 86544 86543 86542 86541 86540 86539 86538 86537 86536 86535 86534 86533 86532 86531 86530 86529 86528 86527 86526 86525 86524 86523 86522 86521 86520 86519 86518 86517 86516 86515 86514 86513 86512 86511 86510 86509 86508 86507 86506 86505 86504 86503 86502 86501 86500 86499 86498 86497 86496 86495 86494 86493 86492 86491 86490 86489 86488 86487 86486 86485 86484 86483 86482 86481 86480 86479 86478 86477 86476 86475 86474 86473 86472 86471 86470 86469 86468 86467 86466 86465 86464 86463 86462 86461 86460 86459 86458 86457 86456 86455 86454 86453 86452 86451 86450 86449 86448 86447 86446 86445 86444 86443 86442 86441 86440 86439 86438 86437 86436 86435 86434 86433 86432 86431 86430 86429 86428 86427 86426 86425 86424 86423 86422 86421 86420 86419 86418 86417 86416 86415 86414 86413 86412 86411 86410 86409 86408 86407 86406 86405 86404 86403 86402 86401 86400 86399 86398 86397 86396 86395 86394 86393 86392 86391 86390 86389 86388 86387 86386 86385 86384 86383 86382 86381 86380 86379 86378 86377 86376 86375 86374 86373 86372 86371 86370 86369 86368 86367 86366 86365 86364 86363 86362 86361 86360 86359 86358 86357 86356 86355 86354 86353 86352 86351 86350 86349 86348 86347 86346 86345 86344 86343 86342 86341 86340 86339 86338 86337 86336 86335 86334 86333 86332 86331 86330 86329 86328 86327 86326 86325 86324 86323 86322 86321 86320 86319 86318 86317 86316 86315 86314 86313 86312 86311 86310 86309 86308 86307 86306 86305 86304 86303 86302 86301 86300 86299 86298 86297 86296 86295 86294 86293 86292 86291 86290 86289 86288 86287 86286 86285 86284 86283 86282 86281 86280 86279 86278 86277 86276 86275 86274 86273 86272 86271 86270 86269 86268 86267 86266 86265 86264 86263 86262 86261 86260 86259 86258 86257 86256 86255 86254 86253 86252 86251 86250 86249 86248 86247 86246 86245 86244 86243 86242 86241 86240 86239 86238 86237 86236 86235 86234 86233 86232 86231 86230 86229 86228 86227 86226 86225 86224 86223 86222 86221 86220 86219 86218 86217 86216 86215 86214 86213 86212 86211 86210 86209 86208 86207 86206 86205 86204 86203 86202 86201 86200 86199 86198 86197 86196 86195 86194 86193 86192 86191 86190 86189 86188 86187 86186 86185 86184 86183 86182 86181 86180 86179 86178 86177 86176 86175 86174 86173 86172 86171 86170 86169 86168 86167 86166 86165 86164 86163 86162 86161 86160 86159 86158 86157 86156 86155 86154 86153 86152 86151 86150 86149 86148 86147 86146 86145 86144 86143 86142 86141 86140 86139 86138 86137 86136 86135 86134 86133 86132 86131 86130 86129 86128 86127 86126 86125 86124 86123 86122 86121 86120 86119 86118 86117 86116 86115 86114 86113 86112 86111 86110 86109 86108 86107 86106 86105 86104 86103 86102 86101 86100 86099 86098 86097 86096 86095 86094 86093 86092 86091 86090 86089 86088 86087 86086 86085 86084 86083 86082 86081 86080 86079 86078 86077 86076 86075 86074 86073 86072 86071 86070 86069 86068 86067 86066 86065 86064 86063 86062 86061 86060 86059 86058 86057 86056 86055 86054 86053 86052 86051 86050 86049 86048 86047 86046 86045 86044 86043 86042 86041 86040 86039 86038 86037 86036 86035 86034 86033 86032 86031 86030 86029 86028 86027 86026 86025 86024 86023 86022 86021 86020 86019 86018 86017 86016 86015 86014 86013 86012 86011 86010 86009 86008 86007 86006 86005 86004 86003 86002 86001 86000 85999 85998 85997 85996 85995 85994 85993 85992 85991 85990 85989 85988 85987 85986 85985 85984 85983 85982 85981 85980 85979 85978 85977 85976 85975 85974 85973 85972 85971 85970 85969 85968 85967 85966 85965 85964 85963 85962 85961 85960 85959 85958 85957 85956 85955 85954 85953 85952 85951 85950 85949 85948 85947 85946 85945 85944 85943 85942 85941 85940 85939 85938 85937 85936 85935 85934 85933 85932 85931 85930 85929 85928 85927 85926 85925 85924 85923 85922 85921 85920 85919 85918 85917 85916 85915 85914 85913 85912 85911 85910 85909 85908 85907 85906 85905 85904 85903 85902 85901 85900 85899 85898 85897 85896 85895 85894 85893 85892 85891 85890 85889 85888 85887 85886 85885 85884 85883 85882 85881 85880 85879 85878 85877 85876 85875 85874 85873 85872 85871 85870 85869 85868 85867 85866 85865 85864 85863 85862 85861 85860 85859 85858 85857 85856 85855 85854 85853 85852 85851 85850 85849 85848 85847 85846 85845 85844 85843 85842 85841 85840 85839 85838 85837 85836 85835 85834 85833 85832 85831 85830 85829 85828 85827 85826 85825 85824 85823 85822 85821 85820 85819 85818 85817 85816 85815 85814 85813 85812 85811 85810 85809 85808 85807 85806 85805 85804 85803 85802 85801 85800 85799 85798 85797 85796 85795 85794 85793 85792 85791 85790 85789 85788 85787 85786 85785 85784 85783 85782 85781 85780 85779 85778 85777 85776 85775 85774 85773 85772 85771 85770 85769 85768 85767 85766 85765 85764 85763 85762 85761 85760 85759 85758 85757 85756 85755 85754 85753 85752 85751 85750 85749 85748 85747 85746 85745 85744 85743 85742 85741 85740 85739 85738 85737 85736 85735 85734 85733 85732 85731 85730 85729 85728 85727 85726 85725 85724 85723 85722 85721 85720 85719 85718 85717 85716 85715 85714 85713 85712 85711 85710 85709 85708 85707 85706 85705 85704 85703 85702 85701 85700 85699 85698 85697 85696 85695 85694 85693 85692 85691 85690 85689 85688 85687 85686 85685 85684 85683 85682 85681 85680 85679 85678 85677 85676 85675 85674 85673 85672 85671 85670 85669 85668 85667 85666 85665 85664 85663 85662 85661 85660 85659 85658 85657 85656 85655 85654 85653 85652 85651 85650 85649 85648 85647 85646 85645 85644 85643 85642 85641 85640 85639 85638 85637 85636 85635 85634 85633 85632 85631 85630 85629 85628 85627 85626 85625 85624 85623 85622 85621 85620 85619 85618 85617 85616 85615 85614 85613 85612 85611 85610 85609 85608 85607 85606 85605 85604 85603 85602 85601 85600 85599 85598 85597 85596 85595 85594 85593 85592 85591 85590 85589 85588 85587 85586 85585 85584 85583 85582 85581 85580 85579 85578 85577 85576 85575 85574 85573 85572 85571 85570 85569 85568 85567 85566 85565 85564 85563 85562 85561 85560 85559 85558 85557 85556 85555 85554 85553 85552 85551 85550 85549 85548 85547 85546 85545 85544 85543 85542 85541 85540 85539 85538 85537 85536 85535 85534 85533 85532 85531 85530 85529 85528 85527 85526 85525 85524 85523 85522 85521 85520 85519 85518 85517 85516 85515 85514 85513 85512 85511 85510 85509 85508 85507 85506 85505 85504 85503 85502 85501 85500 85499 85498 85497 85496 85495 85494 85493 85492 85491 85490 85489 85488 85487 85486 85485 85484 85483 85482 85481 85480 85479 85478 85477 85476 85475 85474 85473 85472 85471 85470 85469 85468 85467 85466 85465 85464 85463 85462 85461 85460 85459 85458 85457 85456 85455 85454 85453 85452 85451 85450 85449 85448 85447 85446 85445 85444 85443 85442 85441 85440 85439 85438 85437 85436 85435 85434 85433 85432 85431 85430 85429 85428 85427 85426 85425 85424 85423 85422 85421 85420 85419 85418 85417 85416 85415 85414 85413 85412 85411 85410 85409 85408 85407 85406 85405 85404 85403 85402 85401 85400 85399 85398 85397 85396 85395 85394 85393 85392 85391 85390 85389 85388 85387 85386 85385 85384 85383 85382 85381 85380 85379 85378 85377 85376 85375 85374 85373 85372 85371 85370 85369 85368 85367 85366 85365 85364 85363 85362 85361 85360 85359 85358 85357 85356 85355 85354 85353 85352 85351 85350 85349 85348 85347 85346 85345 85344 85343 85342 85341 85340 85339 85338 85337 85336 85335 85334 85333 85332 85331 85330 85329 85328 85327 85326 85325 85324 85323 85322 85321 85320 85319 85318 85317 85316 85315 85314 85313 85312 85311 85310 85309 85308 85307 85306 85305 85304 85303 85302 85301 85300 85299 85298 85297 85296 85295 85294 85293 85292 85291 85290 85289 85288 85287 85286 85285 85284 85283 85282 85281 85280 85279 85278 85277 85276 85275 85274 85273 85272 85271 85270 85269 85268 85267 85266 85265 85264 85263 85262 85261 85260 85259 85258 85257 85256 85255 85254 85253 85252 85251 85250 85249 85248 85247 85246 85245 85244 85243 85242 85241 85240 85239 85238 85237 85236 85235 85234 85233 85232 85231 85230 85229 85228 85227 85226 85225 85224 85223 85222 85221 85220 85219 85218 85217 85216 85215 85214 85213 85212 85211 85210 85209 85208 85207 85206 85205 85204 85203 85202 85201 85200 85199 85198 85197 85196 85195 85194 85193 85192 85191 85190 85189 85188 85187 85186 85185 85184 85183 85182 85181 85180 85179 85178 85177 85176 85175 85174 85173 85172 85171 85170 85169 85168 85167 85166 85165 85164 85163 85162 85161 85160 85159 85158 85157 85156 85155 85154 85153 85152 85151 85150 85149 85148 85147 85146 85145 85144 85143 85142 85141 85140 85139 85138 85137 85136 85135 85134 85133 85132 85131 85130 85129 85128 85127 85126 85125 85124 85123 85122 85121 85120 85119 85118 85117 85116 85115 85114 85113 85112 85111 85110 85109 85108 85107 85106 85105 85104 85103 85102 85101 85100 85099 85098 85097 85096 85095 85094 85093 85092 85091 85090 85089 85088 85087 85086 85085 85084 85083 85082 85081 85080 85079 85078 85077 85076 85075 85074 85073 85072 85071 85070 85069 85068 85067 85066 85065 85064 85063 85062 85061 85060 85059 85058 85057 85056 85055 85054 85053 85052 85051 85050 85049 85048 85047 85046 85045 85044 85043 85042 85041 85040 85039 85038 85037 85036 85035 85034 85033 85032 85031 85030 85029 85028 85027 85026 85025 85024 85023 85022 85021 85020 85019 85018 85017 85016 85015 85014 85013 85012 85011 85010 85009 85008 85007 85006 85005 85004 85003 85002 85001 85000 84999 84998 84997 84996 84995 84994 84993 84992 84991 84990 84989 84988 84987 84986 84985 84984 84983 84982 84981 84980 84979 84978 84977 84976 84975 84974 84973 84972 84971 84970 84969 84968 84967 84966 84965 84964 84963 84962 84961 84960 84959 84958 84957 84956 84955 84954 84953 84952 84951 84950 84949 84948 84947 84946 84945 84944 84943 84942 84941 84940 84939 84938 84937 84936 84935 84934 84933 84932 84931 84930 84929 84928 84927 84926 84925 84924 84923 84922 84921 84920 84919 84918 84917 84916 84915 84914 84913 84912 84911 84910 84909 84908 84907 84906 84905 84904 84903 84902 84901 84900 84899 84898 84897 84896 84895 84894 84893 84892 84891 84890 84889 84888 84887 84886 84885 84884 84883 84882 84881 84880 84879 84878 84877 84876 84875 84874 84873 84872 84871 84870 84869 84868 84867 84866 84865 84864 84863 84862 84861 84860 84859 84858 84857 84856 84855 84854 84853 84852 84851 84850 84849 84848 84847 84846 84845 84844 84843 84842 84841 84840 84839 84838 84837 84836 84835 84834 84833 84832 84831 84830 84829 84828 84827 84826 84825 84824 84823 84822 84821 84820 84819 84818 84817 84816 84815 84814 84813 84812 84811 84810 84809 84808 84807 84806 84805 84804 84803 84802 84801 84800 84799 84798 84797 84796 84795 84794 84793 84792 84791 84790 84789 84788 84787 84786 84785 84784 84783 84782 84781 84780 84779 84778 84777 84776 84775 84774 84773 84772 84771 84770 84769 84768 84767 84766 84765 84764 84763 84762 84761 84760 84759 84758 84757 84756 84755 84754 84753 84752 84751 84750 84749 84748 84747 84746 84745 84744 84743 84742 84741 84740 84739 84738 84737 84736 84735 84734 84733 84732 84731 84730 84729 84728 84727 84726 84725 84724 84723 84722 84721 84720 84719 84718 84717 84716 84715 84714 84713 84712 84711 84710 84709 84708 84707 84706 84705 84704 84703 84702 84701 84700 84699 84698 84697 84696 84695 84694 84693 84692 84691 84690 84689 84688 84687 84686 84685 84684 84683 84682 84681 84680 84679 84678 84677 84676 84675 84674 84673 84672 84671 84670 84669 84668 84667 84666 84665 84664 84663 84662 84661 84660 84659 84658 84657 84656 84655 84654 84653 84652 84651 84650 84649 84648 84647 84646 84645 84644 84643 84642 84641 84640 84639 84638 84637 84636 84635 84634 84633 84632 84631 84630 84629 84628 84627 84626 84625 84624 84623 84622 84621 84620 84619 84618 84617 84616 84615 84614 84613 84612 84611 84610 84609 84608 84607 84606 84605 84604 84603 84602 84601 84600 84599 84598 84597 84596 84595 84594 84593 84592 84591 84590 84589 84588 84587 84586 84585 84584 84583 84582 84581 84580 84579 84578 84577 84576 84575 84574 84573 84572 84571 84570 84569 84568 84567 84566 84565 84564 84563 84562 84561 84560 84559 84558 84557 84556 84555 84554 84553 84552 84551 84550 84549 84548 84547 84546 84545 84544 84543 84542 84541 84540 84539 84538 84537 84536 84535 84534 84533 84532 84531 84530 84529 84528 84527 84526 84525 84524 84523 84522 84521 84520 84519 84518 84517 84516 84515 84514 84513 84512 84511 84510 84509 84508 84507 84506 84505 84504 84503 84502 84501 84500 84499 84498 84497 84496 84495 84494 84493 84492 84491 84490 84489 84488 84487 84486 84485 84484 84483 84482 84481 84480 84479 84478 84477 84476 84475 84474 84473 84472 84471 84470 84469 84468 84467 84466 84465 84464 84463 84462 84461 84460 84459 84458 84457 84456 84455 84454 84453 84452 84451 84450 84449 84448 84447 84446 84445 84444 84443 84442 84441 84440 84439 84438 84437 84436 84435 84434 84433 84432 84431 84430 84429 84428 84427 84426 84425 84424 84423 84422 84421 84420 84419 84418 84417 84416 84415 84414 84413 84412 84411 84410 84409 84408 84407 84406 84405 84404 84403 84402 84401 84400 84399 84398 84397 84396 84395 84394 84393 84392 84391 84390 84389 84388 84387 84386 84385 84384 84383 84382 84381 84380 84379 84378 84377 84376 84375 84374 84373 84372 84371 84370 84369 84368 84367 84366 84365 84364 84363 84362 84361 84360 84359 84358 84357 84356 84355 84354 84353 84352 84351 84350 84349 84348 84347 84346 84345 84344 84343 84342 84341 84340 84339 84338 84337 84336 84335 84334 84333 84332 84331 84330 84329 84328 84327 84326 84325 84324 84323 84322 84321 84320 84319 84318 84317 84316 84315 84314 84313 84312 84311 84310 84309 84308 84307 84306 84305 84304 84303 84302 84301 84300 84299 84298 84297 84296 84295 84294 84293 84292 84291 84290 84289 84288 84287 84286 84285 84284 84283 84282 84281 84280 84279 84278 84277 84276 84275 84274 84273 84272 84271 84270 84269 84268 84267 84266 84265 84264 84263 84262 84261 84260 84259 84258 84257 84256 84255 84254 84253 84252 84251 84250 84249 84248 84247 84246 84245 84244 84243 84242 84241 84240 84239 84238 84237 84236 84235 84234 84233 84232 84231 84230 84229 84228 84227 84226 84225 84224 84223 84222 84221 84220 84219 84218 84217 84216 84215 84214 84213 84212 84211 84210 84209 84208 84207 84206 84205 84204 84203 84202 84201 84200 84199 84198 84197 84196 84195 84194 84193 84192 84191 84190 84189 84188 84187 84186 84185 84184 84183 84182 84181 84180 84179 84178 84177 84176 84175 84174 84173 84172 84171 84170 84169 84168 84167 84166 84165 84164 84163 84162 84161 84160 84159 84158 84157 84156 84155 84154 84153 84152 84151 84150 84149 84148 84147 84146 84145 84144 84143 84142 84141 84140 84139 84138 84137 84136 84135 84134 84133 84132 84131 84130 84129 84128 84127 84126 84125 84124 84123 84122 84121 84120 84119 84118 84117 84116 84115 84114 84113 84112 84111 84110 84109 84108 84107 84106 84105 84104 84103 84102 84101 84100 84099 84098 84097 84096 84095 84094 84093 84092 84091 84090 84089 84088 84087 84086 84085 84084 84083 84082 84081 84080 84079 84078 84077 84076 84075 84074 84073 84072 84071 84070 84069 84068 84067 84066 84065 84064 84063 84062 84061 84060 84059 84058 84057 84056 84055 84054 84053 84052 84051 84050 84049 84048 84047 84046 84045 84044 84043 84042 84041 84040 84039 84038 84037 84036 84035 84034 84033 84032 84031 84030 84029 84028 84027 84026 84025 84024 84023 84022 84021 84020 84019 84018 84017 84016 84015 84014 84013 84012 84011 84010 84009 84008 84007 84006 84005 84004 84003 84002 84001 84000 83999 83998 83997 83996 83995 83994 83993 83992 83991 83990 83989 83988 83987 83986 83985 83984 83983 83982 83981 83980 83979 83978 83977 83976 83975 83974 83973 83972 83971 83970 83969 83968 83967 83966 83965 83964 83963 83962 83961 83960 83959 83958 83957 83956 83955 83954 83953 83952 83951 83950 83949 83948 83947 83946 83945 83944 83943 83942 83941 83940 83939 83938 83937 83936 83935 83934 83933 83932 83931 83930 83929 83928 83927 83926 83925 83924 83923 83922 83921 83920 83919 83918 83917 83916 83915 83914 83913 83912 83911 83910 83909 83908 83907 83906 83905 83904 83903 83902 83901 83900 83899 83898 83897 83896 83895 83894 83893 83892 83891 83890 83889 83888 83887 83886 83885 83884 83883 83882 83881 83880 83879 83878 83877 83876 83875 83874 83873 83872 83871 83870 83869 83868 83867 83866 83865 83864 83863 83862 83861 83860 83859 83858 83857 83856 83855 83854 83853 83852 83851 83850 83849 83848 83847 83846 83845 83844 83843 83842 83841 83840 83839 83838 83837 83836 83835 83834 83833 83832 83831 83830 83829 83828 83827 83826 83825 83824 83823 83822 83821 83820 83819 83818 83817 83816 83815 83814 83813 83812 83811 83810 83809 83808 83807 83806 83805 83804 83803 83802 83801 83800 83799 83798 83797 83796 83795 83794 83793 83792 83791 83790 83789 83788 83787 83786 83785 83784 83783 83782 83781 83780 83779 83778 83777 83776 83775 83774 83773 83772 83771 83770 83769 83768 83767 83766 83765 83764 83763 83762 83761 83760 83759 83758 83757 83756 83755 83754 83753 83752 83751 83750 83749 83748 83747 83746 83745 83744 83743 83742 83741 83740 83739 83738 83737 83736 83735 83734 83733 83732 83731 83730 83729 83728 83727 83726 83725 83724 83723 83722 83721 83720 83719 83718 83717 83716 83715 83714 83713 83712 83711 83710 83709 83708 83707 83706 83705 83704 83703 83702 83701 83700 83699 83698 83697 83696 83695 83694 83693 83692 83691 83690 83689 83688 83687 83686 83685 83684 83683 83682 83681 83680 83679 83678 83677 83676 83675 83674 83673 83672 83671 83670 83669 83668 83667 83666 83665 83664 83663 83662 83661 83660 83659 83658 83657 83656 83655 83654 83653 83652 83651 83650 83649 83648 83647 83646 83645 83644 83643 83642 83641 83640 83639 83638 83637 83636 83635 83634 83633 83632 83631 83630 83629 83628 83627 83626 83625 83624 83623 83622 83621 83620 83619 83618 83617 83616 83615 83614 83613 83612 83611 83610 83609 83608 83607 83606 83605 83604 83603 83602 83601 83600 83599 83598 83597 83596 83595 83594 83593 83592 83591 83590 83589 83588 83587 83586 83585 83584 83583 83582 83581 83580 83579 83578 83577 83576 83575 83574 83573 83572 83571 83570 83569 83568 83567 83566 83565 83564 83563 83562 83561 83560 83559 83558 83557 83556 83555 83554 83553 83552 83551 83550 83549 83548 83547 83546 83545 83544 83543 83542 83541 83540 83539 83538 83537 83536 83535 83534 83533 83532 83531 83530 83529 83528 83527 83526 83525 83524 83523 83522 83521 83520 83519 83518 83517 83516 83515 83514 83513 83512 83511 83510 83509 83508 83507 83506 83505 83504 83503 83502 83501 83500 83499 83498 83497 83496 83495 83494 83493 83492 83491 83490 83489 83488 83487 83486 83485 83484 83483 83482 83481 83480 83479 83478 83477 83476 83475 83474 83473 83472 83471 83470 83469 83468 83467 83466 83465 83464 83463 83462 83461 83460 83459 83458 83457 83456 83455 83454 83453 83452 83451 83450 83449 83448 83447 83446 83445 83444 83443 83442 83441 83440 83439 83438 83437 83436 83435 83434 83433 83432 83431 83430 83429 83428 83427 83426 83425 83424 83423 83422 83421 83420 83419 83418 83417 83416 83415 83414 83413 83412 83411 83410 83409 83408 83407 83406 83405 83404 83403 83402 83401 83400 83399 83398 83397 83396 83395 83394 83393 83392 83391 83390 83389 83388 83387 83386 83385 83384 83383 83382 83381 83380 83379 83378 83377 83376 83375 83374 83373 83372 83371 83370 83369 83368 83367 83366 83365 83364 83363 83362 83361 83360 83359 83358 83357 83356 83355 83354 83353 83352 83351 83350 83349 83348 83347 83346 83345 83344 83343 83342 83341 83340 83339 83338 83337 83336 83335 83334 83333 83332 83331 83330 83329 83328 83327 83326 83325 83324 83323 83322 83321 83320 83319 83318 83317 83316 83315 83314 83313 83312 83311 83310 83309 83308 83307 83306 83305 83304 83303 83302 83301 83300 83299 83298 83297 83296 83295 83294 83293 83292 83291 83290 83289 83288 83287 83286 83285 83284 83283 83282 83281 83280 83279 83278 83277 83276 83275 83274 83273 83272 83271 83270 83269 83268 83267 83266 83265 83264 83263 83262 83261 83260 83259 83258 83257 83256 83255 83254 83253 83252 83251 83250 83249 83248 83247 83246 83245 83244 83243 83242 83241 83240 83239 83238 83237 83236 83235 83234 83233 83232 83231 83230 83229 83228 83227 83226 83225 83224 83223 83222 83221 83220 83219 83218 83217 83216 83215 83214 83213 83212 83211 83210 83209 83208 83207 83206 83205 83204 83203 83202 83201 83200 83199 83198 83197 83196 83195 83194 83193 83192 83191 83190 83189 83188 83187 83186 83185 83184 83183 83182 83181 83180 83179 83178 83177 83176 83175 83174 83173 83172 83171 83170 83169 83168 83167 83166 83165 83164 83163 83162 83161 83160 83159 83158 83157 83156 83155 83154 83153 83152 83151 83150 83149 83148 83147 83146 83145 83144 83143 83142 83141 83140 83139 83138 83137 83136 83135 83134 83133 83132 83131 83130 83129 83128 83127 83126 83125 83124 83123 83122 83121 83120 83119 83118 83117 83116 83115 83114 83113 83112 83111 83110 83109 83108 83107 83106 83105 83104 83103 83102 83101 83100 83099 83098 83097 83096 83095 83094 83093 83092 83091 83090 83089 83088 83087 83086 83085 83084 83083 83082 83081 83080 83079 83078 83077 83076 83075 83074 83073 83072 83071 83070 83069 83068 83067 83066 83065 83064 83063 83062 83061 83060 83059 83058 83057 83056 83055 83054 83053 83052 83051 83050 83049 83048 83047 83046 83045 83044 83043 83042 83041 83040 83039 83038 83037 83036 83035 83034 83033 83032 83031 83030 83029 83028 83027 83026 83025 83024 83023 83022 83021 83020 83019 83018 83017 83016 83015 83014 83013 83012 83011 83010 83009 83008 83007 83006 83005 83004 83003 83002 83001 83000 82999 82998 82997 82996 82995 82994 82993 82992 82991 82990 82989 82988 82987 82986 82985 82984 82983 82982 82981 82980 82979 82978 82977 82976 82975 82974 82973 82972 82971 82970 82969 82968 82967 82966 82965 82964 82963 82962 82961 82960 82959 82958 82957 82956 82955 82954 82953 82952 82951 82950 82949 82948 82947 82946 82945 82944 82943 82942 82941 82940 82939 82938 82937 82936 82935 82934 82933 82932 82931 82930 82929 82928 82927 82926 82925 82924 82923 82922 82921 82920 82919 82918 82917 82916 82915 82914 82913 82912 82911 82910 82909 82908 82907 82906 82905 82904 82903 82902 82901 82900 82899 82898 82897 82896 82895 82894 82893 82892 82891 82890 82889 82888 82887 82886 82885 82884 82883 82882 82881 82880 82879 82878 82877 82876 82875 82874 82873 82872 82871 82870 82869 82868 82867 82866 82865 82864 82863 82862 82861 82860 82859 82858 82857 82856 82855 82854 82853 82852 82851 82850 82849 82848 82847 82846 82845 82844 82843 82842 82841 82840 82839 82838 82837 82836 82835 82834 82833 82832 82831 82830 82829 82828 82827 82826 82825 82824 82823 82822 82821 82820 82819 82818 82817 82816 82815 82814 82813 82812 82811 82810 82809 82808 82807 82806 82805 82804 82803 82802 82801 82800 82799 82798 82797 82796 82795 82794 82793 82792 82791 82790 82789 82788 82787 82786 82785 82784 82783 82782 82781 82780 82779 82778 82777 82776 82775 82774 82773 82772 82771 82770 82769 82768 82767 82766 82765 82764 82763 82762 82761 82760 82759 82758 82757 82756 82755 82754 82753 82752 82751 82750 82749 82748 82747 82746 82745 82744 82743 82742 82741 82740 82739 82738 82737 82736 82735 82734 82733 82732 82731 82730 82729 82728 82727 82726 82725 82724 82723 82722 82721 82720 82719 82718 82717 82716 82715 82714 82713 82712 82711 82710 82709 82708 82707 82706 82705 82704 82703 82702 82701 82700 82699 82698 82697 82696 82695 82694 82693 82692 82691 82690 82689 82688 82687 82686 82685 82684 82683 82682 82681 82680 82679 82678 82677 82676 82675 82674 82673 82672 82671 82670 82669 82668 82667 82666 82665 82664 82663 82662 82661 82660 82659 82658 82657 82656 82655 82654 82653 82652 82651 82650 82649 82648 82647 82646 82645 82644 82643 82642 82641 82640 82639 82638 82637 82636 82635 82634 82633 82632 82631 82630 82629 82628 82627 82626 82625 82624 82623 82622 82621 82620 82619 82618 82617 82616 82615 82614 82613 82612 82611 82610 82609 82608 82607 82606 82605 82604 82603 82602 82601 82600 82599 82598 82597 82596 82595 82594 82593 82592 82591 82590 82589 82588 82587 82586 82585 82584 82583 82582 82581 82580 82579 82578 82577 82576 82575 82574 82573 82572 82571 82570 82569 82568 82567 82566 82565 82564 82563 82562 82561 82560 82559 82558 82557 82556 82555 82554 82553 82552 82551 82550 82549 82548 82547 82546 82545 82544 82543 82542 82541 82540 82539 82538 82537 82536 82535 82534 82533 82532 82531 82530 82529 82528 82527 82526 82525 82524 82523 82522 82521 82520 82519 82518 82517 82516 82515 82514 82513 82512 82511 82510 82509 82508 82507 82506 82505 82504 82503 82502 82501 82500 82499 82498 82497 82496 82495 82494 82493 82492 82491 82490 82489 82488 82487 82486 82485 82484 82483 82482 82481 82480 82479 82478 82477 82476 82475 82474 82473 82472 82471 82470 82469 82468 82467 82466 82465 82464 82463 82462 82461 82460 82459 82458 82457 82456 82455 82454 82453 82452 82451 82450 82449 82448 82447 82446 82445 82444 82443 82442 82441 82440 82439 82438 82437 82436 82435 82434 82433 82432 82431 82430 82429 82428 82427 82426 82425 82424 82423 82422 82421 82420 82419 82418 82417 82416 82415 82414 82413 82412 82411 82410 82409 82408 82407 82406 82405 82404 82403 82402 82401 82400 82399 82398 82397 82396 82395 82394 82393 82392 82391 82390 82389 82388 82387 82386 82385 82384 82383 82382 82381 82380 82379 82378 82377 82376 82375 82374 82373 82372 82371 82370 82369 82368 82367 82366 82365 82364 82363 82362 82361 82360 82359 82358 82357 82356 82355 82354 82353 82352 82351 82350 82349 82348 82347 82346 82345 82344 82343 82342 82341 82340 82339 82338 82337 82336 82335 82334 82333 82332 82331 82330 82329 82328 82327 82326 82325 82324 82323 82322 82321 82320 82319 82318 82317 82316 82315 82314 82313 82312 82311 82310 82309 82308 82307 82306 82305 82304 82303 82302 82301 82300 82299 82298 82297 82296 82295 82294 82293 82292 82291 82290 82289 82288 82287 82286 82285 82284 82283 82282 82281 82280 82279 82278 82277 82276 82275 82274 82273 82272 82271 82270 82269 82268 82267 82266 82265 82264 82263 82262 82261 82260 82259 82258 82257 82256 82255 82254 82253 82252 82251 82250 82249 82248 82247 82246 82245 82244 82243 82242 82241 82240 82239 82238 82237 82236 82235 82234 82233 82232 82231 82230 82229 82228 82227 82226 82225 82224 82223 82222 82221 82220 82219 82218 82217 82216 82215 82214 82213 82212 82211 82210 82209 82208 82207 82206 82205 82204 82203 82202 82201 82200 82199 82198 82197 82196 82195 82194 82193 82192 82191 82190 82189 82188 82187 82186 82185 82184 82183 82182 82181 82180 82179 82178 82177 82176 82175 82174 82173 82172 82171 82170 82169 82168 82167 82166 82165 82164 82163 82162 82161 82160 82159 82158 82157 82156 82155 82154 82153 82152 82151 82150 82149 82148 82147 82146 82145 82144 82143 82142 82141 82140 82139 82138 82137 82136 82135 82134 82133 82132 82131 82130 82129 82128 82127 82126 82125 82124 82123 82122 82121 82120 82119 82118 82117 82116 82115 82114 82113 82112 82111 82110 82109 82108 82107 82106 82105 82104 82103 82102 82101 82100 82099 82098 82097 82096 82095 82094 82093 82092 82091 82090 82089 82088 82087 82086 82085 82084 82083 82082 82081 82080 82079 82078 82077 82076 82075 82074 82073 82072 82071 82070 82069 82068 82067 82066 82065 82064 82063 82062 82061 82060 82059 82058 82057 82056 82055 82054 82053 82052 82051 82050 82049 82048 82047 82046 82045 82044 82043 82042 82041 82040 82039 82038 82037 82036 82035 82034 82033 82032 82031 82030 82029 82028 82027 82026 82025 82024 82023 82022 82021 82020 82019 82018 82017 82016 82015 82014 82013 82012 82011 82010 82009 82008 82007 82006 82005 82004 82003 82002 82001 82000 81999 81998 81997 81996 81995 81994 81993 81992 81991 81990 81989 81988 81987 81986 81985 81984 81983 81982 81981 81980 81979 81978 81977 81976 81975 81974 81973 81972 81971 81970 81969 81968 81967 81966 81965 81964 81963 81962 81961 81960 81959 81958 81957 81956 81955 81954 81953 81952 81951 81950 81949 81948 81947 81946 81945 81944 81943 81942 81941 81940 81939 81938 81937 81936 81935 81934 81933 81932 81931 81930 81929 81928 81927 81926 81925 81924 81923 81922 81921 81920 81919 81918 81917 81916 81915 81914 81913 81912 81911 81910 81909 81908 81907 81906 81905 81904 81903 81902 81901 81900 81899 81898 81897 81896 81895 81894 81893 81892 81891 81890 81889 81888 81887 81886 81885 81884 81883 81882 81881 81880 81879 81878 81877 81876 81875 81874 81873 81872 81871 81870 81869 81868 81867 81866 81865 81864 81863 81862 81861 81860 81859 81858 81857 81856 81855 81854 81853 81852 81851 81850 81849 81848 81847 81846 81845 81844 81843 81842 81841 81840 81839 81838 81837 81836 81835 81834 81833 81832 81831 81830 81829 81828 81827 81826 81825 81824 81823 81822 81821 81820 81819 81818 81817 81816 81815 81814 81813 81812 81811 81810 81809 81808 81807 81806 81805 81804 81803 81802 81801 81800 81799 81798 81797 81796 81795 81794 81793 81792 81791 81790 81789 81788 81787 81786 81785 81784 81783 81782 81781 81780 81779 81778 81777 81776 81775 81774 81773 81772 81771 81770 81769 81768 81767 81766 81765 81764 81763 81762 81761 81760 81759 81758 81757 81756 81755 81754 81753 81752 81751 81750 81749 81748 81747 81746 81745 81744 81743 81742 81741 81740 81739 81738 81737 81736 81735 81734 81733 81732 81731 81730 81729 81728 81727 81726 81725 81724 81723 81722 81721 81720 81719 81718 81717 81716 81715 81714 81713 81712 81711 81710 81709 81708 81707 81706 81705 81704 81703 81702 81701 81700 81699 81698 81697 81696 81695 81694 81693 81692 81691 81690 81689 81688 81687 81686 81685 81684 81683 81682 81681 81680 81679 81678 81677 81676 81675 81674 81673 81672 81671 81670 81669 81668 81667 81666 81665 81664 81663 81662 81661 81660 81659 81658 81657 81656 81655 81654 81653 81652 81651 81650 81649 81648 81647 81646 81645 81644 81643 81642 81641 81640 81639 81638 81637 81636 81635 81634 81633 81632 81631 81630 81629 81628 81627 81626 81625 81624 81623 81622 81621 81620 81619 81618 81617 81616 81615 81614 81613 81612 81611 81610 81609 81608 81607 81606 81605 81604 81603 81602 81601 81600 81599 81598 81597 81596 81595 81594 81593 81592 81591 81590 81589 81588 81587 81586 81585 81584 81583 81582 81581 81580 81579 81578 81577 81576 81575 81574 81573 81572 81571 81570 81569 81568 81567 81566 81565 81564 81563 81562 81561 81560 81559 81558 81557 81556 81555 81554 81553 81552 81551 81550 81549 81548 81547 81546 81545 81544 81543 81542 81541 81540 81539 81538 81537 81536 81535 81534 81533 81532 81531 81530 81529 81528 81527 81526 81525 81524 81523 81522 81521 81520 81519 81518 81517 81516 81515 81514 81513 81512 81511 81510 81509 81508 81507 81506 81505 81504 81503 81502 81501 81500 81499 81498 81497 81496 81495 81494 81493 81492 81491 81490 81489 81488 81487 81486 81485 81484 81483 81482 81481 81480 81479 81478 81477 81476 81475 81474 81473 81472 81471 81470 81469 81468 81467 81466 81465 81464 81463 81462 81461 81460 81459 81458 81457 81456 81455 81454 81453 81452 81451 81450 81449 81448 81447 81446 81445 81444 81443 81442 81441 81440 81439 81438 81437 81436 81435 81434 81433 81432 81431 81430 81429 81428 81427 81426 81425 81424 81423 81422 81421 81420 81419 81418 81417 81416 81415 81414 81413 81412 81411 81410 81409 81408 81407 81406 81405 81404 81403 81402 81401 81400 81399 81398 81397 81396 81395 81394 81393 81392 81391 81390 81389 81388 81387 81386 81385 81384 81383 81382 81381 81380 81379 81378 81377 81376 81375 81374 81373 81372 81371 81370 81369 81368 81367 81366 81365 81364 81363 81362 81361 81360 81359 81358 81357 81356 81355 81354 81353 81352 81351 81350 81349 81348 81347 81346 81345 81344 81343 81342 81341 81340 81339 81338 81337 81336 81335 81334 81333 81332 81331 81330 81329 81328 81327 81326 81325 81324 81323 81322 81321 81320 81319 81318 81317 81316 81315 81314 81313 81312 81311 81310 81309 81308 81307 81306 81305 81304 81303 81302 81301 81300 81299 81298 81297 81296 81295 81294 81293 81292 81291 81290 81289 81288 81287 81286 81285 81284 81283 81282 81281 81280 81279 81278 81277 81276 81275 81274 81273 81272 81271 81270 81269 81268 81267 81266 81265 81264 81263 81262 81261 81260 81259 81258 81257 81256 81255 81254 81253 81252 81251 81250 81249 81248 81247 81246 81245 81244 81243 81242 81241 81240 81239 81238 81237 81236 81235 81234 81233 81232 81231 81230 81229 81228 81227 81226 81225 81224 81223 81222 81221 81220 81219 81218 81217 81216 81215 81214 81213 81212 81211 81210 81209 81208 81207 81206 81205 81204 81203 81202 81201 81200 81199 81198 81197 81196 81195 81194 81193 81192 81191 81190 81189 81188 81187 81186 81185 81184 81183 81182 81181 81180 81179 81178 81177 81176 81175 81174 81173 81172 81171 81170 81169 81168 81167 81166 81165 81164 81163 81162 81161 81160 81159 81158 81157 81156 81155 81154 81153 81152 81151 81150 81149 81148 81147 81146 81145 81144 81143 81142 81141 81140 81139 81138 81137 81136 81135 81134 81133 81132 81131 81130 81129 81128 81127 81126 81125 81124 81123 81122 81121 81120 81119 81118 81117 81116 81115 81114 81113 81112 81111 81110 81109 81108 81107 81106 81105 81104 81103 81102 81101 81100 81099 81098 81097 81096 81095 81094 81093 81092 81091 81090 81089 81088 81087 81086 81085 81084 81083 81082 81081 81080 81079 81078 81077 81076 81075 81074 81073 81072 81071 81070 81069 81068 81067 81066 81065 81064 81063 81062 81061 81060 81059 81058 81057 81056 81055 81054 81053 81052 81051 81050 81049 81048 81047 81046 81045 81044 81043 81042 81041 81040 81039 81038 81037 81036 81035 81034 81033 81032 81031 81030 81029 81028 81027 81026 81025 81024 81023 81022 81021 81020 81019 81018 81017 81016 81015 81014 81013 81012 81011 81010 81009 81008 81007 81006 81005 81004 81003 81002 81001 81000 80999 80998 80997 80996 80995 80994 80993 80992 80991 80990 80989 80988 80987 80986 80985 80984 80983 80982 80981 80980 80979 80978 80977 80976 80975 80974 80973 80972 80971 80970 80969 80968 80967 80966 80965 80964 80963 80962 80961 80960 80959 80958 80957 80956 80955 80954 80953 80952 80951 80950 80949 80948 80947 80946 80945 80944 80943 80942 80941 80940 80939 80938 80937 80936 80935 80934 80933 80932 80931 80930 80929 80928 80927 80926 80925 80924 80923 80922 80921 80920 80919 80918 80917 80916 80915 80914 80913 80912 80911 80910 80909 80908 80907 80906 80905 80904 80903 80902 80901 80900 80899 80898 80897 80896 80895 80894 80893 80892 80891 80890 80889 80888 80887 80886 80885 80884 80883 80882 80881 80880 80879 80878 80877 80876 80875 80874 80873 80872 80871 80870 80869 80868 80867 80866 80865 80864 80863 80862 80861 80860 80859 80858 80857 80856 80855 80854 80853 80852 80851 80850 80849 80848 80847 80846 80845 80844 80843 80842 80841 80840 80839 80838 80837 80836 80835 80834 80833 80832 80831 80830 80829 80828 80827 80826 80825 80824 80823 80822 80821 80820 80819 80818 80817 80816 80815 80814 80813 80812 80811 80810 80809 80808 80807 80806 80805 80804 80803 80802 80801 80800 80799 80798 80797 80796 80795 80794 80793 80792 80791 80790 80789 80788 80787 80786 80785 80784 80783 80782 80781 80780 80779 80778 80777 80776 80775 80774 80773 80772 80771 80770 80769 80768 80767 80766 80765 80764 80763 80762 80761 80760 80759 80758 80757 80756 80755 80754 80753 80752 80751 80750 80749 80748 80747 80746 80745 80744 80743 80742 80741 80740 80739 80738 80737 80736 80735 80734 80733 80732 80731 80730 80729 80728 80727 80726 80725 80724 80723 80722 80721 80720 80719 80718 80717 80716 80715 80714 80713 80712 80711 80710 80709 80708 80707 80706 80705 80704 80703 80702 80701 80700 80699 80698 80697 80696 80695 80694 80693 80692 80691 80690 80689 80688 80687 80686 80685 80684 80683 80682 80681 80680 80679 80678 80677 80676 80675 80674 80673 80672 80671 80670 80669 80668 80667 80666 80665 80664 80663 80662 80661 80660 80659 80658 80657 80656 80655 80654 80653 80652 80651 80650 80649 80648 80647 80646 80645 80644 80643 80642 80641 80640 80639 80638 80637 80636 80635 80634 80633 80632 80631 80630 80629 80628 80627 80626 80625 80624 80623 80622 80621 80620 80619 80618 80617 80616 80615 80614 80613 80612 80611 80610 80609 80608 80607 80606 80605 80604 80603 80602 80601 80600 80599 80598 80597 80596 80595 80594 80593 80592 80591 80590 80589 80588 80587 80586 80585 80584 80583 80582 80581 80580 80579 80578 80577 80576 80575 80574 80573 80572 80571 80570 80569 80568 80567 80566 80565 80564 80563 80562 80561 80560 80559 80558 80557 80556 80555 80554 80553 80552 80551 80550 80549 80548 80547 80546 80545 80544 80543 80542 80541 80540 80539 80538 80537 80536 80535 80534 80533 80532 80531 80530 80529 80528 80527 80526 80525 80524 80523 80522 80521 80520 80519 80518 80517 80516 80515 80514 80513 80512 80511 80510 80509 80508 80507 80506 80505 80504 80503 80502 80501 80500 80499 80498 80497 80496 80495 80494 80493 80492 80491 80490 80489 80488 80487 80486 80485 80484 80483 80482 80481 80480 80479 80478 80477 80476 80475 80474 80473 80472 80471 80470 80469 80468 80467 80466 80465 80464 80463 80462 80461 80460 80459 80458 80457 80456 80455 80454 80453 80452 80451 80450 80449 80448 80447 80446 80445 80444 80443 80442 80441 80440 80439 80438 80437 80436 80435 80434 80433 80432 80431 80430 80429 80428 80427 80426 80425 80424 80423 80422 80421 80420 80419 80418 80417 80416 80415 80414 80413 80412 80411 80410 80409 80408 80407 80406 80405 80404 80403 80402 80401 80400 80399 80398 80397 80396 80395 80394 80393 80392 80391 80390 80389 80388 80387 80386 80385 80384 80383 80382 80381 80380 80379 80378 80377 80376 80375 80374 80373 80372 80371 80370 80369 80368 80367 80366 80365 80364 80363 80362 80361 80360 80359 80358 80357 80356 80355 80354 80353 80352 80351 80350 80349 80348 80347 80346 80345 80344 80343 80342 80341 80340 80339 80338 80337 80336 80335 80334 80333 80332 80331 80330 80329 80328 80327 80326 80325 80324 80323 80322 80321 80320 80319 80318 80317 80316 80315 80314 80313 80312 80311 80310 80309 80308 80307 80306 80305 80304 80303 80302 80301 80300 80299 80298 80297 80296 80295 80294 80293 80292 80291 80290 80289 80288 80287 80286 80285 80284 80283 80282 80281 80280 80279 80278 80277 80276 80275 80274 80273 80272 80271 80270 80269 80268 80267 80266 80265 80264 80263 80262 80261 80260 80259 80258 80257 80256 80255 80254 80253 80252 80251 80250 80249 80248 80247 80246 80245 80244 80243 80242 80241 80240 80239 80238 80237 80236 80235 80234 80233 80232 80231 80230 80229 80228 80227 80226 80225 80224 80223 80222 80221 80220 80219 80218 80217 80216 80215 80214 80213 80212 80211 80210 80209 80208 80207 80206 80205 80204 80203 80202 80201 80200 80199 80198 80197 80196 80195 80194 80193 80192 80191 80190 80189 80188 80187 80186 80185 80184 80183 80182 80181 80180 80179 80178 80177 80176 80175 80174 80173 80172 80171 80170 80169 80168 80167 80166 80165 80164 80163 80162 80161 80160 80159 80158 80157 80156 80155 80154 80153 80152 80151 80150 80149 80148 80147 80146 80145 80144 80143 80142 80141 80140 80139 80138 80137 80136 80135 80134 80133 80132 80131 80130 80129 80128 80127 80126 80125 80124 80123 80122 80121 80120 80119 80118 80117 80116 80115 80114 80113 80112 80111 80110 80109 80108 80107 80106 80105 80104 80103 80102 80101 80100 80099 80098 80097 80096 80095 80094 80093 80092 80091 80090 80089 80088 80087 80086 80085 80084 80083 80082 80081 80080 80079 80078 80077 80076 80075 80074 80073 80072 80071 80070 80069 80068 80067 80066 80065 80064 80063 80062 80061 80060 80059 80058 80057 80056 80055 80054 80053 80052 80051 80050 80049 80048 80047 80046 80045 80044 80043 80042 80041 80040 80039 80038 80037 80036 80035 80034 80033 80032 80031 80030 80029 80028 80027 80026 80025 80024 80023 80022 80021 80020 80019 80018 80017 80016 80015 80014 80013 80012 80011 80010 80009 80008 80007 80006 80005 80004 80003 80002 80001 80000 79999 79998 79997 79996 79995 79994 79993 79992 79991 79990 79989 79988 79987 79986 79985 79984 79983 79982 79981 79980 79979 79978 79977 79976 79975 79974 79973 79972 79971 79970 79969 79968 79967 79966 79965 79964 79963 79962 79961 79960 79959 79958 79957 79956 79955 79954 79953 79952 79951 79950 79949 79948 79947 79946 79945 79944 79943 79942 79941 79940 79939 79938 79937 79936 79935 79934 79933 79932 79931 79930 79929 79928 79927 79926 79925 79924 79923 79922 79921 79920 79919 79918 79917 79916 79915 79914 79913 79912 79911 79910 79909 79908 79907 79906 79905 79904 79903 79902 79901 79900 79899 79898 79897 79896 79895 79894 79893 79892 79891 79890 79889 79888 79887 79886 79885 79884 79883 79882 79881 79880 79879 79878 79877 79876 79875 79874 79873 79872 79871 79870 79869 79868 79867 79866 79865 79864 79863 79862 79861 79860 79859 79858 79857 79856 79855 79854 79853 79852 79851 79850 79849 79848 79847 79846 79845 79844 79843 79842 79841 79840 79839 79838 79837 79836 79835 79834 79833 79832 79831 79830 79829 79828 79827 79826 79825 79824 79823 79822 79821 79820 79819 79818 79817 79816 79815 79814 79813 79812 79811 79810 79809 79808 79807 79806 79805 79804 79803 79802 79801 79800 79799 79798 79797 79796 79795 79794 79793 79792 79791 79790 79789 79788 79787 79786 79785 79784 79783 79782 79781 79780 79779 79778 79777 79776 79775 79774 79773 79772 79771 79770 79769 79768 79767 79766 79765 79764 79763 79762 79761 79760 79759 79758 79757 79756 79755 79754 79753 79752 79751 79750 79749 79748 79747 79746 79745 79744 79743 79742 79741 79740 79739 79738 79737 79736 79735 79734 79733 79732 79731 79730 79729 79728 79727 79726 79725 79724 79723 79722 79721 79720 79719 79718 79717 79716 79715 79714 79713 79712 79711 79710 79709 79708 79707 79706 79705 79704 79703 79702 79701 79700 79699 79698 79697 79696 79695 79694 79693 79692 79691 79690 79689 79688 79687 79686 79685 79684 79683 79682 79681 79680 79679 79678 79677 79676 79675 79674 79673 79672 79671 79670 79669 79668 79667 79666 79665 79664 79663 79662 79661 79660 79659 79658 79657 79656 79655 79654 79653 79652 79651 79650 79649 79648 79647 79646 79645 79644 79643 79642 79641 79640 79639 79638 79637 79636 79635 79634 79633 79632 79631 79630 79629 79628 79627 79626 79625 79624 79623 79622 79621 79620 79619 79618 79617 79616 79615 79614 79613 79612 79611 79610 79609 79608 79607 79606 79605 79604 79603 79602 79601 79600 79599 79598 79597 79596 79595 79594 79593 79592 79591 79590 79589 79588 79587 79586 79585 79584 79583 79582 79581 79580 79579 79578 79577 79576 79575 79574 79573 79572 79571 79570 79569 79568 79567 79566 79565 79564 79563 79562 79561 79560 79559 79558 79557 79556 79555 79554 79553 79552 79551 79550 79549 79548 79547 79546 79545 79544 79543 79542 79541 79540 79539 79538 79537 79536 79535 79534 79533 79532 79531 79530 79529 79528 79527 79526 79525 79524 79523 79522 79521 79520 79519 79518 79517 79516 79515 79514 79513 79512 79511 79510 79509 79508 79507 79506 79505 79504 79503 79502 79501 79500 79499 79498 79497 79496 79495 79494 79493 79492 79491 79490 79489 79488 79487 79486 79485 79484 79483 79482 79481 79480 79479 79478 79477 79476 79475 79474 79473 79472 79471 79470 79469 79468 79467 79466 79465 79464 79463 79462 79461 79460 79459 79458 79457 79456 79455 79454 79453 79452 79451 79450 79449 79448 79447 79446 79445 79444 79443 79442 79441 79440 79439 79438 79437 79436 79435 79434 79433 79432 79431 79430 79429 79428 79427 79426 79425 79424 79423 79422 79421 79420 79419 79418 79417 79416 79415 79414 79413 79412 79411 79410 79409 79408 79407 79406 79405 79404 79403 79402 79401 79400 79399 79398 79397 79396 79395 79394 79393 79392 79391 79390 79389 79388 79387 79386 79385 79384 79383 79382 79381 79380 79379 79378 79377 79376 79375 79374 79373 79372 79371 79370 79369 79368 79367 79366 79365 79364 79363 79362 79361 79360 79359 79358 79357 79356 79355 79354 79353 79352 79351 79350 79349 79348 79347 79346 79345 79344 79343 79342 79341 79340 79339 79338 79337 79336 79335 79334 79333 79332 79331 79330 79329 79328 79327 79326 79325 79324 79323 79322 79321 79320 79319 79318 79317 79316 79315 79314 79313 79312 79311 79310 79309 79308 79307 79306 79305 79304 79303 79302 79301 79300 79299 79298 79297 79296 79295 79294 79293 79292 79291 79290 79289 79288 79287 79286 79285 79284 79283 79282 79281 79280 79279 79278 79277 79276 79275 79274 79273 79272 79271 79270 79269 79268 79267 79266 79265 79264 79263 79262 79261 79260 79259 79258 79257 79256 79255 79254 79253 79252 79251 79250 79249 79248 79247 79246 79245 79244 79243 79242 79241 79240 79239 79238 79237 79236 79235 79234 79233 79232 79231 79230 79229 79228 79227 79226 79225 79224 79223 79222 79221 79220 79219 79218 79217 79216 79215 79214 79213 79212 79211 79210 79209 79208 79207 79206 79205 79204 79203 79202 79201 79200 79199 79198 79197 79196 79195 79194 79193 79192 79191 79190 79189 79188 79187 79186 79185 79184 79183 79182 79181 79180 79179 79178 79177 79176 79175 79174 79173 79172 79171 79170 79169 79168 79167 79166 79165 79164 79163 79162 79161 79160 79159 79158 79157 79156 79155 79154 79153 79152 79151 79150 79149 79148 79147 79146 79145 79144 79143 79142 79141 79140 79139 79138 79137 79136 79135 79134 79133 79132 79131 79130 79129 79128 79127 79126 79125 79124 79123 79122 79121 79120 79119 79118 79117 79116 79115 79114 79113 79112 79111 79110 79109 79108 79107 79106 79105 79104 79103 79102 79101 79100 79099 79098 79097 79096 79095 79094 79093 79092 79091 79090 79089 79088 79087 79086 79085 79084 79083 79082 79081 79080 79079 79078 79077 79076 79075 79074 79073 79072 79071 79070 79069 79068 79067 79066 79065 79064 79063 79062 79061 79060 79059 79058 79057 79056 79055 79054 79053 79052 79051 79050 79049 79048 79047 79046 79045 79044 79043 79042 79041 79040 79039 79038 79037 79036 79035 79034 79033 79032 79031 79030 79029 79028 79027 79026 79025 79024 79023 79022 79021 79020 79019 79018 79017 79016 79015 79014 79013 79012 79011 79010 79009 79008 79007 79006 79005 79004 79003 79002 79001 79000 78999 78998 78997 78996 78995 78994 78993 78992 78991 78990 78989 78988 78987 78986 78985 78984 78983 78982 78981 78980 78979 78978 78977 78976 78975 78974 78973 78972 78971 78970 78969 78968 78967 78966 78965 78964 78963 78962 78961 78960 78959 78958 78957 78956 78955 78954 78953 78952 78951 78950 78949 78948 78947 78946 78945 78944 78943 78942 78941 78940 78939 78938 78937 78936 78935 78934 78933 78932 78931 78930 78929 78928 78927 78926 78925 78924 78923 78922 78921 78920 78919 78918 78917 78916 78915 78914 78913 78912 78911 78910 78909 78908 78907 78906 78905 78904 78903 78902 78901 78900 78899 78898 78897 78896 78895 78894 78893 78892 78891 78890 78889 78888 78887 78886 78885 78884 78883 78882 78881 78880 78879 78878 78877 78876 78875 78874 78873 78872 78871 78870 78869 78868 78867 78866 78865 78864 78863 78862 78861 78860 78859 78858 78857 78856 78855 78854 78853 78852 78851 78850 78849 78848 78847 78846 78845 78844 78843 78842 78841 78840 78839 78838 78837 78836 78835 78834 78833 78832 78831 78830 78829 78828 78827 78826 78825 78824 78823 78822 78821 78820 78819 78818 78817 78816 78815 78814 78813 78812 78811 78810 78809 78808 78807 78806 78805 78804 78803 78802 78801 78800 78799 78798 78797 78796 78795 78794 78793 78792 78791 78790 78789 78788 78787 78786 78785 78784 78783 78782 78781 78780 78779 78778 78777 78776 78775 78774 78773 78772 78771 78770 78769 78768 78767 78766 78765 78764 78763 78762 78761 78760 78759 78758 78757 78756 78755 78754 78753 78752 78751 78750 78749 78748 78747 78746 78745 78744 78743 78742 78741 78740 78739 78738 78737 78736 78735 78734 78733 78732 78731 78730 78729 78728 78727 78726 78725 78724 78723 78722 78721 78720 78719 78718 78717 78716 78715 78714 78713 78712 78711 78710 78709 78708 78707 78706 78705 78704 78703 78702 78701 78700 78699 78698 78697 78696 78695 78694 78693 78692 78691 78690 78689 78688 78687 78686 78685 78684 78683 78682 78681 78680 78679 78678 78677 78676 78675 78674 78673 78672 78671 78670 78669 78668 78667 78666 78665 78664 78663 78662 78661 78660 78659 78658 78657 78656 78655 78654 78653 78652 78651 78650 78649 78648 78647 78646 78645 78644 78643 78642 78641 78640 78639 78638 78637 78636 78635 78634 78633 78632 78631 78630 78629 78628 78627 78626 78625 78624 78623 78622 78621 78620 78619 78618 78617 78616 78615 78614 78613 78612 78611 78610 78609 78608 78607 78606 78605 78604 78603 78602 78601 78600 78599 78598 78597 78596 78595 78594 78593 78592 78591 78590 78589 78588 78587 78586 78585 78584 78583 78582 78581 78580 78579 78578 78577 78576 78575 78574 78573 78572 78571 78570 78569 78568 78567 78566 78565 78564 78563 78562 78561 78560 78559 78558 78557 78556 78555 78554 78553 78552 78551 78550 78549 78548 78547 78546 78545 78544 78543 78542 78541 78540 78539 78538 78537 78536 78535 78534 78533 78532 78531 78530 78529 78528 78527 78526 78525 78524 78523 78522 78521 78520 78519 78518 78517 78516 78515 78514 78513 78512 78511 78510 78509 78508 78507 78506 78505 78504 78503 78502 78501 78500 78499 78498 78497 78496 78495 78494 78493 78492 78491 78490 78489 78488 78487 78486 78485 78484 78483 78482 78481 78480 78479 78478 78477 78476 78475 78474 78473 78472 78471 78470 78469 78468 78467 78466 78465 78464 78463 78462 78461 78460 78459 78458 78457 78456 78455 78454 78453 78452 78451 78450 78449 78448 78447 78446 78445 78444 78443 78442 78441 78440 78439 78438 78437 78436 78435 78434 78433 78432 78431 78430 78429 78428 78427 78426 78425 78424 78423 78422 78421 78420 78419 78418 78417 78416 78415 78414 78413 78412 78411 78410 78409 78408 78407 78406 78405 78404 78403 78402 78401 78400 78399 78398 78397 78396 78395 78394 78393 78392 78391 78390 78389 78388 78387 78386 78385 78384 78383 78382 78381 78380 78379 78378 78377 78376 78375 78374 78373 78372 78371 78370 78369 78368 78367 78366 78365 78364 78363 78362 78361 78360 78359 78358 78357 78356 78355 78354 78353 78352 78351 78350 78349 78348 78347 78346 78345 78344 78343 78342 78341 78340 78339 78338 78337 78336 78335 78334 78333 78332 78331 78330 78329 78328 78327 78326 78325 78324 78323 78322 78321 78320 78319 78318 78317 78316 78315 78314 78313 78312 78311 78310 78309 78308 78307 78306 78305 78304 78303 78302 78301 78300 78299 78298 78297 78296 78295 78294 78293 78292 78291 78290 78289 78288 78287 78286 78285 78284 78283 78282 78281 78280 78279 78278 78277 78276 78275 78274 78273 78272 78271 78270 78269 78268 78267 78266 78265 78264 78263 78262 78261 78260 78259 78258 78257 78256 78255 78254 78253 78252 78251 78250 78249 78248 78247 78246 78245 78244 78243 78242 78241 78240 78239 78238 78237 78236 78235 78234 78233 78232 78231 78230 78229 78228 78227 78226 78225 78224 78223 78222 78221 78220 78219 78218 78217 78216 78215 78214 78213 78212 78211 78210 78209 78208 78207 78206 78205 78204 78203 78202 78201 78200 78199 78198 78197 78196 78195 78194 78193 78192 78191 78190 78189 78188 78187 78186 78185 78184 78183 78182 78181 78180 78179 78178 78177 78176 78175 78174 78173 78172 78171 78170 78169 78168 78167 78166 78165 78164 78163 78162 78161 78160 78159 78158 78157 78156 78155 78154 78153 78152 78151 78150 78149 78148 78147 78146 78145 78144 78143 78142 78141 78140 78139 78138 78137 78136 78135 78134 78133 78132 78131 78130 78129 78128 78127 78126 78125 78124 78123 78122 78121 78120 78119 78118 78117 78116 78115 78114 78113 78112 78111 78110 78109 78108 78107 78106 78105 78104 78103 78102 78101 78100 78099 78098 78097 78096 78095 78094 78093 78092 78091 78090 78089 78088 78087 78086 78085 78084 78083 78082 78081 78080 78079 78078 78077 78076 78075 78074 78073 78072 78071 78070 78069 78068 78067 78066 78065 78064 78063 78062 78061 78060 78059 78058 78057 78056 78055 78054 78053 78052 78051 78050 78049 78048 78047 78046 78045 78044 78043 78042 78041 78040 78039 78038 78037 78036 78035 78034 78033 78032 78031 78030 78029 78028 78027 78026 78025 78024 78023 78022 78021 78020 78019 78018 78017 78016 78015 78014 78013 78012 78011 78010 78009 78008 78007 78006 78005 78004 78003 78002 78001 78000 77999 77998 77997 77996 77995 77994 77993 77992 77991 77990 77989 77988 77987 77986 77985 77984 77983 77982 77981 77980 77979 77978 77977 77976 77975 77974 77973 77972 77971 77970 77969 77968 77967 77966 77965 77964 77963 77962 77961 77960 77959 77958 77957 77956 77955 77954 77953 77952 77951 77950 77949 77948 77947 77946 77945 77944 77943 77942 77941 77940 77939 77938 77937 77936 77935 77934 77933 77932 77931 77930 77929 77928 77927 77926 77925 77924 77923 77922 77921 77920 77919 77918 77917 77916 77915 77914 77913 77912 77911 77910 77909 77908 77907 77906 77905 77904 77903 77902 77901 77900 77899 77898 77897 77896 77895 77894 77893 77892 77891 77890 77889 77888 77887 77886 77885 77884 77883 77882 77881 77880 77879 77878 77877 77876 77875 77874 77873 77872 77871 77870 77869 77868 77867 77866 77865 77864 77863 77862 77861 77860 77859 77858 77857 77856 77855 77854 77853 77852 77851 77850 77849 77848 77847 77846 77845 77844 77843 77842 77841 77840 77839 77838 77837 77836 77835 77834 77833 77832 77831 77830 77829 77828 77827 77826 77825 77824 77823 77822 77821 77820 77819 77818 77817 77816 77815 77814 77813 77812 77811 77810 77809 77808 77807 77806 77805 77804 77803 77802 77801 77800 77799 77798 77797 77796 77795 77794 77793 77792 77791 77790 77789 77788 77787 77786 77785 77784 77783 77782 77781 77780 77779 77778 77777 77776 77775 77774 77773 77772 77771 77770 77769 77768 77767 77766 77765 77764 77763 77762 77761 77760 77759 77758 77757 77756 77755 77754 77753 77752 77751 77750 77749 77748 77747 77746 77745 77744 77743 77742 77741 77740 77739 77738 77737 77736 77735 77734 77733 77732 77731 77730 77729 77728 77727 77726 77725 77724 77723 77722 77721 77720 77719 77718 77717 77716 77715 77714 77713 77712 77711 77710 77709 77708 77707 77706 77705 77704 77703 77702 77701 77700 77699 77698 77697 77696 77695 77694 77693 77692 77691 77690 77689 77688 77687 77686 77685 77684 77683 77682 77681 77680 77679 77678 77677 77676 77675 77674 77673 77672 77671 77670 77669 77668 77667 77666 77665 77664 77663 77662 77661 77660 77659 77658 77657 77656 77655 77654 77653 77652 77651 77650 77649 77648 77647 77646 77645 77644 77643 77642 77641 77640 77639 77638 77637 77636 77635 77634 77633 77632 77631 77630 77629 77628 77627 77626 77625 77624 77623 77622 77621 77620 77619 77618 77617 77616 77615 77614 77613 77612 77611 77610 77609 77608 77607 77606 77605 77604 77603 77602 77601 77600 77599 77598 77597 77596 77595 77594 77593 77592 77591 77590 77589 77588 77587 77586 77585 77584 77583 77582 77581 77580 77579 77578 77577 77576 77575 77574 77573 77572 77571 77570 77569 77568 77567 77566 77565 77564 77563 77562 77561 77560 77559 77558 77557 77556 77555 77554 77553 77552 77551 77550 77549 77548 77547 77546 77545 77544 77543 77542 77541 77540 77539 77538 77537 77536 77535 77534 77533 77532 77531 77530 77529 77528 77527 77526 77525 77524 77523 77522 77521 77520 77519 77518 77517 77516 77515 77514 77513 77512 77511 77510 77509 77508 77507 77506 77505 77504 77503 77502 77501 77500 77499 77498 77497 77496 77495 77494 77493 77492 77491 77490 77489 77488 77487 77486 77485 77484 77483 77482 77481 77480 77479 77478 77477 77476 77475 77474 77473 77472 77471 77470 77469 77468 77467 77466 77465 77464 77463 77462 77461 77460 77459 77458 77457 77456 77455 77454 77453 77452 77451 77450 77449 77448 77447 77446 77445 77444 77443 77442 77441 77440 77439 77438 77437 77436 77435 77434 77433 77432 77431 77430 77429 77428 77427 77426 77425 77424 77423 77422 77421 77420 77419 77418 77417 77416 77415 77414 77413 77412 77411 77410 77409 77408 77407 77406 77405 77404 77403 77402 77401 77400 77399 77398 77397 77396 77395 77394 77393 77392 77391 77390 77389 77388 77387 77386 77385 77384 77383 77382 77381 77380 77379 77378 77377 77376 77375 77374 77373 77372 77371 77370 77369 77368 77367 77366 77365 77364 77363 77362 77361 77360 77359 77358 77357 77356 77355 77354 77353 77352 77351 77350 77349 77348 77347 77346 77345 77344 77343 77342 77341 77340 77339 77338 77337 77336 77335 77334 77333 77332 77331 77330 77329 77328 77327 77326 77325 77324 77323 77322 77321 77320 77319 77318 77317 77316 77315 77314 77313 77312 77311 77310 77309 77308 77307 77306 77305 77304 77303 77302 77301 77300 77299 77298 77297 77296 77295 77294 77293 77292 77291 77290 77289 77288 77287 77286 77285 77284 77283 77282 77281 77280 77279 77278 77277 77276 77275 77274 77273 77272 77271 77270 77269 77268 77267 77266 77265 77264 77263 77262 77261 77260 77259 77258 77257 77256 77255 77254 77253 77252 77251 77250 77249 77248 77247 77246 77245 77244 77243 77242 77241 77240 77239 77238 77237 77236 77235 77234 77233 77232 77231 77230 77229 77228 77227 77226 77225 77224 77223 77222 77221 77220 77219 77218 77217 77216 77215 77214 77213 77212 77211 77210 77209 77208 77207 77206 77205 77204 77203 77202 77201 77200 77199 77198 77197 77196 77195 77194 77193 77192 77191 77190 77189 77188 77187 77186 77185 77184 77183 77182 77181 77180 77179 77178 77177 77176 77175 77174 77173 77172 77171 77170 77169 77168 77167 77166 77165 77164 77163 77162 77161 77160 77159 77158 77157 77156 77155 77154 77153 77152 77151 77150 77149 77148 77147 77146 77145 77144 77143 77142 77141 77140 77139 77138 77137 77136 77135 77134 77133 77132 77131 77130 77129 77128 77127 77126 77125 77124 77123 77122 77121 77120 77119 77118 77117 77116 77115 77114 77113 77112 77111 77110 77109 77108 77107 77106 77105 77104 77103 77102 77101 77100 77099 77098 77097 77096 77095 77094 77093 77092 77091 77090 77089 77088 77087 77086 77085 77084 77083 77082 77081 77080 77079 77078 77077 77076 77075 77074 77073 77072 77071 77070 77069 77068 77067 77066 77065 77064 77063 77062 77061 77060 77059 77058 77057 77056 77055 77054 77053 77052 77051 77050 77049 77048 77047 77046 77045 77044 77043 77042 77041 77040 77039 77038 77037 77036 77035 77034 77033 77032 77031 77030 77029 77028 77027 77026 77025 77024 77023 77022 77021 77020 77019 77018 77017 77016 77015 77014 77013 77012 77011 77010 77009 77008 77007 77006 77005 77004 77003 77002 77001 77000 76999 76998 76997 76996 76995 76994 76993 76992 76991 76990 76989 76988 76987 76986 76985 76984 76983 76982 76981 76980 76979 76978 76977 76976 76975 76974 76973 76972 76971 76970 76969 76968 76967 76966 76965 76964 76963 76962 76961 76960 76959 76958 76957 76956 76955 76954 76953 76952 76951 76950 76949 76948 76947 76946 76945 76944 76943 76942 76941 76940 76939 76938 76937 76936 76935 76934 76933 76932 76931 76930 76929 76928 76927 76926 76925 76924 76923 76922 76921 76920 76919 76918 76917 76916 76915 76914 76913 76912 76911 76910 76909 76908 76907 76906 76905 76904 76903 76902 76901 76900 76899 76898 76897 76896 76895 76894 76893 76892 76891 76890 76889 76888 76887 76886 76885 76884 76883 76882 76881 76880 76879 76878 76877 76876 76875 76874 76873 76872 76871 76870 76869 76868 76867 76866 76865 76864 76863 76862 76861 76860 76859 76858 76857 76856 76855 76854 76853 76852 76851 76850 76849 76848 76847 76846 76845 76844 76843 76842 76841 76840 76839 76838 76837 76836 76835 76834 76833 76832 76831 76830 76829 76828 76827 76826 76825 76824 76823 76822 76821 76820 76819 76818 76817 76816 76815 76814 76813 76812 76811 76810 76809 76808 76807 76806 76805 76804 76803 76802 76801 76800 76799 76798 76797 76796 76795 76794 76793 76792 76791 76790 76789 76788 76787 76786 76785 76784 76783 76782 76781 76780 76779 76778 76777 76776 76775 76774 76773 76772 76771 76770 76769 76768 76767 76766 76765 76764 76763 76762 76761 76760 76759 76758 76757 76756 76755 76754 76753 76752 76751 76750 76749 76748 76747 76746 76745 76744 76743 76742 76741 76740 76739 76738 76737 76736 76735 76734 76733 76732 76731 76730 76729 76728 76727 76726 76725 76724 76723 76722 76721 76720 76719 76718 76717 76716 76715 76714 76713 76712 76711 76710 76709 76708 76707 76706 76705 76704 76703 76702 76701 76700 76699 76698 76697 76696 76695 76694 76693 76692 76691 76690 76689 76688 76687 76686 76685 76684 76683 76682 76681 76680 76679 76678 76677 76676 76675 76674 76673 76672 76671 76670 76669 76668 76667 76666 76665 76664 76663 76662 76661 76660 76659 76658 76657 76656 76655 76654 76653 76652 76651 76650 76649 76648 76647 76646 76645 76644 76643 76642 76641 76640 76639 76638 76637 76636 76635 76634 76633 76632 76631 76630 76629 76628 76627 76626 76625 76624 76623 76622 76621 76620 76619 76618 76617 76616 76615 76614 76613 76612 76611 76610 76609 76608 76607 76606 76605 76604 76603 76602 76601 76600 76599 76598 76597 76596 76595 76594 76593 76592 76591 76590 76589 76588 76587 76586 76585 76584 76583 76582 76581 76580 76579 76578 76577 76576 76575 76574 76573 76572 76571 76570 76569 76568 76567 76566 76565 76564 76563 76562 76561 76560 76559 76558 76557 76556 76555 76554 76553 76552 76551 76550 76549 76548 76547 76546 76545 76544 76543 76542 76541 76540 76539 76538 76537 76536 76535 76534 76533 76532 76531 76530 76529 76528 76527 76526 76525 76524 76523 76522 76521 76520 76519 76518 76517 76516 76515 76514 76513 76512 76511 76510 76509 76508 76507 76506 76505 76504 76503 76502 76501 76500 76499 76498 76497 76496 76495 76494 76493 76492 76491 76490 76489 76488 76487 76486 76485 76484 76483 76482 76481 76480 76479 76478 76477 76476 76475 76474 76473 76472 76471 76470 76469 76468 76467 76466 76465 76464 76463 76462 76461 76460 76459 76458 76457 76456 76455 76454 76453 76452 76451 76450 76449 76448 76447 76446 76445 76444 76443 76442 76441 76440 76439 76438 76437 76436 76435 76434 76433 76432 76431 76430 76429 76428 76427 76426 76425 76424 76423 76422 76421 76420 76419 76418 76417 76416 76415 76414 76413 76412 76411 76410 76409 76408 76407 76406 76405 76404 76403 76402 76401 76400 76399 76398 76397 76396 76395 76394 76393 76392 76391 76390 76389 76388 76387 76386 76385 76384 76383 76382 76381 76380 76379 76378 76377 76376 76375 76374 76373 76372 76371 76370 76369 76368 76367 76366 76365 76364 76363 76362 76361 76360 76359 76358 76357 76356 76355 76354 76353 76352 76351 76350 76349 76348 76347 76346 76345 76344 76343 76342 76341 76340 76339 76338 76337 76336 76335 76334 76333 76332 76331 76330 76329 76328 76327 76326 76325 76324 76323 76322 76321 76320 76319 76318 76317 76316 76315 76314 76313 76312 76311 76310 76309 76308 76307 76306 76305 76304 76303 76302 76301 76300 76299 76298 76297 76296 76295 76294 76293 76292 76291 76290 76289 76288 76287 76286 76285 76284 76283 76282 76281 76280 76279 76278 76277 76276 76275 76274 76273 76272 76271 76270 76269 76268 76267 76266 76265 76264 76263 76262 76261 76260 76259 76258 76257 76256 76255 76254 76253 76252 76251 76250 76249 76248 76247 76246 76245 76244 76243 76242 76241 76240 76239 76238 76237 76236 76235 76234 76233 76232 76231 76230 76229 76228 76227 76226 76225 76224 76223 76222 76221 76220 76219 76218 76217 76216 76215 76214 76213 76212 76211 76210 76209 76208 76207 76206 76205 76204 76203 76202 76201 76200 76199 76198 76197 76196 76195 76194 76193 76192 76191 76190 76189 76188 76187 76186 76185 76184 76183 76182 76181 76180 76179 76178 76177 76176 76175 76174 76173 76172 76171 76170 76169 76168 76167 76166 76165 76164 76163 76162 76161 76160 76159 76158 76157 76156 76155 76154 76153 76152 76151 76150 76149 76148 76147 76146 76145 76144 76143 76142 76141 76140 76139 76138 76137 76136 76135 76134 76133 76132 76131 76130 76129 76128 76127 76126 76125 76124 76123 76122 76121 76120 76119 76118 76117 76116 76115 76114 76113 76112 76111 76110 76109 76108 76107 76106 76105 76104 76103 76102 76101 76100 76099 76098 76097 76096 76095 76094 76093 76092 76091 76090 76089 76088 76087 76086 76085 76084 76083 76082 76081 76080 76079 76078 76077 76076 76075 76074 76073 76072 76071 76070 76069 76068 76067 76066 76065 76064 76063 76062 76061 76060 76059 76058 76057 76056 76055 76054 76053 76052 76051 76050 76049 76048 76047 76046 76045 76044 76043 76042 76041 76040 76039 76038 76037 76036 76035 76034 76033 76032 76031 76030 76029 76028 76027 76026 76025 76024 76023 76022 76021 76020 76019 76018 76017 76016 76015 76014 76013 76012 76011 76010 76009 76008 76007 76006 76005 76004 76003 76002 76001 76000 75999 75998 75997 75996 75995 75994 75993 75992 75991 75990 75989 75988 75987 75986 75985 75984 75983 75982 75981 75980 75979 75978 75977 75976 75975 75974 75973 75972 75971 75970 75969 75968 75967 75966 75965 75964 75963 75962 75961 75960 75959 75958 75957 75956 75955 75954 75953 75952 75951 75950 75949 75948 75947 75946 75945 75944 75943 75942 75941 75940 75939 75938 75937 75936 75935 75934 75933 75932 75931 75930 75929 75928 75927 75926 75925 75924 75923 75922 75921 75920 75919 75918 75917 75916 75915 75914 75913 75912 75911 75910 75909 75908 75907 75906 75905 75904 75903 75902 75901 75900 75899 75898 75897 75896 75895 75894 75893 75892 75891 75890 75889 75888 75887 75886 75885 75884 75883 75882 75881 75880 75879 75878 75877 75876 75875 75874 75873 75872 75871 75870 75869 75868 75867 75866 75865 75864 75863 75862 75861 75860 75859 75858 75857 75856 75855 75854 75853 75852 75851 75850 75849 75848 75847 75846 75845 75844 75843 75842 75841 75840 75839 75838 75837 75836 75835 75834 75833 75832 75831 75830 75829 75828 75827 75826 75825 75824 75823 75822 75821 75820 75819 75818 75817 75816 75815 75814 75813 75812 75811 75810 75809 75808 75807 75806 75805 75804 75803 75802 75801 75800 75799 75798 75797 75796 75795 75794 75793 75792 75791 75790 75789 75788 75787 75786 75785 75784 75783 75782 75781 75780 75779 75778 75777 75776 75775 75774 75773 75772 75771 75770 75769 75768 75767 75766 75765 75764 75763 75762 75761 75760 75759 75758 75757 75756 75755 75754 75753 75752 75751 75750 75749 75748 75747 75746 75745 75744 75743 75742 75741 75740 75739 75738 75737 75736 75735 75734 75733 75732 75731 75730 75729 75728 75727 75726 75725 75724 75723 75722 75721 75720 75719 75718 75717 75716 75715 75714 75713 75712 75711 75710 75709 75708 75707 75706 75705 75704 75703 75702 75701 75700 75699 75698 75697 75696 75695 75694 75693 75692 75691 75690 75689 75688 75687 75686 75685 75684 75683 75682 75681 75680 75679 75678 75677 75676 75675 75674 75673 75672 75671 75670 75669 75668 75667 75666 75665 75664 75663 75662 75661 75660 75659 75658 75657 75656 75655 75654 75653 75652 75651 75650 75649 75648 75647 75646 75645 75644 75643 75642 75641 75640 75639 75638 75637 75636 75635 75634 75633 75632 75631 75630 75629 75628 75627 75626 75625 75624 75623 75622 75621 75620 75619 75618 75617 75616 75615 75614 75613 75612 75611 75610 75609 75608 75607 75606 75605 75604 75603 75602 75601 75600 75599 75598 75597 75596 75595 75594 75593 75592 75591 75590 75589 75588 75587 75586 75585 75584 75583 75582 75581 75580 75579 75578 75577 75576 75575 75574 75573 75572 75571 75570 75569 75568 75567 75566 75565 75564 75563 75562 75561 75560 75559 75558 75557 75556 75555 75554 75553 75552 75551 75550 75549 75548 75547 75546 75545 75544 75543 75542 75541 75540 75539 75538 75537 75536 75535 75534 75533 75532 75531 75530 75529 75528 75527 75526 75525 75524 75523 75522 75521 75520 75519 75518 75517 75516 75515 75514 75513 75512 75511 75510 75509 75508 75507 75506 75505 75504 75503 75502 75501 75500 75499 75498 75497 75496 75495 75494 75493 75492 75491 75490 75489 75488 75487 75486 75485 75484 75483 75482 75481 75480 75479 75478 75477 75476 75475 75474 75473 75472 75471 75470 75469 75468 75467 75466 75465 75464 75463 75462 75461 75460 75459 75458 75457 75456 75455 75454 75453 75452 75451 75450 75449 75448 75447 75446 75445 75444 75443 75442 75441 75440 75439 75438 75437 75436 75435 75434 75433 75432 75431 75430 75429 75428 75427 75426 75425 75424 75423 75422 75421 75420 75419 75418 75417 75416 75415 75414 75413 75412 75411 75410 75409 75408 75407 75406 75405 75404 75403 75402 75401 75400 75399 75398 75397 75396 75395 75394 75393 75392 75391 75390 75389 75388 75387 75386 75385 75384 75383 75382 75381 75380 75379 75378 75377 75376 75375 75374 75373 75372 75371 75370 75369 75368 75367 75366 75365 75364 75363 75362 75361 75360 75359 75358 75357 75356 75355 75354 75353 75352 75351 75350 75349 75348 75347 75346 75345 75344 75343 75342 75341 75340 75339 75338 75337 75336 75335 75334 75333 75332 75331 75330 75329 75328 75327 75326 75325 75324 75323 75322 75321 75320 75319 75318 75317 75316 75315 75314 75313 75312 75311 75310 75309 75308 75307 75306 75305 75304 75303 75302 75301 75300 75299 75298 75297 75296 75295 75294 75293 75292 75291 75290 75289 75288 75287 75286 75285 75284 75283 75282 75281 75280 75279 75278 75277 75276 75275 75274 75273 75272 75271 75270 75269 75268 75267 75266 75265 75264 75263 75262 75261 75260 75259 75258 75257 75256 75255 75254 75253 75252 75251 75250 75249 75248 75247 75246 75245 75244 75243 75242 75241 75240 75239 75238 75237 75236 75235 75234 75233 75232 75231 75230 75229 75228 75227 75226 75225 75224 75223 75222 75221 75220 75219 75218 75217 75216 75215 75214 75213 75212 75211 75210 75209 75208 75207 75206 75205 75204 75203 75202 75201 75200 75199 75198 75197 75196 75195 75194 75193 75192 75191 75190 75189 75188 75187 75186 75185 75184 75183 75182 75181 75180 75179 75178 75177 75176 75175 75174 75173 75172 75171 75170 75169 75168 75167 75166 75165 75164 75163 75162 75161 75160 75159 75158 75157 75156 75155 75154 75153 75152 75151 75150 75149 75148 75147 75146 75145 75144 75143 75142 75141 75140 75139 75138 75137 75136 75135 75134 75133 75132 75131 75130 75129 75128 75127 75126 75125 75124 75123 75122 75121 75120 75119 75118 75117 75116 75115 75114 75113 75112 75111 75110 75109 75108 75107 75106 75105 75104 75103 75102 75101 75100 75099 75098 75097 75096 75095 75094 75093 75092 75091 75090 75089 75088 75087 75086 75085 75084 75083 75082 75081 75080 75079 75078 75077 75076 75075 75074 75073 75072 75071 75070 75069 75068 75067 75066 75065 75064 75063 75062 75061 75060 75059 75058 75057 75056 75055 75054 75053 75052 75051 75050 75049 75048 75047 75046 75045 75044 75043 75042 75041 75040 75039 75038 75037 75036 75035 75034 75033 75032 75031 75030 75029 75028 75027 75026 75025 75024 75023 75022 75021 75020 75019 75018 75017 75016 75015 75014 75013 75012 75011 75010 75009 75008 75007 75006 75005 75004 75003 75002 75001 75000 74999 74998 74997 74996 74995 74994 74993 74992 74991 74990 74989 74988 74987 74986 74985 74984 74983 74982 74981 74980 74979 74978 74977 74976 74975 74974 74973 74972 74971 74970 74969 74968 74967 74966 74965 74964 74963 74962 74961 74960 74959 74958 74957 74956 74955 74954 74953 74952 74951 74950 74949 74948 74947 74946 74945 74944 74943 74942 74941 74940 74939 74938 74937 74936 74935 74934 74933 74932 74931 74930 74929 74928 74927 74926 74925 74924 74923 74922 74921 74920 74919 74918 74917 74916 74915 74914 74913 74912 74911 74910 74909 74908 74907 74906 74905 74904 74903 74902 74901 74900 74899 74898 74897 74896 74895 74894 74893 74892 74891 74890 74889 74888 74887 74886 74885 74884 74883 74882 74881 74880 74879 74878 74877 74876 74875 74874 74873 74872 74871 74870 74869 74868 74867 74866 74865 74864 74863 74862 74861 74860 74859 74858 74857 74856 74855 74854 74853 74852 74851 74850 74849 74848 74847 74846 74845 74844 74843 74842 74841 74840 74839 74838 74837 74836 74835 74834 74833 74832 74831 74830 74829 74828 74827 74826 74825 74824 74823 74822 74821 74820 74819 74818 74817 74816 74815 74814 74813 74812 74811 74810 74809 74808 74807 74806 74805 74804 74803 74802 74801 74800 74799 74798 74797 74796 74795 74794 74793 74792 74791 74790 74789 74788 74787 74786 74785 74784 74783 74782 74781 74780 74779 74778 74777 74776 74775 74774 74773 74772 74771 74770 74769 74768 74767 74766 74765 74764 74763 74762 74761 74760 74759 74758 74757 74756 74755 74754 74753 74752 74751 74750 74749 74748 74747 74746 74745 74744 74743 74742 74741 74740 74739 74738 74737 74736 74735 74734 74733 74732 74731 74730 74729 74728 74727 74726 74725 74724 74723 74722 74721 74720 74719 74718 74717 74716 74715 74714 74713 74712 74711 74710 74709 74708 74707 74706 74705 74704 74703 74702 74701 74700 74699 74698 74697 74696 74695 74694 74693 74692 74691 74690 74689 74688 74687 74686 74685 74684 74683 74682 74681 74680 74679 74678 74677 74676 74675 74674 74673 74672 74671 74670 74669 74668 74667 74666 74665 74664 74663 74662 74661 74660 74659 74658 74657 74656 74655 74654 74653 74652 74651 74650 74649 74648 74647 74646 74645 74644 74643 74642 74641 74640 74639 74638 74637 74636 74635 74634 74633 74632 74631 74630 74629 74628 74627 74626 74625 74624 74623 74622 74621 74620 74619 74618 74617 74616 74615 74614 74613 74612 74611 74610 74609 74608 74607 74606 74605 74604 74603 74602 74601 74600 74599 74598 74597 74596 74595 74594 74593 74592 74591 74590 74589 74588 74587 74586 74585 74584 74583 74582 74581 74580 74579 74578 74577 74576 74575 74574 74573 74572 74571 74570 74569 74568 74567 74566 74565 74564 74563 74562 74561 74560 74559 74558 74557 74556 74555 74554 74553 74552 74551 74550 74549 74548 74547 74546 74545 74544 74543 74542 74541 74540 74539 74538 74537 74536 74535 74534 74533 74532 74531 74530 74529 74528 74527 74526 74525 74524 74523 74522 74521 74520 74519 74518 74517 74516 74515 74514 74513 74512 74511 74510 74509 74508 74507 74506 74505 74504 74503 74502 74501 74500 74499 74498 74497 74496 74495 74494 74493 74492 74491 74490 74489 74488 74487 74486 74485 74484 74483 74482 74481 74480 74479 74478 74477 74476 74475 74474 74473 74472 74471 74470 74469 74468 74467 74466 74465 74464 74463 74462 74461 74460 74459 74458 74457 74456 74455 74454 74453 74452 74451 74450 74449 74448 74447 74446 74445 74444 74443 74442 74441 74440 74439 74438 74437 74436 74435 74434 74433 74432 74431 74430 74429 74428 74427 74426 74425 74424 74423 74422 74421 74420 74419 74418 74417 74416 74415 74414 74413 74412 74411 74410 74409 74408 74407 74406 74405 74404 74403 74402 74401 74400 74399 74398 74397 74396 74395 74394 74393 74392 74391 74390 74389 74388 74387 74386 74385 74384 74383 74382 74381 74380 74379 74378 74377 74376 74375 74374 74373 74372 74371 74370 74369 74368 74367 74366 74365 74364 74363 74362 74361 74360 74359 74358 74357 74356 74355 74354 74353 74352 74351 74350 74349 74348 74347 74346 74345 74344 74343 74342 74341 74340 74339 74338 74337 74336 74335 74334 74333 74332 74331 74330 74329 74328 74327 74326 74325 74324 74323 74322 74321 74320 74319 74318 74317 74316 74315 74314 74313 74312 74311 74310 74309 74308 74307 74306 74305 74304 74303 74302 74301 74300 74299 74298 74297 74296 74295 74294 74293 74292 74291 74290 74289 74288 74287 74286 74285 74284 74283 74282 74281 74280 74279 74278 74277 74276 74275 74274 74273 74272 74271 74270 74269 74268 74267 74266 74265 74264 74263 74262 74261 74260 74259 74258 74257 74256 74255 74254 74253 74252 74251 74250 74249 74248 74247 74246 74245 74244 74243 74242 74241 74240 74239 74238 74237 74236 74235 74234 74233 74232 74231 74230 74229 74228 74227 74226 74225 74224 74223 74222 74221 74220 74219 74218 74217 74216 74215 74214 74213 74212 74211 74210 74209 74208 74207 74206 74205 74204 74203 74202 74201 74200 74199 74198 74197 74196 74195 74194 74193 74192 74191 74190 74189 74188 74187 74186 74185 74184 74183 74182 74181 74180 74179 74178 74177 74176 74175 74174 74173 74172 74171 74170 74169 74168 74167 74166 74165 74164 74163 74162 74161 74160 74159 74158 74157 74156 74155 74154 74153 74152 74151 74150 74149 74148 74147 74146 74145 74144 74143 74142 74141 74140 74139 74138 74137 74136 74135 74134 74133 74132 74131 74130 74129 74128 74127 74126 74125 74124 74123 74122 74121 74120 74119 74118 74117 74116 74115 74114 74113 74112 74111 74110 74109 74108 74107 74106 74105 74104 74103 74102 74101 74100 74099 74098 74097 74096 74095 74094 74093 74092 74091 74090 74089 74088 74087 74086 74085 74084 74083 74082 74081 74080 74079 74078 74077 74076 74075 74074 74073 74072 74071 74070 74069 74068 74067 74066 74065 74064 74063 74062 74061 74060 74059 74058 74057 74056 74055 74054 74053 74052 74051 74050 74049 74048 74047 74046 74045 74044 74043 74042 74041 74040 74039 74038 74037 74036 74035 74034 74033 74032 74031 74030 74029 74028 74027 74026 74025 74024 74023 74022 74021 74020 74019 74018 74017 74016 74015 74014 74013 74012 74011 74010 74009 74008 74007 74006 74005 74004 74003 74002 74001 74000 73999 73998 73997 73996 73995 73994 73993 73992 73991 73990 73989 73988 73987 73986 73985 73984 73983 73982 73981 73980 73979 73978 73977 73976 73975 73974 73973 73972 73971 73970 73969 73968 73967 73966 73965 73964 73963 73962 73961 73960 73959 73958 73957 73956 73955 73954 73953 73952 73951 73950 73949 73948 73947 73946 73945 73944 73943 73942 73941 73940 73939 73938 73937 73936 73935 73934 73933 73932 73931 73930 73929 73928 73927 73926 73925 73924 73923 73922 73921 73920 73919 73918 73917 73916 73915 73914 73913 73912 73911 73910 73909 73908 73907 73906 73905 73904 73903 73902 73901 73900 73899 73898 73897 73896 73895 73894 73893 73892 73891 73890 73889 73888 73887 73886 73885 73884 73883 73882 73881 73880 73879 73878 73877 73876 73875 73874 73873 73872 73871 73870 73869 73868 73867 73866 73865 73864 73863 73862 73861 73860 73859 73858 73857 73856 73855 73854 73853 73852 73851 73850 73849 73848 73847 73846 73845 73844 73843 73842 73841 73840 73839 73838 73837 73836 73835 73834 73833 73832 73831 73830 73829 73828 73827 73826 73825 73824 73823 73822 73821 73820 73819 73818 73817 73816 73815 73814 73813 73812 73811 73810 73809 73808 73807 73806 73805 73804 73803 73802 73801 73800 73799 73798 73797 73796 73795 73794 73793 73792 73791 73790 73789 73788 73787 73786 73785 73784 73783 73782 73781 73780 73779 73778 73777 73776 73775 73774 73773 73772 73771 73770 73769 73768 73767 73766 73765 73764 73763 73762 73761 73760 73759 73758 73757 73756 73755 73754 73753 73752 73751 73750 73749 73748 73747 73746 73745 73744 73743 73742 73741 73740 73739 73738 73737 73736 73735 73734 73733 73732 73731 73730 73729 73728 73727 73726 73725 73724 73723 73722 73721 73720 73719 73718 73717 73716 73715 73714 73713 73712 73711 73710 73709 73708 73707 73706 73705 73704 73703 73702 73701 73700 73699 73698 73697 73696 73695 73694 73693 73692 73691 73690 73689 73688 73687 73686 73685 73684 73683 73682 73681 73680 73679 73678 73677 73676 73675 73674 73673 73672 73671 73670 73669 73668 73667 73666 73665 73664 73663 73662 73661 73660 73659 73658 73657 73656 73655 73654 73653 73652 73651 73650 73649 73648 73647 73646 73645 73644 73643 73642 73641 73640 73639 73638 73637 73636 73635 73634 73633 73632 73631 73630 73629 73628 73627 73626 73625 73624 73623 73622 73621 73620 73619 73618 73617 73616 73615 73614 73613 73612 73611 73610 73609 73608 73607 73606 73605 73604 73603 73602 73601 73600 73599 73598 73597 73596 73595 73594 73593 73592 73591 73590 73589 73588 73587 73586 73585 73584 73583 73582 73581 73580 73579 73578 73577 73576 73575 73574 73573 73572 73571 73570 73569 73568 73567 73566 73565 73564 73563 73562 73561 73560 73559 73558 73557 73556 73555 73554 73553 73552 73551 73550 73549 73548 73547 73546 73545 73544 73543 73542 73541 73540 73539 73538 73537 73536 73535 73534 73533 73532 73531 73530 73529 73528 73527 73526 73525 73524 73523 73522 73521 73520 73519 73518 73517 73516 73515 73514 73513 73512 73511 73510 73509 73508 73507 73506 73505 73504 73503 73502 73501 73500 73499 73498 73497 73496 73495 73494 73493 73492 73491 73490 73489 73488 73487 73486 73485 73484 73483 73482 73481 73480 73479 73478 73477 73476 73475 73474 73473 73472 73471 73470 73469 73468 73467 73466 73465 73464 73463 73462 73461 73460 73459 73458 73457 73456 73455 73454 73453 73452 73451 73450 73449 73448 73447 73446 73445 73444 73443 73442 73441 73440 73439 73438 73437 73436 73435 73434 73433 73432 73431 73430 73429 73428 73427 73426 73425 73424 73423 73422 73421 73420 73419 73418 73417 73416 73415 73414 73413 73412 73411 73410 73409 73408 73407 73406 73405 73404 73403 73402 73401 73400 73399 73398 73397 73396 73395 73394 73393 73392 73391 73390 73389 73388 73387 73386 73385 73384 73383 73382 73381 73380 73379 73378 73377 73376 73375 73374 73373 73372 73371 73370 73369 73368 73367 73366 73365 73364 73363 73362 73361 73360 73359 73358 73357 73356 73355 73354 73353 73352 73351 73350 73349 73348 73347 73346 73345 73344 73343 73342 73341 73340 73339 73338 73337 73336 73335 73334 73333 73332 73331 73330 73329 73328 73327 73326 73325 73324 73323 73322 73321 73320 73319 73318 73317 73316 73315 73314 73313 73312 73311 73310 73309 73308 73307 73306 73305 73304 73303 73302 73301 73300 73299 73298 73297 73296 73295 73294 73293 73292 73291 73290 73289 73288 73287 73286 73285 73284 73283 73282 73281 73280 73279 73278 73277 73276 73275 73274 73273 73272 73271 73270 73269 73268 73267 73266 73265 73264 73263 73262 73261 73260 73259 73258 73257 73256 73255 73254 73253 73252 73251 73250 73249 73248 73247 73246 73245 73244 73243 73242 73241 73240 73239 73238 73237 73236 73235 73234 73233 73232 73231 73230 73229 73228 73227 73226 73225 73224 73223 73222 73221 73220 73219 73218 73217 73216 73215 73214 73213 73212 73211 73210 73209 73208 73207 73206 73205 73204 73203 73202 73201 73200 73199 73198 73197 73196 73195 73194 73193 73192 73191 73190 73189 73188 73187 73186 73185 73184 73183 73182 73181 73180 73179 73178 73177 73176 73175 73174 73173 73172 73171 73170 73169 73168 73167 73166 73165 73164 73163 73162 73161 73160 73159 73158 73157 73156 73155 73154 73153 73152 73151 73150 73149 73148 73147 73146 73145 73144 73143 73142 73141 73140 73139 73138 73137 73136 73135 73134 73133 73132 73131 73130 73129 73128 73127 73126 73125 73124 73123 73122 73121 73120 73119 73118 73117 73116 73115 73114 73113 73112 73111 73110 73109 73108 73107 73106 73105 73104 73103 73102 73101 73100 73099 73098 73097 73096 73095 73094 73093 73092 73091 73090 73089 73088 73087 73086 73085 73084 73083 73082 73081 73080 73079 73078 73077 73076 73075 73074 73073 73072 73071 73070 73069 73068 73067 73066 73065 73064 73063 73062 73061 73060 73059 73058 73057 73056 73055 73054 73053 73052 73051 73050 73049 73048 73047 73046 73045 73044 73043 73042 73041 73040 73039 73038 73037 73036 73035 73034 73033 73032 73031 73030 73029 73028 73027 73026 73025 73024 73023 73022 73021 73020 73019 73018 73017 73016 73015 73014 73013 73012 73011 73010 73009 73008 73007 73006 73005 73004 73003 73002 73001 73000 72999 72998 72997 72996 72995 72994 72993 72992 72991 72990 72989 72988 72987 72986 72985 72984 72983 72982 72981 72980 72979 72978 72977 72976 72975 72974 72973 72972 72971 72970 72969 72968 72967 72966 72965 72964 72963 72962 72961 72960 72959 72958 72957 72956 72955 72954 72953 72952 72951 72950 72949 72948 72947 72946 72945 72944 72943 72942 72941 72940 72939 72938 72937 72936 72935 72934 72933 72932 72931 72930 72929 72928 72927 72926 72925 72924 72923 72922 72921 72920 72919 72918 72917 72916 72915 72914 72913 72912 72911 72910 72909 72908 72907 72906 72905 72904 72903 72902 72901 72900 72899 72898 72897 72896 72895 72894 72893 72892 72891 72890 72889 72888 72887 72886 72885 72884 72883 72882 72881 72880 72879 72878 72877 72876 72875 72874 72873 72872 72871 72870 72869 72868 72867 72866 72865 72864 72863 72862 72861 72860 72859 72858 72857 72856 72855 72854 72853 72852 72851 72850 72849 72848 72847 72846 72845 72844 72843 72842 72841 72840 72839 72838 72837 72836 72835 72834 72833 72832 72831 72830 72829 72828 72827 72826 72825 72824 72823 72822 72821 72820 72819 72818 72817 72816 72815 72814 72813 72812 72811 72810 72809 72808 72807 72806 72805 72804 72803 72802 72801 72800 72799 72798 72797 72796 72795 72794 72793 72792 72791 72790 72789 72788 72787 72786 72785 72784 72783 72782 72781 72780 72779 72778 72777 72776 72775 72774 72773 72772 72771 72770 72769 72768 72767 72766 72765 72764 72763 72762 72761 72760 72759 72758 72757 72756 72755 72754 72753 72752 72751 72750 72749 72748 72747 72746 72745 72744 72743 72742 72741 72740 72739 72738 72737 72736 72735 72734 72733 72732 72731 72730 72729 72728 72727 72726 72725 72724 72723 72722 72721 72720 72719 72718 72717 72716 72715 72714 72713 72712 72711 72710 72709 72708 72707 72706 72705 72704 72703 72702 72701 72700 72699 72698 72697 72696 72695 72694 72693 72692 72691 72690 72689 72688 72687 72686 72685 72684 72683 72682 72681 72680 72679 72678 72677 72676 72675 72674 72673 72672 72671 72670 72669 72668 72667 72666 72665 72664 72663 72662 72661 72660 72659 72658 72657 72656 72655 72654 72653 72652 72651 72650 72649 72648 72647 72646 72645 72644 72643 72642 72641 72640 72639 72638 72637 72636 72635 72634 72633 72632 72631 72630 72629 72628 72627 72626 72625 72624 72623 72622 72621 72620 72619 72618 72617 72616 72615 72614 72613 72612 72611 72610 72609 72608 72607 72606 72605 72604 72603 72602 72601 72600 72599 72598 72597 72596 72595 72594 72593 72592 72591 72590 72589 72588 72587 72586 72585 72584 72583 72582 72581 72580 72579 72578 72577 72576 72575 72574 72573 72572 72571 72570 72569 72568 72567 72566 72565 72564 72563 72562 72561 72560 72559 72558 72557 72556 72555 72554 72553 72552 72551 72550 72549 72548 72547 72546 72545 72544 72543 72542 72541 72540 72539 72538 72537 72536 72535 72534 72533 72532 72531 72530 72529 72528 72527 72526 72525 72524 72523 72522 72521 72520 72519 72518 72517 72516 72515 72514 72513 72512 72511 72510 72509 72508 72507 72506 72505 72504 72503 72502 72501 72500 72499 72498 72497 72496 72495 72494 72493 72492 72491 72490 72489 72488 72487 72486 72485 72484 72483 72482 72481 72480 72479 72478 72477 72476 72475 72474 72473 72472 72471 72470 72469 72468 72467 72466 72465 72464 72463 72462 72461 72460 72459 72458 72457 72456 72455 72454 72453 72452 72451 72450 72449 72448 72447 72446 72445 72444 72443 72442 72441 72440 72439 72438 72437 72436 72435 72434 72433 72432 72431 72430 72429 72428 72427 72426 72425 72424 72423 72422 72421 72420 72419 72418 72417 72416 72415 72414 72413 72412 72411 72410 72409 72408 72407 72406 72405 72404 72403 72402 72401 72400 72399 72398 72397 72396 72395 72394 72393 72392 72391 72390 72389 72388 72387 72386 72385 72384 72383 72382 72381 72380 72379 72378 72377 72376 72375 72374 72373 72372 72371 72370 72369 72368 72367 72366 72365 72364 72363 72362 72361 72360 72359 72358 72357 72356 72355 72354 72353 72352 72351 72350 72349 72348 72347 72346 72345 72344 72343 72342 72341 72340 72339 72338 72337 72336 72335 72334 72333 72332 72331 72330 72329 72328 72327 72326 72325 72324 72323 72322 72321 72320 72319 72318 72317 72316 72315 72314 72313 72312 72311 72310 72309 72308 72307 72306 72305 72304 72303 72302 72301 72300 72299 72298 72297 72296 72295 72294 72293 72292 72291 72290 72289 72288 72287 72286 72285 72284 72283 72282 72281 72280 72279 72278 72277 72276 72275 72274 72273 72272 72271 72270 72269 72268 72267 72266 72265 72264 72263 72262 72261 72260 72259 72258 72257 72256 72255 72254 72253 72252 72251 72250 72249 72248 72247 72246 72245 72244 72243 72242 72241 72240 72239 72238 72237 72236 72235 72234 72233 72232 72231 72230 72229 72228 72227 72226 72225 72224 72223 72222 72221 72220 72219 72218 72217 72216 72215 72214 72213 72212 72211 72210 72209 72208 72207 72206 72205 72204 72203 72202 72201 72200 72199 72198 72197 72196 72195 72194 72193 72192 72191 72190 72189 72188 72187 72186 72185 72184 72183 72182 72181 72180 72179 72178 72177 72176 72175 72174 72173 72172 72171 72170 72169 72168 72167 72166 72165 72164 72163 72162 72161 72160 72159 72158 72157 72156 72155 72154 72153 72152 72151 72150 72149 72148 72147 72146 72145 72144 72143 72142 72141 72140 72139 72138 72137 72136 72135 72134 72133 72132 72131 72130 72129 72128 72127 72126 72125 72124 72123 72122 72121 72120 72119 72118 72117 72116 72115 72114 72113 72112 72111 72110 72109 72108 72107 72106 72105 72104 72103 72102 72101 72100 72099 72098 72097 72096 72095 72094 72093 72092 72091 72090 72089 72088 72087 72086 72085 72084 72083 72082 72081 72080 72079 72078 72077 72076 72075 72074 72073 72072 72071 72070 72069 72068 72067 72066 72065 72064 72063 72062 72061 72060 72059 72058 72057 72056 72055 72054 72053 72052 72051 72050 72049 72048 72047 72046 72045 72044 72043 72042 72041 72040 72039 72038 72037 72036 72035 72034 72033 72032 72031 72030 72029 72028 72027 72026 72025 72024 72023 72022 72021 72020 72019 72018 72017 72016 72015 72014 72013 72012 72011 72010 72009 72008 72007 72006 72005 72004 72003 72002 72001 72000 71999 71998 71997 71996 71995 71994 71993 71992 71991 71990 71989 71988 71987 71986 71985 71984 71983 71982 71981 71980 71979 71978 71977 71976 71975 71974 71973 71972 71971 71970 71969 71968 71967 71966 71965 71964 71963 71962 71961 71960 71959 71958 71957 71956 71955 71954 71953 71952 71951 71950 71949 71948 71947 71946 71945 71944 71943 71942 71941 71940 71939 71938 71937 71936 71935 71934 71933 71932 71931 71930 71929 71928 71927 71926 71925 71924 71923 71922 71921 71920 71919 71918 71917 71916 71915 71914 71913 71912 71911 71910 71909 71908 71907 71906 71905 71904 71903 71902 71901 71900 71899 71898 71897 71896 71895 71894 71893 71892 71891 71890 71889 71888 71887 71886 71885 71884 71883 71882 71881 71880 71879 71878 71877 71876 71875 71874 71873 71872 71871 71870 71869 71868 71867 71866 71865 71864 71863 71862 71861 71860 71859 71858 71857 71856 71855 71854 71853 71852 71851 71850 71849 71848 71847 71846 71845 71844 71843 71842 71841 71840 71839 71838 71837 71836 71835 71834 71833 71832 71831 71830 71829 71828 71827 71826 71825 71824 71823 71822 71821 71820 71819 71818 71817 71816 71815 71814 71813 71812 71811 71810 71809 71808 71807 71806 71805 71804 71803 71802 71801 71800 71799 71798 71797 71796 71795 71794 71793 71792 71791 71790 71789 71788 71787 71786 71785 71784 71783 71782 71781 71780 71779 71778 71777 71776 71775 71774 71773 71772 71771 71770 71769 71768 71767 71766 71765 71764 71763 71762 71761 71760 71759 71758 71757 71756 71755 71754 71753 71752 71751 71750 71749 71748 71747 71746 71745 71744 71743 71742 71741 71740 71739 71738 71737 71736 71735 71734 71733 71732 71731 71730 71729 71728 71727 71726 71725 71724 71723 71722 71721 71720 71719 71718 71717 71716 71715 71714 71713 71712 71711 71710 71709 71708 71707 71706 71705 71704 71703 71702 71701 71700 71699 71698 71697 71696 71695 71694 71693 71692 71691 71690 71689 71688 71687 71686 71685 71684 71683 71682 71681 71680 71679 71678 71677 71676 71675 71674 71673 71672 71671 71670 71669 71668 71667 71666 71665 71664 71663 71662 71661 71660 71659 71658 71657 71656 71655 71654 71653 71652 71651 71650 71649 71648 71647 71646 71645 71644 71643 71642 71641 71640 71639 71638 71637 71636 71635 71634 71633 71632 71631 71630 71629 71628 71627 71626 71625 71624 71623 71622 71621 71620 71619 71618 71617 71616 71615 71614 71613 71612 71611 71610 71609 71608 71607 71606 71605 71604 71603 71602 71601 71600 71599 71598 71597 71596 71595 71594 71593 71592 71591 71590 71589 71588 71587 71586 71585 71584 71583 71582 71581 71580 71579 71578 71577 71576 71575 71574 71573 71572 71571 71570 71569 71568 71567 71566 71565 71564 71563 71562 71561 71560 71559 71558 71557 71556 71555 71554 71553 71552 71551 71550 71549 71548 71547 71546 71545 71544 71543 71542 71541 71540 71539 71538 71537 71536 71535 71534 71533 71532 71531 71530 71529 71528 71527 71526 71525 71524 71523 71522 71521 71520 71519 71518 71517 71516 71515 71514 71513 71512 71511 71510 71509 71508 71507 71506 71505 71504 71503 71502 71501 71500 71499 71498 71497 71496 71495 71494 71493 71492 71491 71490 71489 71488 71487 71486 71485 71484 71483 71482 71481 71480 71479 71478 71477 71476 71475 71474 71473 71472 71471 71470 71469 71468 71467 71466 71465 71464 71463 71462 71461 71460 71459 71458 71457 71456 71455 71454 71453 71452 71451 71450 71449 71448 71447 71446 71445 71444 71443 71442 71441 71440 71439 71438 71437 71436 71435 71434 71433 71432 71431 71430 71429 71428 71427 71426 71425 71424 71423 71422 71421 71420 71419 71418 71417 71416 71415 71414 71413 71412 71411 71410 71409 71408 71407 71406 71405 71404 71403 71402 71401 71400 71399 71398 71397 71396 71395 71394 71393 71392 71391 71390 71389 71388 71387 71386 71385 71384 71383 71382 71381 71380 71379 71378 71377 71376 71375 71374 71373 71372 71371 71370 71369 71368 71367 71366 71365 71364 71363 71362 71361 71360 71359 71358 71357 71356 71355 71354 71353 71352 71351 71350 71349 71348 71347 71346 71345 71344 71343 71342 71341 71340 71339 71338 71337 71336 71335 71334 71333 71332 71331 71330 71329 71328 71327 71326 71325 71324 71323 71322 71321 71320 71319 71318 71317 71316 71315 71314 71313 71312 71311 71310 71309 71308 71307 71306 71305 71304 71303 71302 71301 71300 71299 71298 71297 71296 71295 71294 71293 71292 71291 71290 71289 71288 71287 71286 71285 71284 71283 71282 71281 71280 71279 71278 71277 71276 71275 71274 71273 71272 71271 71270 71269 71268 71267 71266 71265 71264 71263 71262 71261 71260 71259 71258 71257 71256 71255 71254 71253 71252 71251 71250 71249 71248 71247 71246 71245 71244 71243 71242 71241 71240 71239 71238 71237 71236 71235 71234 71233 71232 71231 71230 71229 71228 71227 71226 71225 71224 71223 71222 71221 71220 71219 71218 71217 71216 71215 71214 71213 71212 71211 71210 71209 71208 71207 71206 71205 71204 71203 71202 71201 71200 71199 71198 71197 71196 71195 71194 71193 71192 71191 71190 71189 71188 71187 71186 71185 71184 71183 71182 71181 71180 71179 71178 71177 71176 71175 71174 71173 71172 71171 71170 71169 71168 71167 71166 71165 71164 71163 71162 71161 71160 71159 71158 71157 71156 71155 71154 71153 71152 71151 71150 71149 71148 71147 71146 71145 71144 71143 71142 71141 71140 71139 71138 71137 71136 71135 71134 71133 71132 71131 71130 71129 71128 71127 71126 71125 71124 71123 71122 71121 71120 71119 71118 71117 71116 71115 71114 71113 71112 71111 71110 71109 71108 71107 71106 71105 71104 71103 71102 71101 71100 71099 71098 71097 71096 71095 71094 71093 71092 71091 71090 71089 71088 71087 71086 71085 71084 71083 71082 71081 71080 71079 71078 71077 71076 71075 71074 71073 71072 71071 71070 71069 71068 71067 71066 71065 71064 71063 71062 71061 71060 71059 71058 71057 71056 71055 71054 71053 71052 71051 71050 71049 71048 71047 71046 71045 71044 71043 71042 71041 71040 71039 71038 71037 71036 71035 71034 71033 71032 71031 71030 71029 71028 71027 71026 71025 71024 71023 71022 71021 71020 71019 71018 71017 71016 71015 71014 71013 71012 71011 71010 71009 71008 71007 71006 71005 71004 71003 71002 71001 71000 70999 70998 70997 70996 70995 70994 70993 70992 70991 70990 70989 70988 70987 70986 70985 70984 70983 70982 70981 70980 70979 70978 70977 70976 70975 70974 70973 70972 70971 70970 70969 70968 70967 70966 70965 70964 70963 70962 70961 70960 70959 70958 70957 70956 70955 70954 70953 70952 70951 70950 70949 70948 70947 70946 70945 70944 70943 70942 70941 70940 70939 70938 70937 70936 70935 70934 70933 70932 70931 70930 70929 70928 70927 70926 70925 70924 70923 70922 70921 70920 70919 70918 70917 70916 70915 70914 70913 70912 70911 70910 70909 70908 70907 70906 70905 70904 70903 70902 70901 70900 70899 70898 70897 70896 70895 70894 70893 70892 70891 70890 70889 70888 70887 70886 70885 70884 70883 70882 70881 70880 70879 70878 70877 70876 70875 70874 70873 70872 70871 70870 70869 70868 70867 70866 70865 70864 70863 70862 70861 70860 70859 70858 70857 70856 70855 70854 70853 70852 70851 70850 70849 70848 70847 70846 70845 70844 70843 70842 70841 70840 70839 70838 70837 70836 70835 70834 70833 70832 70831 70830 70829 70828 70827 70826 70825 70824 70823 70822 70821 70820 70819 70818 70817 70816 70815 70814 70813 70812 70811 70810 70809 70808 70807 70806 70805 70804 70803 70802 70801 70800 70799 70798 70797 70796 70795 70794 70793 70792 70791 70790 70789 70788 70787 70786 70785 70784 70783 70782 70781 70780 70779 70778 70777 70776 70775 70774 70773 70772 70771 70770 70769 70768 70767 70766 70765 70764 70763 70762 70761 70760 70759 70758 70757 70756 70755 70754 70753 70752 70751 70750 70749 70748 70747 70746 70745 70744 70743 70742 70741 70740 70739 70738 70737 70736 70735 70734 70733 70732 70731 70730 70729 70728 70727 70726 70725 70724 70723 70722 70721 70720 70719 70718 70717 70716 70715 70714 70713 70712 70711 70710 70709 70708 70707 70706 70705 70704 70703 70702 70701 70700 70699 70698 70697 70696 70695 70694 70693 70692 70691 70690 70689 70688 70687 70686 70685 70684 70683 70682 70681 70680 70679 70678 70677 70676 70675 70674 70673 70672 70671 70670 70669 70668 70667 70666 70665 70664 70663 70662 70661 70660 70659 70658 70657 70656 70655 70654 70653 70652 70651 70650 70649 70648 70647 70646 70645 70644 70643 70642 70641 70640 70639 70638 70637 70636 70635 70634 70633 70632 70631 70630 70629 70628 70627 70626 70625 70624 70623 70622 70621 70620 70619 70618 70617 70616 70615 70614 70613 70612 70611 70610 70609 70608 70607 70606 70605 70604 70603 70602 70601 70600 70599 70598 70597 70596 70595 70594 70593 70592 70591 70590 70589 70588 70587 70586 70585 70584 70583 70582 70581 70580 70579 70578 70577 70576 70575 70574 70573 70572 70571 70570 70569 70568 70567 70566 70565 70564 70563 70562 70561 70560 70559 70558 70557 70556 70555 70554 70553 70552 70551 70550 70549 70548 70547 70546 70545 70544 70543 70542 70541 70540 70539 70538 70537 70536 70535 70534 70533 70532 70531 70530 70529 70528 70527 70526 70525 70524 70523 70522 70521 70520 70519 70518 70517 70516 70515 70514 70513 70512 70511 70510 70509 70508 70507 70506 70505 70504 70503 70502 70501 70500 70499 70498 70497 70496 70495 70494 70493 70492 70491 70490 70489 70488 70487 70486 70485 70484 70483 70482 70481 70480 70479 70478 70477 70476 70475 70474 70473 70472 70471 70470 70469 70468 70467 70466 70465 70464 70463 70462 70461 70460 70459 70458 70457 70456 70455 70454 70453 70452 70451 70450 70449 70448 70447 70446 70445 70444 70443 70442 70441 70440 70439 70438 70437 70436 70435 70434 70433 70432 70431 70430 70429 70428 70427 70426 70425 70424 70423 70422 70421 70420 70419 70418 70417 70416 70415 70414 70413 70412 70411 70410 70409 70408 70407 70406 70405 70404 70403 70402 70401 70400 70399 70398 70397 70396 70395 70394 70393 70392 70391 70390 70389 70388 70387 70386 70385 70384 70383 70382 70381 70380 70379 70378 70377 70376 70375 70374 70373 70372 70371 70370 70369 70368 70367 70366 70365 70364 70363 70362 70361 70360 70359 70358 70357 70356 70355 70354 70353 70352 70351 70350 70349 70348 70347 70346 70345 70344 70343 70342 70341 70340 70339 70338 70337 70336 70335 70334 70333 70332 70331 70330 70329 70328 70327 70326 70325 70324 70323 70322 70321 70320 70319 70318 70317 70316 70315 70314 70313 70312 70311 70310 70309 70308 70307 70306 70305 70304 70303 70302 70301 70300 70299 70298 70297 70296 70295 70294 70293 70292 70291 70290 70289 70288 70287 70286 70285 70284 70283 70282 70281 70280 70279 70278 70277 70276 70275 70274 70273 70272 70271 70270 70269 70268 70267 70266 70265 70264 70263 70262 70261 70260 70259 70258 70257 70256 70255 70254 70253 70252 70251 70250 70249 70248 70247 70246 70245 70244 70243 70242 70241 70240 70239 70238 70237 70236 70235 70234 70233 70232 70231 70230 70229 70228 70227 70226 70225 70224 70223 70222 70221 70220 70219 70218 70217 70216 70215 70214 70213 70212 70211 70210 70209 70208 70207 70206 70205 70204 70203 70202 70201 70200 70199 70198 70197 70196 70195 70194 70193 70192 70191 70190 70189 70188 70187 70186 70185 70184 70183 70182 70181 70180 70179 70178 70177 70176 70175 70174 70173 70172 70171 70170 70169 70168 70167 70166 70165 70164 70163 70162 70161 70160 70159 70158 70157 70156 70155 70154 70153 70152 70151 70150 70149 70148 70147 70146 70145 70144 70143 70142 70141 70140 70139 70138 70137 70136 70135 70134 70133 70132 70131 70130 70129 70128 70127 70126 70125 70124 70123 70122 70121 70120 70119 70118 70117 70116 70115 70114 70113 70112 70111 70110 70109 70108 70107 70106 70105 70104 70103 70102 70101 70100 70099 70098 70097 70096 70095 70094 70093 70092 70091 70090 70089 70088 70087 70086 70085 70084 70083 70082 70081 70080 70079 70078 70077 70076 70075 70074 70073 70072 70071 70070 70069 70068 70067 70066 70065 70064 70063 70062 70061 70060 70059 70058 70057 70056 70055 70054 70053 70052 70051 70050 70049 70048 70047 70046 70045 70044 70043 70042 70041 70040 70039 70038 70037 70036 70035 70034 70033 70032 70031 70030 70029 70028 70027 70026 70025 70024 70023 70022 70021 70020 70019 70018 70017 70016 70015 70014 70013 70012 70011 70010 70009 70008 70007 70006 70005 70004 70003 70002 70001 70000 69999 69998 69997 69996 69995 69994 69993 69992 69991 69990 69989 69988 69987 69986 69985 69984 69983 69982 69981 69980 69979 69978 69977 69976 69975 69974 69973 69972 69971 69970 69969 69968 69967 69966 69965 69964 69963 69962 69961 69960 69959 69958 69957 69956 69955 69954 69953 69952 69951 69950 69949 69948 69947 69946 69945 69944 69943 69942 69941 69940 69939 69938 69937 69936 69935 69934 69933 69932 69931 69930 69929 69928 69927 69926 69925 69924 69923 69922 69921 69920 69919 69918 69917 69916 69915 69914 69913 69912 69911 69910 69909 69908 69907 69906 69905 69904 69903 69902 69901 69900 69899 69898 69897 69896 69895 69894 69893 69892 69891 69890 69889 69888 69887 69886 69885 69884 69883 69882 69881 69880 69879 69878 69877 69876 69875 69874 69873 69872 69871 69870 69869 69868 69867 69866 69865 69864 69863 69862 69861 69860 69859 69858 69857 69856 69855 69854 69853 69852 69851 69850 69849 69848 69847 69846 69845 69844 69843 69842 69841 69840 69839 69838 69837 69836 69835 69834 69833 69832 69831 69830 69829 69828 69827 69826 69825 69824 69823 69822 69821 69820 69819 69818 69817 69816 69815 69814 69813 69812 69811 69810 69809 69808 69807 69806 69805 69804 69803 69802 69801 69800 69799 69798 69797 69796 69795 69794 69793 69792 69791 69790 69789 69788 69787 69786 69785 69784 69783 69782 69781 69780 69779 69778 69777 69776 69775 69774 69773 69772 69771 69770 69769 69768 69767 69766 69765 69764 69763 69762 69761 69760 69759 69758 69757 69756 69755 69754 69753 69752 69751 69750 69749 69748 69747 69746 69745 69744 69743 69742 69741 69740 69739 69738 69737 69736 69735 69734 69733 69732 69731 69730 69729 69728 69727 69726 69725 69724 69723 69722 69721 69720 69719 69718 69717 69716 69715 69714 69713 69712 69711 69710 69709 69708 69707 69706 69705 69704 69703 69702 69701 69700 69699 69698 69697 69696 69695 69694 69693 69692 69691 69690 69689 69688 69687 69686 69685 69684 69683 69682 69681 69680 69679 69678 69677 69676 69675 69674 69673 69672 69671 69670 69669 69668 69667 69666 69665 69664 69663 69662 69661 69660 69659 69658 69657 69656 69655 69654 69653 69652 69651 69650 69649 69648 69647 69646 69645 69644 69643 69642 69641 69640 69639 69638 69637 69636 69635 69634 69633 69632 69631 69630 69629 69628 69627 69626 69625 69624 69623 69622 69621 69620 69619 69618 69617 69616 69615 69614 69613 69612 69611 69610 69609 69608 69607 69606 69605 69604 69603 69602 69601 69600 69599 69598 69597 69596 69595 69594 69593 69592 69591 69590 69589 69588 69587 69586 69585 69584 69583 69582 69581 69580 69579 69578 69577 69576 69575 69574 69573 69572 69571 69570 69569 69568 69567 69566 69565 69564 69563 69562 69561 69560 69559 69558 69557 69556 69555 69554 69553 69552 69551 69550 69549 69548 69547 69546 69545 69544 69543 69542 69541 69540 69539 69538 69537 69536 69535 69534 69533 69532 69531 69530 69529 69528 69527 69526 69525 69524 69523 69522 69521 69520 69519 69518 69517 69516 69515 69514 69513 69512 69511 69510 69509 69508 69507 69506 69505 69504 69503 69502 69501 69500 69499 69498 69497 69496 69495 69494 69493 69492 69491 69490 69489 69488 69487 69486 69485 69484 69483 69482 69481 69480 69479 69478 69477 69476 69475 69474 69473 69472 69471 69470 69469 69468 69467 69466 69465 69464 69463 69462 69461 69460 69459 69458 69457 69456 69455 69454 69453 69452 69451 69450 69449 69448 69447 69446 69445 69444 69443 69442 69441 69440 69439 69438 69437 69436 69435 69434 69433 69432 69431 69430 69429 69428 69427 69426 69425 69424 69423 69422 69421 69420 69419 69418 69417 69416 69415 69414 69413 69412 69411 69410 69409 69408 69407 69406 69405 69404 69403 69402 69401 69400 69399 69398 69397 69396 69395 69394 69393 69392 69391 69390 69389 69388 69387 69386 69385 69384 69383 69382 69381 69380 69379 69378 69377 69376 69375 69374 69373 69372 69371 69370 69369 69368 69367 69366 69365 69364 69363 69362 69361 69360 69359 69358 69357 69356 69355 69354 69353 69352 69351 69350 69349 69348 69347 69346 69345 69344 69343 69342 69341 69340 69339 69338 69337 69336 69335 69334 69333 69332 69331 69330 69329 69328 69327 69326 69325 69324 69323 69322 69321 69320 69319 69318 69317 69316 69315 69314 69313 69312 69311 69310 69309 69308 69307 69306 69305 69304 69303 69302 69301 69300 69299 69298 69297 69296 69295 69294 69293 69292 69291 69290 69289 69288 69287 69286 69285 69284 69283 69282 69281 69280 69279 69278 69277 69276 69275 69274 69273 69272 69271 69270 69269 69268 69267 69266 69265 69264 69263 69262 69261 69260 69259 69258 69257 69256 69255 69254 69253 69252 69251 69250 69249 69248 69247 69246 69245 69244 69243 69242 69241 69240 69239 69238 69237 69236 69235 69234 69233 69232 69231 69230 69229 69228 69227 69226 69225 69224 69223 69222 69221 69220 69219 69218 69217 69216 69215 69214 69213 69212 69211 69210 69209 69208 69207 69206 69205 69204 69203 69202 69201 69200 69199 69198 69197 69196 69195 69194 69193 69192 69191 69190 69189 69188 69187 69186 69185 69184 69183 69182 69181 69180 69179 69178 69177 69176 69175 69174 69173 69172 69171 69170 69169 69168 69167 69166 69165 69164 69163 69162 69161 69160 69159 69158 69157 69156 69155 69154 69153 69152 69151 69150 69149 69148 69147 69146 69145 69144 69143 69142 69141 69140 69139 69138 69137 69136 69135 69134 69133 69132 69131 69130 69129 69128 69127 69126 69125 69124 69123 69122 69121 69120 69119 69118 69117 69116 69115 69114 69113 69112 69111 69110 69109 69108 69107 69106 69105 69104 69103 69102 69101 69100 69099 69098 69097 69096 69095 69094 69093 69092 69091 69090 69089 69088 69087 69086 69085 69084 69083 69082 69081 69080 69079 69078 69077 69076 69075 69074 69073 69072 69071 69070 69069 69068 69067 69066 69065 69064 69063 69062 69061 69060 69059 69058 69057 69056 69055 69054 69053 69052 69051 69050 69049 69048 69047 69046 69045 69044 69043 69042 69041 69040 69039 69038 69037 69036 69035 69034 69033 69032 69031 69030 69029 69028 69027 69026 69025 69024 69023 69022 69021 69020 69019 69018 69017 69016 69015 69014 69013 69012 69011 69010 69009 69008 69007 69006 69005 69004 69003 69002 69001 69000 68999 68998 68997 68996 68995 68994 68993 68992 68991 68990 68989 68988 68987 68986 68985 68984 68983 68982 68981 68980 68979 68978 68977 68976 68975 68974 68973 68972 68971 68970 68969 68968 68967 68966 68965 68964 68963 68962 68961 68960 68959 68958 68957 68956 68955 68954 68953 68952 68951 68950 68949 68948 68947 68946 68945 68944 68943 68942 68941 68940 68939 68938 68937 68936 68935 68934 68933 68932 68931 68930 68929 68928 68927 68926 68925 68924 68923 68922 68921 68920 68919 68918 68917 68916 68915 68914 68913 68912 68911 68910 68909 68908 68907 68906 68905 68904 68903 68902 68901 68900 68899 68898 68897 68896 68895 68894 68893 68892 68891 68890 68889 68888 68887 68886 68885 68884 68883 68882 68881 68880 68879 68878 68877 68876 68875 68874 68873 68872 68871 68870 68869 68868 68867 68866 68865 68864 68863 68862 68861 68860 68859 68858 68857 68856 68855 68854 68853 68852 68851 68850 68849 68848 68847 68846 68845 68844 68843 68842 68841 68840 68839 68838 68837 68836 68835 68834 68833 68832 68831 68830 68829 68828 68827 68826 68825 68824 68823 68822 68821 68820 68819 68818 68817 68816 68815 68814 68813 68812 68811 68810 68809 68808 68807 68806 68805 68804 68803 68802 68801 68800 68799 68798 68797 68796 68795 68794 68793 68792 68791 68790 68789 68788 68787 68786 68785 68784 68783 68782 68781 68780 68779 68778 68777 68776 68775 68774 68773 68772 68771 68770 68769 68768 68767 68766 68765 68764 68763 68762 68761 68760 68759 68758 68757 68756 68755 68754 68753 68752 68751 68750 68749 68748 68747 68746 68745 68744 68743 68742 68741 68740 68739 68738 68737 68736 68735 68734 68733 68732 68731 68730 68729 68728 68727 68726 68725 68724 68723 68722 68721 68720 68719 68718 68717 68716 68715 68714 68713 68712 68711 68710 68709 68708 68707 68706 68705 68704 68703 68702 68701 68700 68699 68698 68697 68696 68695 68694 68693 68692 68691 68690 68689 68688 68687 68686 68685 68684 68683 68682 68681 68680 68679 68678 68677 68676 68675 68674 68673 68672 68671 68670 68669 68668 68667 68666 68665 68664 68663 68662 68661 68660 68659 68658 68657 68656 68655 68654 68653 68652 68651 68650 68649 68648 68647 68646 68645 68644 68643 68642 68641 68640 68639 68638 68637 68636 68635 68634 68633 68632 68631 68630 68629 68628 68627 68626 68625 68624 68623 68622 68621 68620 68619 68618 68617 68616 68615 68614 68613 68612 68611 68610 68609 68608 68607 68606 68605 68604 68603 68602 68601 68600 68599 68598 68597 68596 68595 68594 68593 68592 68591 68590 68589 68588 68587 68586 68585 68584 68583 68582 68581 68580 68579 68578 68577 68576 68575 68574 68573 68572 68571 68570 68569 68568 68567 68566 68565 68564 68563 68562 68561 68560 68559 68558 68557 68556 68555 68554 68553 68552 68551 68550 68549 68548 68547 68546 68545 68544 68543 68542 68541 68540 68539 68538 68537 68536 68535 68534 68533 68532 68531 68530 68529 68528 68527 68526 68525 68524 68523 68522 68521 68520 68519 68518 68517 68516 68515 68514 68513 68512 68511 68510 68509 68508 68507 68506 68505 68504 68503 68502 68501 68500 68499 68498 68497 68496 68495 68494 68493 68492 68491 68490 68489 68488 68487 68486 68485 68484 68483 68482 68481 68480 68479 68478 68477 68476 68475 68474 68473 68472 68471 68470 68469 68468 68467 68466 68465 68464 68463 68462 68461 68460 68459 68458 68457 68456 68455 68454 68453 68452 68451 68450 68449 68448 68447 68446 68445 68444 68443 68442 68441 68440 68439 68438 68437 68436 68435 68434 68433 68432 68431 68430 68429 68428 68427 68426 68425 68424 68423 68422 68421 68420 68419 68418 68417 68416 68415 68414 68413 68412 68411 68410 68409 68408 68407 68406 68405 68404 68403 68402 68401 68400 68399 68398 68397 68396 68395 68394 68393 68392 68391 68390 68389 68388 68387 68386 68385 68384 68383 68382 68381 68380 68379 68378 68377 68376 68375 68374 68373 68372 68371 68370 68369 68368 68367 68366 68365 68364 68363 68362 68361 68360 68359 68358 68357 68356 68355 68354 68353 68352 68351 68350 68349 68348 68347 68346 68345 68344 68343 68342 68341 68340 68339 68338 68337 68336 68335 68334 68333 68332 68331 68330 68329 68328 68327 68326 68325 68324 68323 68322 68321 68320 68319 68318 68317 68316 68315 68314 68313 68312 68311 68310 68309 68308 68307 68306 68305 68304 68303 68302 68301 68300 68299 68298 68297 68296 68295 68294 68293 68292 68291 68290 68289 68288 68287 68286 68285 68284 68283 68282 68281 68280 68279 68278 68277 68276 68275 68274 68273 68272 68271 68270 68269 68268 68267 68266 68265 68264 68263 68262 68261 68260 68259 68258 68257 68256 68255 68254 68253 68252 68251 68250 68249 68248 68247 68246 68245 68244 68243 68242 68241 68240 68239 68238 68237 68236 68235 68234 68233 68232 68231 68230 68229 68228 68227 68226 68225 68224 68223 68222 68221 68220 68219 68218 68217 68216 68215 68214 68213 68212 68211 68210 68209 68208 68207 68206 68205 68204 68203 68202 68201 68200 68199 68198 68197 68196 68195 68194 68193 68192 68191 68190 68189 68188 68187 68186 68185 68184 68183 68182 68181 68180 68179 68178 68177 68176 68175 68174 68173 68172 68171 68170 68169 68168 68167 68166 68165 68164 68163 68162 68161 68160 68159 68158 68157 68156 68155 68154 68153 68152 68151 68150 68149 68148 68147 68146 68145 68144 68143 68142 68141 68140 68139 68138 68137 68136 68135 68134 68133 68132 68131 68130 68129 68128 68127 68126 68125 68124 68123 68122 68121 68120 68119 68118 68117 68116 68115 68114 68113 68112 68111 68110 68109 68108 68107 68106 68105 68104 68103 68102 68101 68100 68099 68098 68097 68096 68095 68094 68093 68092 68091 68090 68089 68088 68087 68086 68085 68084 68083 68082 68081 68080 68079 68078 68077 68076 68075 68074 68073 68072 68071 68070 68069 68068 68067 68066 68065 68064 68063 68062 68061 68060 68059 68058 68057 68056 68055 68054 68053 68052 68051 68050 68049 68048 68047 68046 68045 68044 68043 68042 68041 68040 68039 68038 68037 68036 68035 68034 68033 68032 68031 68030 68029 68028 68027 68026 68025 68024 68023 68022 68021 68020 68019 68018 68017 68016 68015 68014 68013 68012 68011 68010 68009 68008 68007 68006 68005 68004 68003 68002 68001 68000 67999 67998 67997 67996 67995 67994 67993 67992 67991 67990 67989 67988 67987 67986 67985 67984 67983 67982 67981 67980 67979 67978 67977 67976 67975 67974 67973 67972 67971 67970 67969 67968 67967 67966 67965 67964 67963 67962 67961 67960 67959 67958 67957 67956 67955 67954 67953 67952 67951 67950 67949 67948 67947 67946 67945 67944 67943 67942 67941 67940 67939 67938 67937 67936 67935 67934 67933 67932 67931 67930 67929 67928 67927 67926 67925 67924 67923 67922 67921 67920 67919 67918 67917 67916 67915 67914 67913 67912 67911 67910 67909 67908 67907 67906 67905 67904 67903 67902 67901 67900 67899 67898 67897 67896 67895 67894 67893 67892 67891 67890 67889 67888 67887 67886 67885 67884 67883 67882 67881 67880 67879 67878 67877 67876 67875 67874 67873 67872 67871 67870 67869 67868 67867 67866 67865 67864 67863 67862 67861 67860 67859 67858 67857 67856 67855 67854 67853 67852 67851 67850 67849 67848 67847 67846 67845 67844 67843 67842 67841 67840 67839 67838 67837 67836 67835 67834 67833 67832 67831 67830 67829 67828 67827 67826 67825 67824 67823 67822 67821 67820 67819 67818 67817 67816 67815 67814 67813 67812 67811 67810 67809 67808 67807 67806 67805 67804 67803 67802 67801 67800 67799 67798 67797 67796 67795 67794 67793 67792 67791 67790 67789 67788 67787 67786 67785 67784 67783 67782 67781 67780 67779 67778 67777 67776 67775 67774 67773 67772 67771 67770 67769 67768 67767 67766 67765 67764 67763 67762 67761 67760 67759 67758 67757 67756 67755 67754 67753 67752 67751 67750 67749 67748 67747 67746 67745 67744 67743 67742 67741 67740 67739 67738 67737 67736 67735 67734 67733 67732 67731 67730 67729 67728 67727 67726 67725 67724 67723 67722 67721 67720 67719 67718 67717 67716 67715 67714 67713 67712 67711 67710 67709 67708 67707 67706 67705 67704 67703 67702 67701 67700 67699 67698 67697 67696 67695 67694 67693 67692 67691 67690 67689 67688 67687 67686 67685 67684 67683 67682 67681 67680 67679 67678 67677 67676 67675 67674 67673 67672 67671 67670 67669 67668 67667 67666 67665 67664 67663 67662 67661 67660 67659 67658 67657 67656 67655 67654 67653 67652 67651 67650 67649 67648 67647 67646 67645 67644 67643 67642 67641 67640 67639 67638 67637 67636 67635 67634 67633 67632 67631 67630 67629 67628 67627 67626 67625 67624 67623 67622 67621 67620 67619 67618 67617 67616 67615 67614 67613 67612 67611 67610 67609 67608 67607 67606 67605 67604 67603 67602 67601 67600 67599 67598 67597 67596 67595 67594 67593 67592 67591 67590 67589 67588 67587 67586 67585 67584 67583 67582 67581 67580 67579 67578 67577 67576 67575 67574 67573 67572 67571 67570 67569 67568 67567 67566 67565 67564 67563 67562 67561 67560 67559 67558 67557 67556 67555 67554 67553 67552 67551 67550 67549 67548 67547 67546 67545 67544 67543 67542 67541 67540 67539 67538 67537 67536 67535 67534 67533 67532 67531 67530 67529 67528 67527 67526 67525 67524 67523 67522 67521 67520 67519 67518 67517 67516 67515 67514 67513 67512 67511 67510 67509 67508 67507 67506 67505 67504 67503 67502 67501 67500 67499 67498 67497 67496 67495 67494 67493 67492 67491 67490 67489 67488 67487 67486 67485 67484 67483 67482 67481 67480 67479 67478 67477 67476 67475 67474 67473 67472 67471 67470 67469 67468 67467 67466 67465 67464 67463 67462 67461 67460 67459 67458 67457 67456 67455 67454 67453 67452 67451 67450 67449 67448 67447 67446 67445 67444 67443 67442 67441 67440 67439 67438 67437 67436 67435 67434 67433 67432 67431 67430 67429 67428 67427 67426 67425 67424 67423 67422 67421 67420 67419 67418 67417 67416 67415 67414 67413 67412 67411 67410 67409 67408 67407 67406 67405 67404 67403 67402 67401 67400 67399 67398 67397 67396 67395 67394 67393 67392 67391 67390 67389 67388 67387 67386 67385 67384 67383 67382 67381 67380 67379 67378 67377 67376 67375 67374 67373 67372 67371 67370 67369 67368 67367 67366 67365 67364 67363 67362 67361 67360 67359 67358 67357 67356 67355 67354 67353 67352 67351 67350 67349 67348 67347 67346 67345 67344 67343 67342 67341 67340 67339 67338 67337 67336 67335 67334 67333 67332 67331 67330 67329 67328 67327 67326 67325 67324 67323 67322 67321 67320 67319 67318 67317 67316 67315 67314 67313 67312 67311 67310 67309 67308 67307 67306 67305 67304 67303 67302 67301 67300 67299 67298 67297 67296 67295 67294 67293 67292 67291 67290 67289 67288 67287 67286 67285 67284 67283 67282 67281 67280 67279 67278 67277 67276 67275 67274 67273 67272 67271 67270 67269 67268 67267 67266 67265 67264 67263 67262 67261 67260 67259 67258 67257 67256 67255 67254 67253 67252 67251 67250 67249 67248 67247 67246 67245 67244 67243 67242 67241 67240 67239 67238 67237 67236 67235 67234 67233 67232 67231 67230 67229 67228 67227 67226 67225 67224 67223 67222 67221 67220 67219 67218 67217 67216 67215 67214 67213 67212 67211 67210 67209 67208 67207 67206 67205 67204 67203 67202 67201 67200 67199 67198 67197 67196 67195 67194 67193 67192 67191 67190 67189 67188 67187 67186 67185 67184 67183 67182 67181 67180 67179 67178 67177 67176 67175 67174 67173 67172 67171 67170 67169 67168 67167 67166 67165 67164 67163 67162 67161 67160 67159 67158 67157 67156 67155 67154 67153 67152 67151 67150 67149 67148 67147 67146 67145 67144 67143 67142 67141 67140 67139 67138 67137 67136 67135 67134 67133 67132 67131 67130 67129 67128 67127 67126 67125 67124 67123 67122 67121 67120 67119 67118 67117 67116 67115 67114 67113 67112 67111 67110 67109 67108 67107 67106 67105 67104 67103 67102 67101 67100 67099 67098 67097 67096 67095 67094 67093 67092 67091 67090 67089 67088 67087 67086 67085 67084 67083 67082 67081 67080 67079 67078 67077 67076 67075 67074 67073 67072 67071 67070 67069 67068 67067 67066 67065 67064 67063 67062 67061 67060 67059 67058 67057 67056 67055 67054 67053 67052 67051 67050 67049 67048 67047 67046 67045 67044 67043 67042 67041 67040 67039 67038 67037 67036 67035 67034 67033 67032 67031 67030 67029 67028 67027 67026 67025 67024 67023 67022 67021 67020 67019 67018 67017 67016 67015 67014 67013 67012 67011 67010 67009 67008 67007 67006 67005 67004 67003 67002 67001 67000 66999 66998 66997 66996 66995 66994 66993 66992 66991 66990 66989 66988 66987 66986 66985 66984 66983 66982 66981 66980 66979 66978 66977 66976 66975 66974 66973 66972 66971 66970 66969 66968 66967 66966 66965 66964 66963 66962 66961 66960 66959 66958 66957 66956 66955 66954 66953 66952 66951 66950 66949 66948 66947 66946 66945 66944 66943 66942 66941 66940 66939 66938 66937 66936 66935 66934 66933 66932 66931 66930 66929 66928 66927 66926 66925 66924 66923 66922 66921 66920 66919 66918 66917 66916 66915 66914 66913 66912 66911 66910 66909 66908 66907 66906 66905 66904 66903 66902 66901 66900 66899 66898 66897 66896 66895 66894 66893 66892 66891 66890 66889 66888 66887 66886 66885 66884 66883 66882 66881 66880 66879 66878 66877 66876 66875 66874 66873 66872 66871 66870 66869 66868 66867 66866 66865 66864 66863 66862 66861 66860 66859 66858 66857 66856 66855 66854 66853 66852 66851 66850 66849 66848 66847 66846 66845 66844 66843 66842 66841 66840 66839 66838 66837 66836 66835 66834 66833 66832 66831 66830 66829 66828 66827 66826 66825 66824 66823 66822 66821 66820 66819 66818 66817 66816 66815 66814 66813 66812 66811 66810 66809 66808 66807 66806 66805 66804 66803 66802 66801 66800 66799 66798 66797 66796 66795 66794 66793 66792 66791 66790 66789 66788 66787 66786 66785 66784 66783 66782 66781 66780 66779 66778 66777 66776 66775 66774 66773 66772 66771 66770 66769 66768 66767 66766 66765 66764 66763 66762 66761 66760 66759 66758 66757 66756 66755 66754 66753 66752 66751 66750 66749 66748 66747 66746 66745 66744 66743 66742 66741 66740 66739 66738 66737 66736 66735 66734 66733 66732 66731 66730 66729 66728 66727 66726 66725 66724 66723 66722 66721 66720 66719 66718 66717 66716 66715 66714 66713 66712 66711 66710 66709 66708 66707 66706 66705 66704 66703 66702 66701 66700 66699 66698 66697 66696 66695 66694 66693 66692 66691 66690 66689 66688 66687 66686 66685 66684 66683 66682 66681 66680 66679 66678 66677 66676 66675 66674 66673 66672 66671 66670 66669 66668 66667 66666 66665 66664 66663 66662 66661 66660 66659 66658 66657 66656 66655 66654 66653 66652 66651 66650 66649 66648 66647 66646 66645 66644 66643 66642 66641 66640 66639 66638 66637 66636 66635 66634 66633 66632 66631 66630 66629 66628 66627 66626 66625 66624 66623 66622 66621 66620 66619 66618 66617 66616 66615 66614 66613 66612 66611 66610 66609 66608 66607 66606 66605 66604 66603 66602 66601 66600 66599 66598 66597 66596 66595 66594 66593 66592 66591 66590 66589 66588 66587 66586 66585 66584 66583 66582 66581 66580 66579 66578 66577 66576 66575 66574 66573 66572 66571 66570 66569 66568 66567 66566 66565 66564 66563 66562 66561 66560 66559 66558 66557 66556 66555 66554 66553 66552 66551 66550 66549 66548 66547 66546 66545 66544 66543 66542 66541 66540 66539 66538 66537 66536 66535 66534 66533 66532 66531 66530 66529 66528 66527 66526 66525 66524 66523 66522 66521 66520 66519 66518 66517 66516 66515 66514 66513 66512 66511 66510 66509 66508 66507 66506 66505 66504 66503 66502 66501 66500 66499 66498 66497 66496 66495 66494 66493 66492 66491 66490 66489 66488 66487 66486 66485 66484 66483 66482 66481 66480 66479 66478 66477 66476 66475 66474 66473 66472 66471 66470 66469 66468 66467 66466 66465 66464 66463 66462 66461 66460 66459 66458 66457 66456 66455 66454 66453 66452 66451 66450 66449 66448 66447 66446 66445 66444 66443 66442 66441 66440 66439 66438 66437 66436 66435 66434 66433 66432 66431 66430 66429 66428 66427 66426 66425 66424 66423 66422 66421 66420 66419 66418 66417 66416 66415 66414 66413 66412 66411 66410 66409 66408 66407 66406 66405 66404 66403 66402 66401 66400 66399 66398 66397 66396 66395 66394 66393 66392 66391 66390 66389 66388 66387 66386 66385 66384 66383 66382 66381 66380 66379 66378 66377 66376 66375 66374 66373 66372 66371 66370 66369 66368 66367 66366 66365 66364 66363 66362 66361 66360 66359 66358 66357 66356 66355 66354 66353 66352 66351 66350 66349 66348 66347 66346 66345 66344 66343 66342 66341 66340 66339 66338 66337 66336 66335 66334 66333 66332 66331 66330 66329 66328 66327 66326 66325 66324 66323 66322 66321 66320 66319 66318 66317 66316 66315 66314 66313 66312 66311 66310 66309 66308 66307 66306 66305 66304 66303 66302 66301 66300 66299 66298 66297 66296 66295 66294 66293 66292 66291 66290 66289 66288 66287 66286 66285 66284 66283 66282 66281 66280 66279 66278 66277 66276 66275 66274 66273 66272 66271 66270 66269 66268 66267 66266 66265 66264 66263 66262 66261 66260 66259 66258 66257 66256 66255 66254 66253 66252 66251 66250 66249 66248 66247 66246 66245 66244 66243 66242 66241 66240 66239 66238 66237 66236 66235 66234 66233 66232 66231 66230 66229 66228 66227 66226 66225 66224 66223 66222 66221 66220 66219 66218 66217 66216 66215 66214 66213 66212 66211 66210 66209 66208 66207 66206 66205 66204 66203 66202 66201 66200 66199 66198 66197 66196 66195 66194 66193 66192 66191 66190 66189 66188 66187 66186 66185 66184 66183 66182 66181 66180 66179 66178 66177 66176 66175 66174 66173 66172 66171 66170 66169 66168 66167 66166 66165 66164 66163 66162 66161 66160 66159 66158 66157 66156 66155 66154 66153 66152 66151 66150 66149 66148 66147 66146 66145 66144 66143 66142 66141 66140 66139 66138 66137 66136 66135 66134 66133 66132 66131 66130 66129 66128 66127 66126 66125 66124 66123 66122 66121 66120 66119 66118 66117 66116 66115 66114 66113 66112 66111 66110 66109 66108 66107 66106 66105 66104 66103 66102 66101 66100 66099 66098 66097 66096 66095 66094 66093 66092 66091 66090 66089 66088 66087 66086 66085 66084 66083 66082 66081 66080 66079 66078 66077 66076 66075 66074 66073 66072 66071 66070 66069 66068 66067 66066 66065 66064 66063 66062 66061 66060 66059 66058 66057 66056 66055 66054 66053 66052 66051 66050 66049 66048 66047 66046 66045 66044 66043 66042 66041 66040 66039 66038 66037 66036 66035 66034 66033 66032 66031 66030 66029 66028 66027 66026 66025 66024 66023 66022 66021 66020 66019 66018 66017 66016 66015 66014 66013 66012 66011 66010 66009 66008 66007 66006 66005 66004 66003 66002 66001 66000 65999 65998 65997 65996 65995 65994 65993 65992 65991 65990 65989 65988 65987 65986 65985 65984 65983 65982 65981 65980 65979 65978 65977 65976 65975 65974 65973 65972 65971 65970 65969 65968 65967 65966 65965 65964 65963 65962 65961 65960 65959 65958 65957 65956 65955 65954 65953 65952 65951 65950 65949 65948 65947 65946 65945 65944 65943 65942 65941 65940 65939 65938 65937 65936 65935 65934 65933 65932 65931 65930 65929 65928 65927 65926 65925 65924 65923 65922 65921 65920 65919 65918 65917 65916 65915 65914 65913 65912 65911 65910 65909 65908 65907 65906 65905 65904 65903 65902 65901 65900 65899 65898 65897 65896 65895 65894 65893 65892 65891 65890 65889 65888 65887 65886 65885 65884 65883 65882 65881 65880 65879 65878 65877 65876 65875 65874 65873 65872 65871 65870 65869 65868 65867 65866 65865 65864 65863 65862 65861 65860 65859 65858 65857 65856 65855 65854 65853 65852 65851 65850 65849 65848 65847 65846 65845 65844 65843 65842 65841 65840 65839 65838 65837 65836 65835 65834 65833 65832 65831 65830 65829 65828 65827 65826 65825 65824 65823 65822 65821 65820 65819 65818 65817 65816 65815 65814 65813 65812 65811 65810 65809 65808 65807 65806 65805 65804 65803 65802 65801 65800 65799 65798 65797 65796 65795 65794 65793 65792 65791 65790 65789 65788 65787 65786 65785 65784 65783 65782 65781 65780 65779 65778 65777 65776 65775 65774 65773 65772 65771 65770 65769 65768 65767 65766 65765 65764 65763 65762 65761 65760 65759 65758 65757 65756 65755 65754 65753 65752 65751 65750 65749 65748 65747 65746 65745 65744 65743 65742 65741 65740 65739 65738 65737 65736 65735 65734 65733 65732 65731 65730 65729 65728 65727 65726 65725 65724 65723 65722 65721 65720 65719 65718 65717 65716 65715 65714 65713 65712 65711 65710 65709 65708 65707 65706 65705 65704 65703 65702 65701 65700 65699 65698 65697 65696 65695 65694 65693 65692 65691 65690 65689 65688 65687 65686 65685 65684 65683 65682 65681 65680 65679 65678 65677 65676 65675 65674 65673 65672 65671 65670 65669 65668 65667 65666 65665 65664 65663 65662 65661 65660 65659 65658 65657 65656 65655 65654 65653 65652 65651 65650 65649 65648 65647 65646 65645 65644 65643 65642 65641 65640 65639 65638 65637 65636 65635 65634 65633 65632 65631 65630 65629 65628 65627 65626 65625 65624 65623 65622 65621 65620 65619 65618 65617 65616 65615 65614 65613 65612 65611 65610 65609 65608 65607 65606 65605 65604 65603 65602 65601 65600 65599 65598 65597 65596 65595 65594 65593 65592 65591 65590 65589 65588 65587 65586 65585 65584 65583 65582 65581 65580 65579 65578 65577 65576 65575 65574 65573 65572 65571 65570 65569 65568 65567 65566 65565 65564 65563 65562 65561 65560 65559 65558 65557 65556 65555 65554 65553 65552 65551 65550 65549 65548 65547 65546 65545 65544 65543 65542 65541 65540 65539 65538 65537 65536 65535 65534 65533 65532 65531 65530 65529 65528 65527 65526 65525 65524 65523 65522 65521 65520 65519 65518 65517 65516 65515 65514 65513 65512 65511 65510 65509 65508 65507 65506 65505 65504 65503 65502 65501 65500 65499 65498 65497 65496 65495 65494 65493 65492 65491 65490 65489 65488 65487 65486 65485 65484 65483 65482 65481 65480 65479 65478 65477 65476 65475 65474 65473 65472 65471 65470 65469 65468 65467 65466 65465 65464 65463 65462 65461 65460 65459 65458 65457 65456 65455 65454 65453 65452 65451 65450 65449 65448 65447 65446 65445 65444 65443 65442 65441 65440 65439 65438 65437 65436 65435 65434 65433 65432 65431 65430 65429 65428 65427 65426 65425 65424 65423 65422 65421 65420 65419 65418 65417 65416 65415 65414 65413 65412 65411 65410 65409 65408 65407 65406 65405 65404 65403 65402 65401 65400 65399 65398 65397 65396 65395 65394 65393 65392 65391 65390 65389 65388 65387 65386 65385 65384 65383 65382 65381 65380 65379 65378 65377 65376 65375 65374 65373 65372 65371 65370 65369 65368 65367 65366 65365 65364 65363 65362 65361 65360 65359 65358 65357 65356 65355 65354 65353 65352 65351 65350 65349 65348 65347 65346 65345 65344 65343 65342 65341 65340 65339 65338 65337 65336 65335 65334 65333 65332 65331 65330 65329 65328 65327 65326 65325 65324 65323 65322 65321 65320 65319 65318 65317 65316 65315 65314 65313 65312 65311 65310 65309 65308 65307 65306 65305 65304 65303 65302 65301 65300 65299 65298 65297 65296 65295 65294 65293 65292 65291 65290 65289 65288 65287 65286 65285 65284 65283 65282 65281 65280 65279 65278 65277 65276 65275 65274 65273 65272 65271 65270 65269 65268 65267 65266 65265 65264 65263 65262 65261 65260 65259 65258 65257 65256 65255 65254 65253 65252 65251 65250 65249 65248 65247 65246 65245 65244 65243 65242 65241 65240 65239 65238 65237 65236 65235 65234 65233 65232 65231 65230 65229 65228 65227 65226 65225 65224 65223 65222 65221 65220 65219 65218 65217 65216 65215 65214 65213 65212 65211 65210 65209 65208 65207 65206 65205 65204 65203 65202 65201 65200 65199 65198 65197 65196 65195 65194 65193 65192 65191 65190 65189 65188 65187 65186 65185 65184 65183 65182 65181 65180 65179 65178 65177 65176 65175 65174 65173 65172 65171 65170 65169 65168 65167 65166 65165 65164 65163 65162 65161 65160 65159 65158 65157 65156 65155 65154 65153 65152 65151 65150 65149 65148 65147 65146 65145 65144 65143 65142 65141 65140 65139 65138 65137 65136 65135 65134 65133 65132 65131 65130 65129 65128 65127 65126 65125 65124 65123 65122 65121 65120 65119 65118 65117 65116 65115 65114 65113 65112 65111 65110 65109 65108 65107 65106 65105 65104 65103 65102 65101 65100 65099 65098 65097 65096 65095 65094 65093 65092 65091 65090 65089 65088 65087 65086 65085 65084 65083 65082 65081 65080 65079 65078 65077 65076 65075 65074 65073 65072 65071 65070 65069 65068 65067 65066 65065 65064 65063 65062 65061 65060 65059 65058 65057 65056 65055 65054 65053 65052 65051 65050 65049 65048 65047 65046 65045 65044 65043 65042 65041 65040 65039 65038 65037 65036 65035 65034 65033 65032 65031 65030 65029 65028 65027 65026 65025 65024 65023 65022 65021 65020 65019 65018 65017 65016 65015 65014 65013 65012 65011 65010 65009 65008 65007 65006 65005 65004 65003 65002 65001 65000 64999 64998 64997 64996 64995 64994 64993 64992 64991 64990 64989 64988 64987 64986 64985 64984 64983 64982 64981 64980 64979 64978 64977 64976 64975 64974 64973 64972 64971 64970 64969 64968 64967 64966 64965 64964 64963 64962 64961 64960 64959 64958 64957 64956 64955 64954 64953 64952 64951 64950 64949 64948 64947 64946 64945 64944 64943 64942 64941 64940 64939 64938 64937 64936 64935 64934 64933 64932 64931 64930 64929 64928 64927 64926 64925 64924 64923 64922 64921 64920 64919 64918 64917 64916 64915 64914 64913 64912 64911 64910 64909 64908 64907 64906 64905 64904 64903 64902 64901 64900 64899 64898 64897 64896 64895 64894 64893 64892 64891 64890 64889 64888 64887 64886 64885 64884 64883 64882 64881 64880 64879 64878 64877 64876 64875 64874 64873 64872 64871 64870 64869 64868 64867 64866 64865 64864 64863 64862 64861 64860 64859 64858 64857 64856 64855 64854 64853 64852 64851 64850 64849 64848 64847 64846 64845 64844 64843 64842 64841 64840 64839 64838 64837 64836 64835 64834 64833 64832 64831 64830 64829 64828 64827 64826 64825 64824 64823 64822 64821 64820 64819 64818 64817 64816 64815 64814 64813 64812 64811 64810 64809 64808 64807 64806 64805 64804 64803 64802 64801 64800 64799 64798 64797 64796 64795 64794 64793 64792 64791 64790 64789 64788 64787 64786 64785 64784 64783 64782 64781 64780 64779 64778 64777 64776 64775 64774 64773 64772 64771 64770 64769 64768 64767 64766 64765 64764 64763 64762 64761 64760 64759 64758 64757 64756 64755 64754 64753 64752 64751 64750 64749 64748 64747 64746 64745 64744 64743 64742 64741 64740 64739 64738 64737 64736 64735 64734 64733 64732 64731 64730 64729 64728 64727 64726 64725 64724 64723 64722 64721 64720 64719 64718 64717 64716 64715 64714 64713 64712 64711 64710 64709 64708 64707 64706 64705 64704 64703 64702 64701 64700 64699 64698 64697 64696 64695 64694 64693 64692 64691 64690 64689 64688 64687 64686 64685 64684 64683 64682 64681 64680 64679 64678 64677 64676 64675 64674 64673 64672 64671 64670 64669 64668 64667 64666 64665 64664 64663 64662 64661 64660 64659 64658 64657 64656 64655 64654 64653 64652 64651 64650 64649 64648 64647 64646 64645 64644 64643 64642 64641 64640 64639 64638 64637 64636 64635 64634 64633 64632 64631 64630 64629 64628 64627 64626 64625 64624 64623 64622 64621 64620 64619 64618 64617 64616 64615 64614 64613 64612 64611 64610 64609 64608 64607 64606 64605 64604 64603 64602 64601 64600 64599 64598 64597 64596 64595 64594 64593 64592 64591 64590 64589 64588 64587 64586 64585 64584 64583 64582 64581 64580 64579 64578 64577 64576 64575 64574 64573 64572 64571 64570 64569 64568 64567 64566 64565 64564 64563 64562 64561 64560 64559 64558 64557 64556 64555 64554 64553 64552 64551 64550 64549 64548 64547 64546 64545 64544 64543 64542 64541 64540 64539 64538 64537 64536 64535 64534 64533 64532 64531 64530 64529 64528 64527 64526 64525 64524 64523 64522 64521 64520 64519 64518 64517 64516 64515 64514 64513 64512 64511 64510 64509 64508 64507 64506 64505 64504 64503 64502 64501 64500 64499 64498 64497 64496 64495 64494 64493 64492 64491 64490 64489 64488 64487 64486 64485 64484 64483 64482 64481 64480 64479 64478 64477 64476 64475 64474 64473 64472 64471 64470 64469 64468 64467 64466 64465 64464 64463 64462 64461 64460 64459 64458 64457 64456 64455 64454 64453 64452 64451 64450 64449 64448 64447 64446 64445 64444 64443 64442 64441 64440 64439 64438 64437 64436 64435 64434 64433 64432 64431 64430 64429 64428 64427 64426 64425 64424 64423 64422 64421 64420 64419 64418 64417 64416 64415 64414 64413 64412 64411 64410 64409 64408 64407 64406 64405 64404 64403 64402 64401 64400 64399 64398 64397 64396 64395 64394 64393 64392 64391 64390 64389 64388 64387 64386 64385 64384 64383 64382 64381 64380 64379 64378 64377 64376 64375 64374 64373 64372 64371 64370 64369 64368 64367 64366 64365 64364 64363 64362 64361 64360 64359 64358 64357 64356 64355 64354 64353 64352 64351 64350 64349 64348 64347 64346 64345 64344 64343 64342 64341 64340 64339 64338 64337 64336 64335 64334 64333 64332 64331 64330 64329 64328 64327 64326 64325 64324 64323 64322 64321 64320 64319 64318 64317 64316 64315 64314 64313 64312 64311 64310 64309 64308 64307 64306 64305 64304 64303 64302 64301 64300 64299 64298 64297 64296 64295 64294 64293 64292 64291 64290 64289 64288 64287 64286 64285 64284 64283 64282 64281 64280 64279 64278 64277 64276 64275 64274 64273 64272 64271 64270 64269 64268 64267 64266 64265 64264 64263 64262 64261 64260 64259 64258 64257 64256 64255 64254 64253 64252 64251 64250 64249 64248 64247 64246 64245 64244 64243 64242 64241 64240 64239 64238 64237 64236 64235 64234 64233 64232 64231 64230 64229 64228 64227 64226 64225 64224 64223 64222 64221 64220 64219 64218 64217 64216 64215 64214 64213 64212 64211 64210 64209 64208 64207 64206 64205 64204 64203 64202 64201 64200 64199 64198 64197 64196 64195 64194 64193 64192 64191 64190 64189 64188 64187 64186 64185 64184 64183 64182 64181 64180 64179 64178 64177 64176 64175 64174 64173 64172 64171 64170 64169 64168 64167 64166 64165 64164 64163 64162 64161 64160 64159 64158 64157 64156 64155 64154 64153 64152 64151 64150 64149 64148 64147 64146 64145 64144 64143 64142 64141 64140 64139 64138 64137 64136 64135 64134 64133 64132 64131 64130 64129 64128 64127 64126 64125 64124 64123 64122 64121 64120 64119 64118 64117 64116 64115 64114 64113 64112 64111 64110 64109 64108 64107 64106 64105 64104 64103 64102 64101 64100 64099 64098 64097 64096 64095 64094 64093 64092 64091 64090 64089 64088 64087 64086 64085 64084 64083 64082 64081 64080 64079 64078 64077 64076 64075 64074 64073 64072 64071 64070 64069 64068 64067 64066 64065 64064 64063 64062 64061 64060 64059 64058 64057 64056 64055 64054 64053 64052 64051 64050 64049 64048 64047 64046 64045 64044 64043 64042 64041 64040 64039 64038 64037 64036 64035 64034 64033 64032 64031 64030 64029 64028 64027 64026 64025 64024 64023 64022 64021 64020 64019 64018 64017 64016 64015 64014 64013 64012 64011 64010 64009 64008 64007 64006 64005 64004 64003 64002 64001 64000 63999 63998 63997 63996 63995 63994 63993 63992 63991 63990 63989 63988 63987 63986 63985 63984 63983 63982 63981 63980 63979 63978 63977 63976 63975 63974 63973 63972 63971 63970 63969 63968 63967 63966 63965 63964 63963 63962 63961 63960 63959 63958 63957 63956 63955 63954 63953 63952 63951 63950 63949 63948 63947 63946 63945 63944 63943 63942 63941 63940 63939 63938 63937 63936 63935 63934 63933 63932 63931 63930 63929 63928 63927 63926 63925 63924 63923 63922 63921 63920 63919 63918 63917 63916 63915 63914 63913 63912 63911 63910 63909 63908 63907 63906 63905 63904 63903 63902 63901 63900 63899 63898 63897 63896 63895 63894 63893 63892 63891 63890 63889 63888 63887 63886 63885 63884 63883 63882 63881 63880 63879 63878 63877 63876 63875 63874 63873 63872 63871 63870 63869 63868 63867 63866 63865 63864 63863 63862 63861 63860 63859 63858 63857 63856 63855 63854 63853 63852 63851 63850 63849 63848 63847 63846 63845 63844 63843 63842 63841 63840 63839 63838 63837 63836 63835 63834 63833 63832 63831 63830 63829 63828 63827 63826 63825 63824 63823 63822 63821 63820 63819 63818 63817 63816 63815 63814 63813 63812 63811 63810 63809 63808 63807 63806 63805 63804 63803 63802 63801 63800 63799 63798 63797 63796 63795 63794 63793 63792 63791 63790 63789 63788 63787 63786 63785 63784 63783 63782 63781 63780 63779 63778 63777 63776 63775 63774 63773 63772 63771 63770 63769 63768 63767 63766 63765 63764 63763 63762 63761 63760 63759 63758 63757 63756 63755 63754 63753 63752 63751 63750 63749 63748 63747 63746 63745 63744 63743 63742 63741 63740 63739 63738 63737 63736 63735 63734 63733 63732 63731 63730 63729 63728 63727 63726 63725 63724 63723 63722 63721 63720 63719 63718 63717 63716 63715 63714 63713 63712 63711 63710 63709 63708 63707 63706 63705 63704 63703 63702 63701 63700 63699 63698 63697 63696 63695 63694 63693 63692 63691 63690 63689 63688 63687 63686 63685 63684 63683 63682 63681 63680 63679 63678 63677 63676 63675 63674 63673 63672 63671 63670 63669 63668 63667 63666 63665 63664 63663 63662 63661 63660 63659 63658 63657 63656 63655 63654 63653 63652 63651 63650 63649 63648 63647 63646 63645 63644 63643 63642 63641 63640 63639 63638 63637 63636 63635 63634 63633 63632 63631 63630 63629 63628 63627 63626 63625 63624 63623 63622 63621 63620 63619 63618 63617 63616 63615 63614 63613 63612 63611 63610 63609 63608 63607 63606 63605 63604 63603 63602 63601 63600 63599 63598 63597 63596 63595 63594 63593 63592 63591 63590 63589 63588 63587 63586 63585 63584 63583 63582 63581 63580 63579 63578 63577 63576 63575 63574 63573 63572 63571 63570 63569 63568 63567 63566 63565 63564 63563 63562 63561 63560 63559 63558 63557 63556 63555 63554 63553 63552 63551 63550 63549 63548 63547 63546 63545 63544 63543 63542 63541 63540 63539 63538 63537 63536 63535 63534 63533 63532 63531 63530 63529 63528 63527 63526 63525 63524 63523 63522 63521 63520 63519 63518 63517 63516 63515 63514 63513 63512 63511 63510 63509 63508 63507 63506 63505 63504 63503 63502 63501 63500 63499 63498 63497 63496 63495 63494 63493 63492 63491 63490 63489 63488 63487 63486 63485 63484 63483 63482 63481 63480 63479 63478 63477 63476 63475 63474 63473 63472 63471 63470 63469 63468 63467 63466 63465 63464 63463 63462 63461 63460 63459 63458 63457 63456 63455 63454 63453 63452 63451 63450 63449 63448 63447 63446 63445 63444 63443 63442 63441 63440 63439 63438 63437 63436 63435 63434 63433 63432 63431 63430 63429 63428 63427 63426 63425 63424 63423 63422 63421 63420 63419 63418 63417 63416 63415 63414 63413 63412 63411 63410 63409 63408 63407 63406 63405 63404 63403 63402 63401 63400 63399 63398 63397 63396 63395 63394 63393 63392 63391 63390 63389 63388 63387 63386 63385 63384 63383 63382 63381 63380 63379 63378 63377 63376 63375 63374 63373 63372 63371 63370 63369 63368 63367 63366 63365 63364 63363 63362 63361 63360 63359 63358 63357 63356 63355 63354 63353 63352 63351 63350 63349 63348 63347 63346 63345 63344 63343 63342 63341 63340 63339 63338 63337 63336 63335 63334 63333 63332 63331 63330 63329 63328 63327 63326 63325 63324 63323 63322 63321 63320 63319 63318 63317 63316 63315 63314 63313 63312 63311 63310 63309 63308 63307 63306 63305 63304 63303 63302 63301 63300 63299 63298 63297 63296 63295 63294 63293 63292 63291 63290 63289 63288 63287 63286 63285 63284 63283 63282 63281 63280 63279 63278 63277 63276 63275 63274 63273 63272 63271 63270 63269 63268 63267 63266 63265 63264 63263 63262 63261 63260 63259 63258 63257 63256 63255 63254 63253 63252 63251 63250 63249 63248 63247 63246 63245 63244 63243 63242 63241 63240 63239 63238 63237 63236 63235 63234 63233 63232 63231 63230 63229 63228 63227 63226 63225 63224 63223 63222 63221 63220 63219 63218 63217 63216 63215 63214 63213 63212 63211 63210 63209 63208 63207 63206 63205 63204 63203 63202 63201 63200 63199 63198 63197 63196 63195 63194 63193 63192 63191 63190 63189 63188 63187 63186 63185 63184 63183 63182 63181 63180 63179 63178 63177 63176 63175 63174 63173 63172 63171 63170 63169 63168 63167 63166 63165 63164 63163 63162 63161 63160 63159 63158 63157 63156 63155 63154 63153 63152 63151 63150 63149 63148 63147 63146 63145 63144 63143 63142 63141 63140 63139 63138 63137 63136 63135 63134 63133 63132 63131 63130 63129 63128 63127 63126 63125 63124 63123 63122 63121 63120 63119 63118 63117 63116 63115 63114 63113 63112 63111 63110 63109 63108 63107 63106 63105 63104 63103 63102 63101 63100 63099 63098 63097 63096 63095 63094 63093 63092 63091 63090 63089 63088 63087 63086 63085 63084 63083 63082 63081 63080 63079 63078 63077 63076 63075 63074 63073 63072 63071 63070 63069 63068 63067 63066 63065 63064 63063 63062 63061 63060 63059 63058 63057 63056 63055 63054 63053 63052 63051 63050 63049 63048 63047 63046 63045 63044 63043 63042 63041 63040 63039 63038 63037 63036 63035 63034 63033 63032 63031 63030 63029 63028 63027 63026 63025 63024 63023 63022 63021 63020 63019 63018 63017 63016 63015 63014 63013 63012 63011 63010 63009 63008 63007 63006 63005 63004 63003 63002 63001 63000 62999 62998 62997 62996 62995 62994 62993 62992 62991 62990 62989 62988 62987 62986 62985 62984 62983 62982 62981 62980 62979 62978 62977 62976 62975 62974 62973 62972 62971 62970 62969 62968 62967 62966 62965 62964 62963 62962 62961 62960 62959 62958 62957 62956 62955 62954 62953 62952 62951 62950 62949 62948 62947 62946 62945 62944 62943 62942 62941 62940 62939 62938 62937 62936 62935 62934 62933 62932 62931 62930 62929 62928 62927 62926 62925 62924 62923 62922 62921 62920 62919 62918 62917 62916 62915 62914 62913 62912 62911 62910 62909 62908 62907 62906 62905 62904 62903 62902 62901 62900 62899 62898 62897 62896 62895 62894 62893 62892 62891 62890 62889 62888 62887 62886 62885 62884 62883 62882 62881 62880 62879 62878 62877 62876 62875 62874 62873 62872 62871 62870 62869 62868 62867 62866 62865 62864 62863 62862 62861 62860 62859 62858 62857 62856 62855 62854 62853 62852 62851 62850 62849 62848 62847 62846 62845 62844 62843 62842 62841 62840 62839 62838 62837 62836 62835 62834 62833 62832 62831 62830 62829 62828 62827 62826 62825 62824 62823 62822 62821 62820 62819 62818 62817 62816 62815 62814 62813 62812 62811 62810 62809 62808 62807 62806 62805 62804 62803 62802 62801 62800 62799 62798 62797 62796 62795 62794 62793 62792 62791 62790 62789 62788 62787 62786 62785 62784 62783 62782 62781 62780 62779 62778 62777 62776 62775 62774 62773 62772 62771 62770 62769 62768 62767 62766 62765 62764 62763 62762 62761 62760 62759 62758 62757 62756 62755 62754 62753 62752 62751 62750 62749 62748 62747 62746 62745 62744 62743 62742 62741 62740 62739 62738 62737 62736 62735 62734 62733 62732 62731 62730 62729 62728 62727 62726 62725 62724 62723 62722 62721 62720 62719 62718 62717 62716 62715 62714 62713 62712 62711 62710 62709 62708 62707 62706 62705 62704 62703 62702 62701 62700 62699 62698 62697 62696 62695 62694 62693 62692 62691 62690 62689 62688 62687 62686 62685 62684 62683 62682 62681 62680 62679 62678 62677 62676 62675 62674 62673 62672 62671 62670 62669 62668 62667 62666 62665 62664 62663 62662 62661 62660 62659 62658 62657 62656 62655 62654 62653 62652 62651 62650 62649 62648 62647 62646 62645 62644 62643 62642 62641 62640 62639 62638 62637 62636 62635 62634 62633 62632 62631 62630 62629 62628 62627 62626 62625 62624 62623 62622 62621 62620 62619 62618 62617 62616 62615 62614 62613 62612 62611 62610 62609 62608 62607 62606 62605 62604 62603 62602 62601 62600 62599 62598 62597 62596 62595 62594 62593 62592 62591 62590 62589 62588 62587 62586 62585 62584 62583 62582 62581 62580 62579 62578 62577 62576 62575 62574 62573 62572 62571 62570 62569 62568 62567 62566 62565 62564 62563 62562 62561 62560 62559 62558 62557 62556 62555 62554 62553 62552 62551 62550 62549 62548 62547 62546 62545 62544 62543 62542 62541 62540 62539 62538 62537 62536 62535 62534 62533 62532 62531 62530 62529 62528 62527 62526 62525 62524 62523 62522 62521 62520 62519 62518 62517 62516 62515 62514 62513 62512 62511 62510 62509 62508 62507 62506 62505 62504 62503 62502 62501 62500 62499 62498 62497 62496 62495 62494 62493 62492 62491 62490 62489 62488 62487 62486 62485 62484 62483 62482 62481 62480 62479 62478 62477 62476 62475 62474 62473 62472 62471 62470 62469 62468 62467 62466 62465 62464 62463 62462 62461 62460 62459 62458 62457 62456 62455 62454 62453 62452 62451 62450 62449 62448 62447 62446 62445 62444 62443 62442 62441 62440 62439 62438 62437 62436 62435 62434 62433 62432 62431 62430 62429 62428 62427 62426 62425 62424 62423 62422 62421 62420 62419 62418 62417 62416 62415 62414 62413 62412 62411 62410 62409 62408 62407 62406 62405 62404 62403 62402 62401 62400 62399 62398 62397 62396 62395 62394 62393 62392 62391 62390 62389 62388 62387 62386 62385 62384 62383 62382 62381 62380 62379 62378 62377 62376 62375 62374 62373 62372 62371 62370 62369 62368 62367 62366 62365 62364 62363 62362 62361 62360 62359 62358 62357 62356 62355 62354 62353 62352 62351 62350 62349 62348 62347 62346 62345 62344 62343 62342 62341 62340 62339 62338 62337 62336 62335 62334 62333 62332 62331 62330 62329 62328 62327 62326 62325 62324 62323 62322 62321 62320 62319 62318 62317 62316 62315 62314 62313 62312 62311 62310 62309 62308 62307 62306 62305 62304 62303 62302 62301 62300 62299 62298 62297 62296 62295 62294 62293 62292 62291 62290 62289 62288 62287 62286 62285 62284 62283 62282 62281 62280 62279 62278 62277 62276 62275 62274 62273 62272 62271 62270 62269 62268 62267 62266 62265 62264 62263 62262 62261 62260 62259 62258 62257 62256 62255 62254 62253 62252 62251 62250 62249 62248 62247 62246 62245 62244 62243 62242 62241 62240 62239 62238 62237 62236 62235 62234 62233 62232 62231 62230 62229 62228 62227 62226 62225 62224 62223 62222 62221 62220 62219 62218 62217 62216 62215 62214 62213 62212 62211 62210 62209 62208 62207 62206 62205 62204 62203 62202 62201 62200 62199 62198 62197 62196 62195 62194 62193 62192 62191 62190 62189 62188 62187 62186 62185 62184 62183 62182 62181 62180 62179 62178 62177 62176 62175 62174 62173 62172 62171 62170 62169 62168 62167 62166 62165 62164 62163 62162 62161 62160 62159 62158 62157 62156 62155 62154 62153 62152 62151 62150 62149 62148 62147 62146 62145 62144 62143 62142 62141 62140 62139 62138 62137 62136 62135 62134 62133 62132 62131 62130 62129 62128 62127 62126 62125 62124 62123 62122 62121 62120 62119 62118 62117 62116 62115 62114 62113 62112 62111 62110 62109 62108 62107 62106 62105 62104 62103 62102 62101 62100 62099 62098 62097 62096 62095 62094 62093 62092 62091 62090 62089 62088 62087 62086 62085 62084 62083 62082 62081 62080 62079 62078 62077 62076 62075 62074 62073 62072 62071 62070 62069 62068 62067 62066 62065 62064 62063 62062 62061 62060 62059 62058 62057 62056 62055 62054 62053 62052 62051 62050 62049 62048 62047 62046 62045 62044 62043 62042 62041 62040 62039 62038 62037 62036 62035 62034 62033 62032 62031 62030 62029 62028 62027 62026 62025 62024 62023 62022 62021 62020 62019 62018 62017 62016 62015 62014 62013 62012 62011 62010 62009 62008 62007 62006 62005 62004 62003 62002 62001 62000 61999 61998 61997 61996 61995 61994 61993 61992 61991 61990 61989 61988 61987 61986 61985 61984 61983 61982 61981 61980 61979 61978 61977 61976 61975 61974 61973 61972 61971 61970 61969 61968 61967 61966 61965 61964 61963 61962 61961 61960 61959 61958 61957 61956 61955 61954 61953 61952 61951 61950 61949 61948 61947 61946 61945 61944 61943 61942 61941 61940 61939 61938 61937 61936 61935 61934 61933 61932 61931 61930 61929 61928 61927 61926 61925 61924 61923 61922 61921 61920 61919 61918 61917 61916 61915 61914 61913 61912 61911 61910 61909 61908 61907 61906 61905 61904 61903 61902 61901 61900 61899 61898 61897 61896 61895 61894 61893 61892 61891 61890 61889 61888 61887 61886 61885 61884 61883 61882 61881 61880 61879 61878 61877 61876 61875 61874 61873 61872 61871 61870 61869 61868 61867 61866 61865 61864 61863 61862 61861 61860 61859 61858 61857 61856 61855 61854 61853 61852 61851 61850 61849 61848 61847 61846 61845 61844 61843 61842 61841 61840 61839 61838 61837 61836 61835 61834 61833 61832 61831 61830 61829 61828 61827 61826 61825 61824 61823 61822 61821 61820 61819 61818 61817 61816 61815 61814 61813 61812 61811 61810 61809 61808 61807 61806 61805 61804 61803 61802 61801 61800 61799 61798 61797 61796 61795 61794 61793 61792 61791 61790 61789 61788 61787 61786 61785 61784 61783 61782 61781 61780 61779 61778 61777 61776 61775 61774 61773 61772 61771 61770 61769 61768 61767 61766 61765 61764 61763 61762 61761 61760 61759 61758 61757 61756 61755 61754 61753 61752 61751 61750 61749 61748 61747 61746 61745 61744 61743 61742 61741 61740 61739 61738 61737 61736 61735 61734 61733 61732 61731 61730 61729 61728 61727 61726 61725 61724 61723 61722 61721 61720 61719 61718 61717 61716 61715 61714 61713 61712 61711 61710 61709 61708 61707 61706 61705 61704 61703 61702 61701 61700 61699 61698 61697 61696 61695 61694 61693 61692 61691 61690 61689 61688 61687 61686 61685 61684 61683 61682 61681 61680 61679 61678 61677 61676 61675 61674 61673 61672 61671 61670 61669 61668 61667 61666 61665 61664 61663 61662 61661 61660 61659 61658 61657 61656 61655 61654 61653 61652 61651 61650 61649 61648 61647 61646 61645 61644 61643 61642 61641 61640 61639 61638 61637 61636 61635 61634 61633 61632 61631 61630 61629 61628 61627 61626 61625 61624 61623 61622 61621 61620 61619 61618 61617 61616 61615 61614 61613 61612 61611 61610 61609 61608 61607 61606 61605 61604 61603 61602 61601 61600 61599 61598 61597 61596 61595 61594 61593 61592 61591 61590 61589 61588 61587 61586 61585 61584 61583 61582 61581 61580 61579 61578 61577 61576 61575 61574 61573 61572 61571 61570 61569 61568 61567 61566 61565 61564 61563 61562 61561 61560 61559 61558 61557 61556 61555 61554 61553 61552 61551 61550 61549 61548 61547 61546 61545 61544 61543 61542 61541 61540 61539 61538 61537 61536 61535 61534 61533 61532 61531 61530 61529 61528 61527 61526 61525 61524 61523 61522 61521 61520 61519 61518 61517 61516 61515 61514 61513 61512 61511 61510 61509 61508 61507 61506 61505 61504 61503 61502 61501 61500 61499 61498 61497 61496 61495 61494 61493 61492 61491 61490 61489 61488 61487 61486 61485 61484 61483 61482 61481 61480 61479 61478 61477 61476 61475 61474 61473 61472 61471 61470 61469 61468 61467 61466 61465 61464 61463 61462 61461 61460 61459 61458 61457 61456 61455 61454 61453 61452 61451 61450 61449 61448 61447 61446 61445 61444 61443 61442 61441 61440 61439 61438 61437 61436 61435 61434 61433 61432 61431 61430 61429 61428 61427 61426 61425 61424 61423 61422 61421 61420 61419 61418 61417 61416 61415 61414 61413 61412 61411 61410 61409 61408 61407 61406 61405 61404 61403 61402 61401 61400 61399 61398 61397 61396 61395 61394 61393 61392 61391 61390 61389 61388 61387 61386 61385 61384 61383 61382 61381 61380 61379 61378 61377 61376 61375 61374 61373 61372 61371 61370 61369 61368 61367 61366 61365 61364 61363 61362 61361 61360 61359 61358 61357 61356 61355 61354 61353 61352 61351 61350 61349 61348 61347 61346 61345 61344 61343 61342 61341 61340 61339 61338 61337 61336 61335 61334 61333 61332 61331 61330 61329 61328 61327 61326 61325 61324 61323 61322 61321 61320 61319 61318 61317 61316 61315 61314 61313 61312 61311 61310 61309 61308 61307 61306 61305 61304 61303 61302 61301 61300 61299 61298 61297 61296 61295 61294 61293 61292 61291 61290 61289 61288 61287 61286 61285 61284 61283 61282 61281 61280 61279 61278 61277 61276 61275 61274 61273 61272 61271 61270 61269 61268 61267 61266 61265 61264 61263 61262 61261 61260 61259 61258 61257 61256 61255 61254 61253 61252 61251 61250 61249 61248 61247 61246 61245 61244 61243 61242 61241 61240 61239 61238 61237 61236 61235 61234 61233 61232 61231 61230 61229 61228 61227 61226 61225 61224 61223 61222 61221 61220 61219 61218 61217 61216 61215 61214 61213 61212 61211 61210 61209 61208 61207 61206 61205 61204 61203 61202 61201 61200 61199 61198 61197 61196 61195 61194 61193 61192 61191 61190 61189 61188 61187 61186 61185 61184 61183 61182 61181 61180 61179 61178 61177 61176 61175 61174 61173 61172 61171 61170 61169 61168 61167 61166 61165 61164 61163 61162 61161 61160 61159 61158 61157 61156 61155 61154 61153 61152 61151 61150 61149 61148 61147 61146 61145 61144 61143 61142 61141 61140 61139 61138 61137 61136 61135 61134 61133 61132 61131 61130 61129 61128 61127 61126 61125 61124 61123 61122 61121 61120 61119 61118 61117 61116 61115 61114 61113 61112 61111 61110 61109 61108 61107 61106 61105 61104 61103 61102 61101 61100 61099 61098 61097 61096 61095 61094 61093 61092 61091 61090 61089 61088 61087 61086 61085 61084 61083 61082 61081 61080 61079 61078 61077 61076 61075 61074 61073 61072 61071 61070 61069 61068 61067 61066 61065 61064 61063 61062 61061 61060 61059 61058 61057 61056 61055 61054 61053 61052 61051 61050 61049 61048 61047 61046 61045 61044 61043 61042 61041 61040 61039 61038 61037 61036 61035 61034 61033 61032 61031 61030 61029 61028 61027 61026 61025 61024 61023 61022 61021 61020 61019 61018 61017 61016 61015 61014 61013 61012 61011 61010 61009 61008 61007 61006 61005 61004 61003 61002 61001 61000 60999 60998 60997 60996 60995 60994 60993 60992 60991 60990 60989 60988 60987 60986 60985 60984 60983 60982 60981 60980 60979 60978 60977 60976 60975 60974 60973 60972 60971 60970 60969 60968 60967 60966 60965 60964 60963 60962 60961 60960 60959 60958 60957 60956 60955 60954 60953 60952 60951 60950 60949 60948 60947 60946 60945 60944 60943 60942 60941 60940 60939 60938 60937 60936 60935 60934 60933 60932 60931 60930 60929 60928 60927 60926 60925 60924 60923 60922 60921 60920 60919 60918 60917 60916 60915 60914 60913 60912 60911 60910 60909 60908 60907 60906 60905 60904 60903 60902 60901 60900 60899 60898 60897 60896 60895 60894 60893 60892 60891 60890 60889 60888 60887 60886 60885 60884 60883 60882 60881 60880 60879 60878 60877 60876 60875 60874 60873 60872 60871 60870 60869 60868 60867 60866 60865 60864 60863 60862 60861 60860 60859 60858 60857 60856 60855 60854 60853 60852 60851 60850 60849 60848 60847 60846 60845 60844 60843 60842 60841 60840 60839 60838 60837 60836 60835 60834 60833 60832 60831 60830 60829 60828 60827 60826 60825 60824 60823 60822 60821 60820 60819 60818 60817 60816 60815 60814 60813 60812 60811 60810 60809 60808 60807 60806 60805 60804 60803 60802 60801 60800 60799 60798 60797 60796 60795 60794 60793 60792 60791 60790 60789 60788 60787 60786 60785 60784 60783 60782 60781 60780 60779 60778 60777 60776 60775 60774 60773 60772 60771 60770 60769 60768 60767 60766 60765 60764 60763 60762 60761 60760 60759 60758 60757 60756 60755 60754 60753 60752 60751 60750 60749 60748 60747 60746 60745 60744 60743 60742 60741 60740 60739 60738 60737 60736 60735 60734 60733 60732 60731 60730 60729 60728 60727 60726 60725 60724 60723 60722 60721 60720 60719 60718 60717 60716 60715 60714 60713 60712 60711 60710 60709 60708 60707 60706 60705 60704 60703 60702 60701 60700 60699 60698 60697 60696 60695 60694 60693 60692 60691 60690 60689 60688 60687 60686 60685 60684 60683 60682 60681 60680 60679 60678 60677 60676 60675 60674 60673 60672 60671 60670 60669 60668 60667 60666 60665 60664 60663 60662 60661 60660 60659 60658 60657 60656 60655 60654 60653 60652 60651 60650 60649 60648 60647 60646 60645 60644 60643 60642 60641 60640 60639 60638 60637 60636 60635 60634 60633 60632 60631 60630 60629 60628 60627 60626 60625 60624 60623 60622 60621 60620 60619 60618 60617 60616 60615 60614 60613 60612 60611 60610 60609 60608 60607 60606 60605 60604 60603 60602 60601 60600 60599 60598 60597 60596 60595 60594 60593 60592 60591 60590 60589 60588 60587 60586 60585 60584 60583 60582 60581 60580 60579 60578 60577 60576 60575 60574 60573 60572 60571 60570 60569 60568 60567 60566 60565 60564 60563 60562 60561 60560 60559 60558 60557 60556 60555 60554 60553 60552 60551 60550 60549 60548 60547 60546 60545 60544 60543 60542 60541 60540 60539 60538 60537 60536 60535 60534 60533 60532 60531 60530 60529 60528 60527 60526 60525 60524 60523 60522 60521 60520 60519 60518 60517 60516 60515 60514 60513 60512 60511 60510 60509 60508 60507 60506 60505 60504 60503 60502 60501 60500 60499 60498 60497 60496 60495 60494 60493 60492 60491 60490 60489 60488 60487 60486 60485 60484 60483 60482 60481 60480 60479 60478 60477 60476 60475 60474 60473 60472 60471 60470 60469 60468 60467 60466 60465 60464 60463 60462 60461 60460 60459 60458 60457 60456 60455 60454 60453 60452 60451 60450 60449 60448 60447 60446 60445 60444 60443 60442 60441 60440 60439 60438 60437 60436 60435 60434 60433 60432 60431 60430 60429 60428 60427 60426 60425 60424 60423 60422 60421 60420 60419 60418 60417 60416 60415 60414 60413 60412 60411 60410 60409 60408 60407 60406 60405 60404 60403 60402 60401 60400 60399 60398 60397 60396 60395 60394 60393 60392 60391 60390 60389 60388 60387 60386 60385 60384 60383 60382 60381 60380 60379 60378 60377 60376 60375 60374 60373 60372 60371 60370 60369 60368 60367 60366 60365 60364 60363 60362 60361 60360 60359 60358 60357 60356 60355 60354 60353 60352 60351 60350 60349 60348 60347 60346 60345 60344 60343 60342 60341 60340 60339 60338 60337 60336 60335 60334 60333 60332 60331 60330 60329 60328 60327 60326 60325 60324 60323 60322 60321 60320 60319 60318 60317 60316 60315 60314 60313 60312 60311 60310 60309 60308 60307 60306 60305 60304 60303 60302 60301 60300 60299 60298 60297 60296 60295 60294 60293 60292 60291 60290 60289 60288 60287 60286 60285 60284 60283 60282 60281 60280 60279 60278 60277 60276 60275 60274 60273 60272 60271 60270 60269 60268 60267 60266 60265 60264 60263 60262 60261 60260 60259 60258 60257 60256 60255 60254 60253 60252 60251 60250 60249 60248 60247 60246 60245 60244 60243 60242 60241 60240 60239 60238 60237 60236 60235 60234 60233 60232 60231 60230 60229 60228 60227 60226 60225 60224 60223 60222 60221 60220 60219 60218 60217 60216 60215 60214 60213 60212 60211 60210 60209 60208 60207 60206 60205 60204 60203 60202 60201 60200 60199 60198 60197 60196 60195 60194 60193 60192 60191 60190 60189 60188 60187 60186 60185 60184 60183 60182 60181 60180 60179 60178 60177 60176 60175 60174 60173 60172 60171 60170 60169 60168 60167 60166 60165 60164 60163 60162 60161 60160 60159 60158 60157 60156 60155 60154 60153 60152 60151 60150 60149 60148 60147 60146 60145 60144 60143 60142 60141 60140 60139 60138 60137 60136 60135 60134 60133 60132 60131 60130 60129 60128 60127 60126 60125 60124 60123 60122 60121 60120 60119 60118 60117 60116 60115 60114 60113 60112 60111 60110 60109 60108 60107 60106 60105 60104 60103 60102 60101 60100 60099 60098 60097 60096 60095 60094 60093 60092 60091 60090 60089 60088 60087 60086 60085 60084 60083 60082 60081 60080 60079 60078 60077 60076 60075 60074 60073 60072 60071 60070 60069 60068 60067 60066 60065 60064 60063 60062 60061 60060 60059 60058 60057 60056 60055 60054 60053 60052 60051 60050 60049 60048 60047 60046 60045 60044 60043 60042 60041 60040 60039 60038 60037 60036 60035 60034 60033 60032 60031 60030 60029 60028 60027 60026 60025 60024 60023 60022 60021 60020 60019 60018 60017 60016 60015 60014 60013 60012 60011 60010 60009 60008 60007 60006 60005 60004 60003 60002 60001 60000 59999 59998 59997 59996 59995 59994 59993 59992 59991 59990 59989 59988 59987 59986 59985 59984 59983 59982 59981 59980 59979 59978 59977 59976 59975 59974 59973 59972 59971 59970 59969 59968 59967 59966 59965 59964 59963 59962 59961 59960 59959 59958 59957 59956 59955 59954 59953 59952 59951 59950 59949 59948 59947 59946 59945 59944 59943 59942 59941 59940 59939 59938 59937 59936 59935 59934 59933 59932 59931 59930 59929 59928 59927 59926 59925 59924 59923 59922 59921 59920 59919 59918 59917 59916 59915 59914 59913 59912 59911 59910 59909 59908 59907 59906 59905 59904 59903 59902 59901 59900 59899 59898 59897 59896 59895 59894 59893 59892 59891 59890 59889 59888 59887 59886 59885 59884 59883 59882 59881 59880 59879 59878 59877 59876 59875 59874 59873 59872 59871 59870 59869 59868 59867 59866 59865 59864 59863 59862 59861 59860 59859 59858 59857 59856 59855 59854 59853 59852 59851 59850 59849 59848 59847 59846 59845 59844 59843 59842 59841 59840 59839 59838 59837 59836 59835 59834 59833 59832 59831 59830 59829 59828 59827 59826 59825 59824 59823 59822 59821 59820 59819 59818 59817 59816 59815 59814 59813 59812 59811 59810 59809 59808 59807 59806 59805 59804 59803 59802 59801 59800 59799 59798 59797 59796 59795 59794 59793 59792 59791 59790 59789 59788 59787 59786 59785 59784 59783 59782 59781 59780 59779 59778 59777 59776 59775 59774 59773 59772 59771 59770 59769 59768 59767 59766 59765 59764 59763 59762 59761 59760 59759 59758 59757 59756 59755 59754 59753 59752 59751 59750 59749 59748 59747 59746 59745 59744 59743 59742 59741 59740 59739 59738 59737 59736 59735 59734 59733 59732 59731 59730 59729 59728 59727 59726 59725 59724 59723 59722 59721 59720 59719 59718 59717 59716 59715 59714 59713 59712 59711 59710 59709 59708 59707 59706 59705 59704 59703 59702 59701 59700 59699 59698 59697 59696 59695 59694 59693 59692 59691 59690 59689 59688 59687 59686 59685 59684 59683 59682 59681 59680 59679 59678 59677 59676 59675 59674 59673 59672 59671 59670 59669 59668 59667 59666 59665 59664 59663 59662 59661 59660 59659 59658 59657 59656 59655 59654 59653 59652 59651 59650 59649 59648 59647 59646 59645 59644 59643 59642 59641 59640 59639 59638 59637 59636 59635 59634 59633 59632 59631 59630 59629 59628 59627 59626 59625 59624 59623 59622 59621 59620 59619 59618 59617 59616 59615 59614 59613 59612 59611 59610 59609 59608 59607 59606 59605 59604 59603 59602 59601 59600 59599 59598 59597 59596 59595 59594 59593 59592 59591 59590 59589 59588 59587 59586 59585 59584 59583 59582 59581 59580 59579 59578 59577 59576 59575 59574 59573 59572 59571 59570 59569 59568 59567 59566 59565 59564 59563 59562 59561 59560 59559 59558 59557 59556 59555 59554 59553 59552 59551 59550 59549 59548 59547 59546 59545 59544 59543 59542 59541 59540 59539 59538 59537 59536 59535 59534 59533 59532 59531 59530 59529 59528 59527 59526 59525 59524 59523 59522 59521 59520 59519 59518 59517 59516 59515 59514 59513 59512 59511 59510 59509 59508 59507 59506 59505 59504 59503 59502 59501 59500 59499 59498 59497 59496 59495 59494 59493 59492 59491 59490 59489 59488 59487 59486 59485 59484 59483 59482 59481 59480 59479 59478 59477 59476 59475 59474 59473 59472 59471 59470 59469 59468 59467 59466 59465 59464 59463 59462 59461 59460 59459 59458 59457 59456 59455 59454 59453 59452 59451 59450 59449 59448 59447 59446 59445 59444 59443 59442 59441 59440 59439 59438 59437 59436 59435 59434 59433 59432 59431 59430 59429 59428 59427 59426 59425 59424 59423 59422 59421 59420 59419 59418 59417 59416 59415 59414 59413 59412 59411 59410 59409 59408 59407 59406 59405 59404 59403 59402 59401 59400 59399 59398 59397 59396 59395 59394 59393 59392 59391 59390 59389 59388 59387 59386 59385 59384 59383 59382 59381 59380 59379 59378 59377 59376 59375 59374 59373 59372 59371 59370 59369 59368 59367 59366 59365 59364 59363 59362 59361 59360 59359 59358 59357 59356 59355 59354 59353 59352 59351 59350 59349 59348 59347 59346 59345 59344 59343 59342 59341 59340 59339 59338 59337 59336 59335 59334 59333 59332 59331 59330 59329 59328 59327 59326 59325 59324 59323 59322 59321 59320 59319 59318 59317 59316 59315 59314 59313 59312 59311 59310 59309 59308 59307 59306 59305 59304 59303 59302 59301 59300 59299 59298 59297 59296 59295 59294 59293 59292 59291 59290 59289 59288 59287 59286 59285 59284 59283 59282 59281 59280 59279 59278 59277 59276 59275 59274 59273 59272 59271 59270 59269 59268 59267 59266 59265 59264 59263 59262 59261 59260 59259 59258 59257 59256 59255 59254 59253 59252 59251 59250 59249 59248 59247 59246 59245 59244 59243 59242 59241 59240 59239 59238 59237 59236 59235 59234 59233 59232 59231 59230 59229 59228 59227 59226 59225 59224 59223 59222 59221 59220 59219 59218 59217 59216 59215 59214 59213 59212 59211 59210 59209 59208 59207 59206 59205 59204 59203 59202 59201 59200 59199 59198 59197 59196 59195 59194 59193 59192 59191 59190 59189 59188 59187 59186 59185 59184 59183 59182 59181 59180 59179 59178 59177 59176 59175 59174 59173 59172 59171 59170 59169 59168 59167 59166 59165 59164 59163 59162 59161 59160 59159 59158 59157 59156 59155 59154 59153 59152 59151 59150 59149 59148 59147 59146 59145 59144 59143 59142 59141 59140 59139 59138 59137 59136 59135 59134 59133 59132 59131 59130 59129 59128 59127 59126 59125 59124 59123 59122 59121 59120 59119 59118 59117 59116 59115 59114 59113 59112 59111 59110 59109 59108 59107 59106 59105 59104 59103 59102 59101 59100 59099 59098 59097 59096 59095 59094 59093 59092 59091 59090 59089 59088 59087 59086 59085 59084 59083 59082 59081 59080 59079 59078 59077 59076 59075 59074 59073 59072 59071 59070 59069 59068 59067 59066 59065 59064 59063 59062 59061 59060 59059 59058 59057 59056 59055 59054 59053 59052 59051 59050 59049 59048 59047 59046 59045 59044 59043 59042 59041 59040 59039 59038 59037 59036 59035 59034 59033 59032 59031 59030 59029 59028 59027 59026 59025 59024 59023 59022 59021 59020 59019 59018 59017 59016 59015 59014 59013 59012 59011 59010 59009 59008 59007 59006 59005 59004 59003 59002 59001 59000 58999 58998 58997 58996 58995 58994 58993 58992 58991 58990 58989 58988 58987 58986 58985 58984 58983 58982 58981 58980 58979 58978 58977 58976 58975 58974 58973 58972 58971 58970 58969 58968 58967 58966 58965 58964 58963 58962 58961 58960 58959 58958 58957 58956 58955 58954 58953 58952 58951 58950 58949 58948 58947 58946 58945 58944 58943 58942 58941 58940 58939 58938 58937 58936 58935 58934 58933 58932 58931 58930 58929 58928 58927 58926 58925 58924 58923 58922 58921 58920 58919 58918 58917 58916 58915 58914 58913 58912 58911 58910 58909 58908 58907 58906 58905 58904 58903 58902 58901 58900 58899 58898 58897 58896 58895 58894 58893 58892 58891 58890 58889 58888 58887 58886 58885 58884 58883 58882 58881 58880 58879 58878 58877 58876 58875 58874 58873 58872 58871 58870 58869 58868 58867 58866 58865 58864 58863 58862 58861 58860 58859 58858 58857 58856 58855 58854 58853 58852 58851 58850 58849 58848 58847 58846 58845 58844 58843 58842 58841 58840 58839 58838 58837 58836 58835 58834 58833 58832 58831 58830 58829 58828 58827 58826 58825 58824 58823 58822 58821 58820 58819 58818 58817 58816 58815 58814 58813 58812 58811 58810 58809 58808 58807 58806 58805 58804 58803 58802 58801 58800 58799 58798 58797 58796 58795 58794 58793 58792 58791 58790 58789 58788 58787 58786 58785 58784 58783 58782 58781 58780 58779 58778 58777 58776 58775 58774 58773 58772 58771 58770 58769 58768 58767 58766 58765 58764 58763 58762 58761 58760 58759 58758 58757 58756 58755 58754 58753 58752 58751 58750 58749 58748 58747 58746 58745 58744 58743 58742 58741 58740 58739 58738 58737 58736 58735 58734 58733 58732 58731 58730 58729 58728 58727 58726 58725 58724 58723 58722 58721 58720 58719 58718 58717 58716 58715 58714 58713 58712 58711 58710 58709 58708 58707 58706 58705 58704 58703 58702 58701 58700 58699 58698 58697 58696 58695 58694 58693 58692 58691 58690 58689 58688 58687 58686 58685 58684 58683 58682 58681 58680 58679 58678 58677 58676 58675 58674 58673 58672 58671 58670 58669 58668 58667 58666 58665 58664 58663 58662 58661 58660 58659 58658 58657 58656 58655 58654 58653 58652 58651 58650 58649 58648 58647 58646 58645 58644 58643 58642 58641 58640 58639 58638 58637 58636 58635 58634 58633 58632 58631 58630 58629 58628 58627 58626 58625 58624 58623 58622 58621 58620 58619 58618 58617 58616 58615 58614 58613 58612 58611 58610 58609 58608 58607 58606 58605 58604 58603 58602 58601 58600 58599 58598 58597 58596 58595 58594 58593 58592 58591 58590 58589 58588 58587 58586 58585 58584 58583 58582 58581 58580 58579 58578 58577 58576 58575 58574 58573 58572 58571 58570 58569 58568 58567 58566 58565 58564 58563 58562 58561 58560 58559 58558 58557 58556 58555 58554 58553 58552 58551 58550 58549 58548 58547 58546 58545 58544 58543 58542 58541 58540 58539 58538 58537 58536 58535 58534 58533 58532 58531 58530 58529 58528 58527 58526 58525 58524 58523 58522 58521 58520 58519 58518 58517 58516 58515 58514 58513 58512 58511 58510 58509 58508 58507 58506 58505 58504 58503 58502 58501 58500 58499 58498 58497 58496 58495 58494 58493 58492 58491 58490 58489 58488 58487 58486 58485 58484 58483 58482 58481 58480 58479 58478 58477 58476 58475 58474 58473 58472 58471 58470 58469 58468 58467 58466 58465 58464 58463 58462 58461 58460 58459 58458 58457 58456 58455 58454 58453 58452 58451 58450 58449 58448 58447 58446 58445 58444 58443 58442 58441 58440 58439 58438 58437 58436 58435 58434 58433 58432 58431 58430 58429 58428 58427 58426 58425 58424 58423 58422 58421 58420 58419 58418 58417 58416 58415 58414 58413 58412 58411 58410 58409 58408 58407 58406 58405 58404 58403 58402 58401 58400 58399 58398 58397 58396 58395 58394 58393 58392 58391 58390 58389 58388 58387 58386 58385 58384 58383 58382 58381 58380 58379 58378 58377 58376 58375 58374 58373 58372 58371 58370 58369 58368 58367 58366 58365 58364 58363 58362 58361 58360 58359 58358 58357 58356 58355 58354 58353 58352 58351 58350 58349 58348 58347 58346 58345 58344 58343 58342 58341 58340 58339 58338 58337 58336 58335 58334 58333 58332 58331 58330 58329 58328 58327 58326 58325 58324 58323 58322 58321 58320 58319 58318 58317 58316 58315 58314 58313 58312 58311 58310 58309 58308 58307 58306 58305 58304 58303 58302 58301 58300 58299 58298 58297 58296 58295 58294 58293 58292 58291 58290 58289 58288 58287 58286 58285 58284 58283 58282 58281 58280 58279 58278 58277 58276 58275 58274 58273 58272 58271 58270 58269 58268 58267 58266 58265 58264 58263 58262 58261 58260 58259 58258 58257 58256 58255 58254 58253 58252 58251 58250 58249 58248 58247 58246 58245 58244 58243 58242 58241 58240 58239 58238 58237 58236 58235 58234 58233 58232 58231 58230 58229 58228 58227 58226 58225 58224 58223 58222 58221 58220 58219 58218 58217 58216 58215 58214 58213 58212 58211 58210 58209 58208 58207 58206 58205 58204 58203 58202 58201 58200 58199 58198 58197 58196 58195 58194 58193 58192 58191 58190 58189 58188 58187 58186 58185 58184 58183 58182 58181 58180 58179 58178 58177 58176 58175 58174 58173 58172 58171 58170 58169 58168 58167 58166 58165 58164 58163 58162 58161 58160 58159 58158 58157 58156 58155 58154 58153 58152 58151 58150 58149 58148 58147 58146 58145 58144 58143 58142 58141 58140 58139 58138 58137 58136 58135 58134 58133 58132 58131 58130 58129 58128 58127 58126 58125 58124 58123 58122 58121 58120 58119 58118 58117 58116 58115 58114 58113 58112 58111 58110 58109 58108 58107 58106 58105 58104 58103 58102 58101 58100 58099 58098 58097 58096 58095 58094 58093 58092 58091 58090 58089 58088 58087 58086 58085 58084 58083 58082 58081 58080 58079 58078 58077 58076 58075 58074 58073 58072 58071 58070 58069 58068 58067 58066 58065 58064 58063 58062 58061 58060 58059 58058 58057 58056 58055 58054 58053 58052 58051 58050 58049 58048 58047 58046 58045 58044 58043 58042 58041 58040 58039 58038 58037 58036 58035 58034 58033 58032 58031 58030 58029 58028 58027 58026 58025 58024 58023 58022 58021 58020 58019 58018 58017 58016 58015 58014 58013 58012 58011 58010 58009 58008 58007 58006 58005 58004 58003 58002 58001 58000 57999 57998 57997 57996 57995 57994 57993 57992 57991 57990 57989 57988 57987 57986 57985 57984 57983 57982 57981 57980 57979 57978 57977 57976 57975 57974 57973 57972 57971 57970 57969 57968 57967 57966 57965 57964 57963 57962 57961 57960 57959 57958 57957 57956 57955 57954 57953 57952 57951 57950 57949 57948 57947 57946 57945 57944 57943 57942 57941 57940 57939 57938 57937 57936 57935 57934 57933 57932 57931 57930 57929 57928 57927 57926 57925 57924 57923 57922 57921 57920 57919 57918 57917 57916 57915 57914 57913 57912 57911 57910 57909 57908 57907 57906 57905 57904 57903 57902 57901 57900 57899 57898 57897 57896 57895 57894 57893 57892 57891 57890 57889 57888 57887 57886 57885 57884 57883 57882 57881 57880 57879 57878 57877 57876 57875 57874 57873 57872 57871 57870 57869 57868 57867 57866 57865 57864 57863 57862 57861 57860 57859 57858 57857 57856 57855 57854 57853 57852 57851 57850 57849 57848 57847 57846 57845 57844 57843 57842 57841 57840 57839 57838 57837 57836 57835 57834 57833 57832 57831 57830 57829 57828 57827 57826 57825 57824 57823 57822 57821 57820 57819 57818 57817 57816 57815 57814 57813 57812 57811 57810 57809 57808 57807 57806 57805 57804 57803 57802 57801 57800 57799 57798 57797 57796 57795 57794 57793 57792 57791 57790 57789 57788 57787 57786 57785 57784 57783 57782 57781 57780 57779 57778 57777 57776 57775 57774 57773 57772 57771 57770 57769 57768 57767 57766 57765 57764 57763 57762 57761 57760 57759 57758 57757 57756 57755 57754 57753 57752 57751 57750 57749 57748 57747 57746 57745 57744 57743 57742 57741 57740 57739 57738 57737 57736 57735 57734 57733 57732 57731 57730 57729 57728 57727 57726 57725 57724 57723 57722 57721 57720 57719 57718 57717 57716 57715 57714 57713 57712 57711 57710 57709 57708 57707 57706 57705 57704 57703 57702 57701 57700 57699 57698 57697 57696 57695 57694 57693 57692 57691 57690 57689 57688 57687 57686 57685 57684 57683 57682 57681 57680 57679 57678 57677 57676 57675 57674 57673 57672 57671 57670 57669 57668 57667 57666 57665 57664 57663 57662 57661 57660 57659 57658 57657 57656 57655 57654 57653 57652 57651 57650 57649 57648 57647 57646 57645 57644 57643 57642 57641 57640 57639 57638 57637 57636 57635 57634 57633 57632 57631 57630 57629 57628 57627 57626 57625 57624 57623 57622 57621 57620 57619 57618 57617 57616 57615 57614 57613 57612 57611 57610 57609 57608 57607 57606 57605 57604 57603 57602 57601 57600 57599 57598 57597 57596 57595 57594 57593 57592 57591 57590 57589 57588 57587 57586 57585 57584 57583 57582 57581 57580 57579 57578 57577 57576 57575 57574 57573 57572 57571 57570 57569 57568 57567 57566 57565 57564 57563 57562 57561 57560 57559 57558 57557 57556 57555 57554 57553 57552 57551 57550 57549 57548 57547 57546 57545 57544 57543 57542 57541 57540 57539 57538 57537 57536 57535 57534 57533 57532 57531 57530 57529 57528 57527 57526 57525 57524 57523 57522 57521 57520 57519 57518 57517 57516 57515 57514 57513 57512 57511 57510 57509 57508 57507 57506 57505 57504 57503 57502 57501 57500 57499 57498 57497 57496 57495 57494 57493 57492 57491 57490 57489 57488 57487 57486 57485 57484 57483 57482 57481 57480 57479 57478 57477 57476 57475 57474 57473 57472 57471 57470 57469 57468 57467 57466 57465 57464 57463 57462 57461 57460 57459 57458 57457 57456 57455 57454 57453 57452 57451 57450 57449 57448 57447 57446 57445 57444 57443 57442 57441 57440 57439 57438 57437 57436 57435 57434 57433 57432 57431 57430 57429 57428 57427 57426 57425 57424 57423 57422 57421 57420 57419 57418 57417 57416 57415 57414 57413 57412 57411 57410 57409 57408 57407 57406 57405 57404 57403 57402 57401 57400 57399 57398 57397 57396 57395 57394 57393 57392 57391 57390 57389 57388 57387 57386 57385 57384 57383 57382 57381 57380 57379 57378 57377 57376 57375 57374 57373 57372 57371 57370 57369 57368 57367 57366 57365 57364 57363 57362 57361 57360 57359 57358 57357 57356 57355 57354 57353 57352 57351 57350 57349 57348 57347 57346 57345 57344 57343 57342 57341 57340 57339 57338 57337 57336 57335 57334 57333 57332 57331 57330 57329 57328 57327 57326 57325 57324 57323 57322 57321 57320 57319 57318 57317 57316 57315 57314 57313 57312 57311 57310 57309 57308 57307 57306 57305 57304 57303 57302 57301 57300 57299 57298 57297 57296 57295 57294 57293 57292 57291 57290 57289 57288 57287 57286 57285 57284 57283 57282 57281 57280 57279 57278 57277 57276 57275 57274 57273 57272 57271 57270 57269 57268 57267 57266 57265 57264 57263 57262 57261 57260 57259 57258 57257 57256 57255 57254 57253 57252 57251 57250 57249 57248 57247 57246 57245 57244 57243 57242 57241 57240 57239 57238 57237 57236 57235 57234 57233 57232 57231 57230 57229 57228 57227 57226 57225 57224 57223 57222 57221 57220 57219 57218 57217 57216 57215 57214 57213 57212 57211 57210 57209 57208 57207 57206 57205 57204 57203 57202 57201 57200 57199 57198 57197 57196 57195 57194 57193 57192 57191 57190 57189 57188 57187 57186 57185 57184 57183 57182 57181 57180 57179 57178 57177 57176 57175 57174 57173 57172 57171 57170 57169 57168 57167 57166 57165 57164 57163 57162 57161 57160 57159 57158 57157 57156 57155 57154 57153 57152 57151 57150 57149 57148 57147 57146 57145 57144 57143 57142 57141 57140 57139 57138 57137 57136 57135 57134 57133 57132 57131 57130 57129 57128 57127 57126 57125 57124 57123 57122 57121 57120 57119 57118 57117 57116 57115 57114 57113 57112 57111 57110 57109 57108 57107 57106 57105 57104 57103 57102 57101 57100 57099 57098 57097 57096 57095 57094 57093 57092 57091 57090 57089 57088 57087 57086 57085 57084 57083 57082 57081 57080 57079 57078 57077 57076 57075 57074 57073 57072 57071 57070 57069 57068 57067 57066 57065 57064 57063 57062 57061 57060 57059 57058 57057 57056 57055 57054 57053 57052 57051 57050 57049 57048 57047 57046 57045 57044 57043 57042 57041 57040 57039 57038 57037 57036 57035 57034 57033 57032 57031 57030 57029 57028 57027 57026 57025 57024 57023 57022 57021 57020 57019 57018 57017 57016 57015 57014 57013 57012 57011 57010 57009 57008 57007 57006 57005 57004 57003 57002 57001 57000 56999 56998 56997 56996 56995 56994 56993 56992 56991 56990 56989 56988 56987 56986 56985 56984 56983 56982 56981 56980 56979 56978 56977 56976 56975 56974 56973 56972 56971 56970 56969 56968 56967 56966 56965 56964 56963 56962 56961 56960 56959 56958 56957 56956 56955 56954 56953 56952 56951 56950 56949 56948 56947 56946 56945 56944 56943 56942 56941 56940 56939 56938 56937 56936 56935 56934 56933 56932 56931 56930 56929 56928 56927 56926 56925 56924 56923 56922 56921 56920 56919 56918 56917 56916 56915 56914 56913 56912 56911 56910 56909 56908 56907 56906 56905 56904 56903 56902 56901 56900 56899 56898 56897 56896 56895 56894 56893 56892 56891 56890 56889 56888 56887 56886 56885 56884 56883 56882 56881 56880 56879 56878 56877 56876 56875 56874 56873 56872 56871 56870 56869 56868 56867 56866 56865 56864 56863 56862 56861 56860 56859 56858 56857 56856 56855 56854 56853 56852 56851 56850 56849 56848 56847 56846 56845 56844 56843 56842 56841 56840 56839 56838 56837 56836 56835 56834 56833 56832 56831 56830 56829 56828 56827 56826 56825 56824 56823 56822 56821 56820 56819 56818 56817 56816 56815 56814 56813 56812 56811 56810 56809 56808 56807 56806 56805 56804 56803 56802 56801 56800 56799 56798 56797 56796 56795 56794 56793 56792 56791 56790 56789 56788 56787 56786 56785 56784 56783 56782 56781 56780 56779 56778 56777 56776 56775 56774 56773 56772 56771 56770 56769 56768 56767 56766 56765 56764 56763 56762 56761 56760 56759 56758 56757 56756 56755 56754 56753 56752 56751 56750 56749 56748 56747 56746 56745 56744 56743 56742 56741 56740 56739 56738 56737 56736 56735 56734 56733 56732 56731 56730 56729 56728 56727 56726 56725 56724 56723 56722 56721 56720 56719 56718 56717 56716 56715 56714 56713 56712 56711 56710 56709 56708 56707 56706 56705 56704 56703 56702 56701 56700 56699 56698 56697 56696 56695 56694 56693 56692 56691 56690 56689 56688 56687 56686 56685 56684 56683 56682 56681 56680 56679 56678 56677 56676 56675 56674 56673 56672 56671 56670 56669 56668 56667 56666 56665 56664 56663 56662 56661 56660 56659 56658 56657 56656 56655 56654 56653 56652 56651 56650 56649 56648 56647 56646 56645 56644 56643 56642 56641 56640 56639 56638 56637 56636 56635 56634 56633 56632 56631 56630 56629 56628 56627 56626 56625 56624 56623 56622 56621 56620 56619 56618 56617 56616 56615 56614 56613 56612 56611 56610 56609 56608 56607 56606 56605 56604 56603 56602 56601 56600 56599 56598 56597 56596 56595 56594 56593 56592 56591 56590 56589 56588 56587 56586 56585 56584 56583 56582 56581 56580 56579 56578 56577 56576 56575 56574 56573 56572 56571 56570 56569 56568 56567 56566 56565 56564 56563 56562 56561 56560 56559 56558 56557 56556 56555 56554 56553 56552 56551 56550 56549 56548 56547 56546 56545 56544 56543 56542 56541 56540 56539 56538 56537 56536 56535 56534 56533 56532 56531 56530 56529 56528 56527 56526 56525 56524 56523 56522 56521 56520 56519 56518 56517 56516 56515 56514 56513 56512 56511 56510 56509 56508 56507 56506 56505 56504 56503 56502 56501 56500 56499 56498 56497 56496 56495 56494 56493 56492 56491 56490 56489 56488 56487 56486 56485 56484 56483 56482 56481 56480 56479 56478 56477 56476 56475 56474 56473 56472 56471 56470 56469 56468 56467 56466 56465 56464 56463 56462 56461 56460 56459 56458 56457 56456 56455 56454 56453 56452 56451 56450 56449 56448 56447 56446 56445 56444 56443 56442 56441 56440 56439 56438 56437 56436 56435 56434 56433 56432 56431 56430 56429 56428 56427 56426 56425 56424 56423 56422 56421 56420 56419 56418 56417 56416 56415 56414 56413 56412 56411 56410 56409 56408 56407 56406 56405 56404 56403 56402 56401 56400 56399 56398 56397 56396 56395 56394 56393 56392 56391 56390 56389 56388 56387 56386 56385 56384 56383 56382 56381 56380 56379 56378 56377 56376 56375 56374 56373 56372 56371 56370 56369 56368 56367 56366 56365 56364 56363 56362 56361 56360 56359 56358 56357 56356 56355 56354 56353 56352 56351 56350 56349 56348 56347 56346 56345 56344 56343 56342 56341 56340 56339 56338 56337 56336 56335 56334 56333 56332 56331 56330 56329 56328 56327 56326 56325 56324 56323 56322 56321 56320 56319 56318 56317 56316 56315 56314 56313 56312 56311 56310 56309 56308 56307 56306 56305 56304 56303 56302 56301 56300 56299 56298 56297 56296 56295 56294 56293 56292 56291 56290 56289 56288 56287 56286 56285 56284 56283 56282 56281 56280 56279 56278 56277 56276 56275 56274 56273 56272 56271 56270 56269 56268 56267 56266 56265 56264 56263 56262 56261 56260 56259 56258 56257 56256 56255 56254 56253 56252 56251 56250 56249 56248 56247 56246 56245 56244 56243 56242 56241 56240 56239 56238 56237 56236 56235 56234 56233 56232 56231 56230 56229 56228 56227 56226 56225 56224 56223 56222 56221 56220 56219 56218 56217 56216 56215 56214 56213 56212 56211 56210 56209 56208 56207 56206 56205 56204 56203 56202 56201 56200 56199 56198 56197 56196 56195 56194 56193 56192 56191 56190 56189 56188 56187 56186 56185 56184 56183 56182 56181 56180 56179 56178 56177 56176 56175 56174 56173 56172 56171 56170 56169 56168 56167 56166 56165 56164 56163 56162 56161 56160 56159 56158 56157 56156 56155 56154 56153 56152 56151 56150 56149 56148 56147 56146 56145 56144 56143 56142 56141 56140 56139 56138 56137 56136 56135 56134 56133 56132 56131 56130 56129 56128 56127 56126 56125 56124 56123 56122 56121 56120 56119 56118 56117 56116 56115 56114 56113 56112 56111 56110 56109 56108 56107 56106 56105 56104 56103 56102 56101 56100 56099 56098 56097 56096 56095 56094 56093 56092 56091 56090 56089 56088 56087 56086 56085 56084 56083 56082 56081 56080 56079 56078 56077 56076 56075 56074 56073 56072 56071 56070 56069 56068 56067 56066 56065 56064 56063 56062 56061 56060 56059 56058 56057 56056 56055 56054 56053 56052 56051 56050 56049 56048 56047 56046 56045 56044 56043 56042 56041 56040 56039 56038 56037 56036 56035 56034 56033 56032 56031 56030 56029 56028 56027 56026 56025 56024 56023 56022 56021 56020 56019 56018 56017 56016 56015 56014 56013 56012 56011 56010 56009 56008 56007 56006 56005 56004 56003 56002 56001 56000 55999 55998 55997 55996 55995 55994 55993 55992 55991 55990 55989 55988 55987 55986 55985 55984 55983 55982 55981 55980 55979 55978 55977 55976 55975 55974 55973 55972 55971 55970 55969 55968 55967 55966 55965 55964 55963 55962 55961 55960 55959 55958 55957 55956 55955 55954 55953 55952 55951 55950 55949 55948 55947 55946 55945 55944 55943 55942 55941 55940 55939 55938 55937 55936 55935 55934 55933 55932 55931 55930 55929 55928 55927 55926 55925 55924 55923 55922 55921 55920 55919 55918 55917 55916 55915 55914 55913 55912 55911 55910 55909 55908 55907 55906 55905 55904 55903 55902 55901 55900 55899 55898 55897 55896 55895 55894 55893 55892 55891 55890 55889 55888 55887 55886 55885 55884 55883 55882 55881 55880 55879 55878 55877 55876 55875 55874 55873 55872 55871 55870 55869 55868 55867 55866 55865 55864 55863 55862 55861 55860 55859 55858 55857 55856 55855 55854 55853 55852 55851 55850 55849 55848 55847 55846 55845 55844 55843 55842 55841 55840 55839 55838 55837 55836 55835 55834 55833 55832 55831 55830 55829 55828 55827 55826 55825 55824 55823 55822 55821 55820 55819 55818 55817 55816 55815 55814 55813 55812 55811 55810 55809 55808 55807 55806 55805 55804 55803 55802 55801 55800 55799 55798 55797 55796 55795 55794 55793 55792 55791 55790 55789 55788 55787 55786 55785 55784 55783 55782 55781 55780 55779 55778 55777 55776 55775 55774 55773 55772 55771 55770 55769 55768 55767 55766 55765 55764 55763 55762 55761 55760 55759 55758 55757 55756 55755 55754 55753 55752 55751 55750 55749 55748 55747 55746 55745 55744 55743 55742 55741 55740 55739 55738 55737 55736 55735 55734 55733 55732 55731 55730 55729 55728 55727 55726 55725 55724 55723 55722 55721 55720 55719 55718 55717 55716 55715 55714 55713 55712 55711 55710 55709 55708 55707 55706 55705 55704 55703 55702 55701 55700 55699 55698 55697 55696 55695 55694 55693 55692 55691 55690 55689 55688 55687 55686 55685 55684 55683 55682 55681 55680 55679 55678 55677 55676 55675 55674 55673 55672 55671 55670 55669 55668 55667 55666 55665 55664 55663 55662 55661 55660 55659 55658 55657 55656 55655 55654 55653 55652 55651 55650 55649 55648 55647 55646 55645 55644 55643 55642 55641 55640 55639 55638 55637 55636 55635 55634 55633 55632 55631 55630 55629 55628 55627 55626 55625 55624 55623 55622 55621 55620 55619 55618 55617 55616 55615 55614 55613 55612 55611 55610 55609 55608 55607 55606 55605 55604 55603 55602 55601 55600 55599 55598 55597 55596 55595 55594 55593 55592 55591 55590 55589 55588 55587 55586 55585 55584 55583 55582 55581 55580 55579 55578 55577 55576 55575 55574 55573 55572 55571 55570 55569 55568 55567 55566 55565 55564 55563 55562 55561 55560 55559 55558 55557 55556 55555 55554 55553 55552 55551 55550 55549 55548 55547 55546 55545 55544 55543 55542 55541 55540 55539 55538 55537 55536 55535 55534 55533 55532 55531 55530 55529 55528 55527 55526 55525 55524 55523 55522 55521 55520 55519 55518 55517 55516 55515 55514 55513 55512 55511 55510 55509 55508 55507 55506 55505 55504 55503 55502 55501 55500 55499 55498 55497 55496 55495 55494 55493 55492 55491 55490 55489 55488 55487 55486 55485 55484 55483 55482 55481 55480 55479 55478 55477 55476 55475 55474 55473 55472 55471 55470 55469 55468 55467 55466 55465 55464 55463 55462 55461 55460 55459 55458 55457 55456 55455 55454 55453 55452 55451 55450 55449 55448 55447 55446 55445 55444 55443 55442 55441 55440 55439 55438 55437 55436 55435 55434 55433 55432 55431 55430 55429 55428 55427 55426 55425 55424 55423 55422 55421 55420 55419 55418 55417 55416 55415 55414 55413 55412 55411 55410 55409 55408 55407 55406 55405 55404 55403 55402 55401 55400 55399 55398 55397 55396 55395 55394 55393 55392 55391 55390 55389 55388 55387 55386 55385 55384 55383 55382 55381 55380 55379 55378 55377 55376 55375 55374 55373 55372 55371 55370 55369 55368 55367 55366 55365 55364 55363 55362 55361 55360 55359 55358 55357 55356 55355 55354 55353 55352 55351 55350 55349 55348 55347 55346 55345 55344 55343 55342 55341 55340 55339 55338 55337 55336 55335 55334 55333 55332 55331 55330 55329 55328 55327 55326 55325 55324 55323 55322 55321 55320 55319 55318 55317 55316 55315 55314 55313 55312 55311 55310 55309 55308 55307 55306 55305 55304 55303 55302 55301 55300 55299 55298 55297 55296 55295 55294 55293 55292 55291 55290 55289 55288 55287 55286 55285 55284 55283 55282 55281 55280 55279 55278 55277 55276 55275 55274 55273 55272 55271 55270 55269 55268 55267 55266 55265 55264 55263 55262 55261 55260 55259 55258 55257 55256 55255 55254 55253 55252 55251 55250 55249 55248 55247 55246 55245 55244 55243 55242 55241 55240 55239 55238 55237 55236 55235 55234 55233 55232 55231 55230 55229 55228 55227 55226 55225 55224 55223 55222 55221 55220 55219 55218 55217 55216 55215 55214 55213 55212 55211 55210 55209 55208 55207 55206 55205 55204 55203 55202 55201 55200 55199 55198 55197 55196 55195 55194 55193 55192 55191 55190 55189 55188 55187 55186 55185 55184 55183 55182 55181 55180 55179 55178 55177 55176 55175 55174 55173 55172 55171 55170 55169 55168 55167 55166 55165 55164 55163 55162 55161 55160 55159 55158 55157 55156 55155 55154 55153 55152 55151 55150 55149 55148 55147 55146 55145 55144 55143 55142 55141 55140 55139 55138 55137 55136 55135 55134 55133 55132 55131 55130 55129 55128 55127 55126 55125 55124 55123 55122 55121 55120 55119 55118 55117 55116 55115 55114 55113 55112 55111 55110 55109 55108 55107 55106 55105 55104 55103 55102 55101 55100 55099 55098 55097 55096 55095 55094 55093 55092 55091 55090 55089 55088 55087 55086 55085 55084 55083 55082 55081 55080 55079 55078 55077 55076 55075 55074 55073 55072 55071 55070 55069 55068 55067 55066 55065 55064 55063 55062 55061 55060 55059 55058 55057 55056 55055 55054 55053 55052 55051 55050 55049 55048 55047 55046 55045 55044 55043 55042 55041 55040 55039 55038 55037 55036 55035 55034 55033 55032 55031 55030 55029 55028 55027 55026 55025 55024 55023 55022 55021 55020 55019 55018 55017 55016 55015 55014 55013 55012 55011 55010 55009 55008 55007 55006 55005 55004 55003 55002 55001 55000 54999 54998 54997 54996 54995 54994 54993 54992 54991 54990 54989 54988 54987 54986 54985 54984 54983 54982 54981 54980 54979 54978 54977 54976 54975 54974 54973 54972 54971 54970 54969 54968 54967 54966 54965 54964 54963 54962 54961 54960 54959 54958 54957 54956 54955 54954 54953 54952 54951 54950 54949 54948 54947 54946 54945 54944 54943 54942 54941 54940 54939 54938 54937 54936 54935 54934 54933 54932 54931 54930 54929 54928 54927 54926 54925 54924 54923 54922 54921 54920 54919 54918 54917 54916 54915 54914 54913 54912 54911 54910 54909 54908 54907 54906 54905 54904 54903 54902 54901 54900 54899 54898 54897 54896 54895 54894 54893 54892 54891 54890 54889 54888 54887 54886 54885 54884 54883 54882 54881 54880 54879 54878 54877 54876 54875 54874 54873 54872 54871 54870 54869 54868 54867 54866 54865 54864 54863 54862 54861 54860 54859 54858 54857 54856 54855 54854 54853 54852 54851 54850 54849 54848 54847 54846 54845 54844 54843 54842 54841 54840 54839 54838 54837 54836 54835 54834 54833 54832 54831 54830 54829 54828 54827 54826 54825 54824 54823 54822 54821 54820 54819 54818 54817 54816 54815 54814 54813 54812 54811 54810 54809 54808 54807 54806 54805 54804 54803 54802 54801 54800 54799 54798 54797 54796 54795 54794 54793 54792 54791 54790 54789 54788 54787 54786 54785 54784 54783 54782 54781 54780 54779 54778 54777 54776 54775 54774 54773 54772 54771 54770 54769 54768 54767 54766 54765 54764 54763 54762 54761 54760 54759 54758 54757 54756 54755 54754 54753 54752 54751 54750 54749 54748 54747 54746 54745 54744 54743 54742 54741 54740 54739 54738 54737 54736 54735 54734 54733 54732 54731 54730 54729 54728 54727 54726 54725 54724 54723 54722 54721 54720 54719 54718 54717 54716 54715 54714 54713 54712 54711 54710 54709 54708 54707 54706 54705 54704 54703 54702 54701 54700 54699 54698 54697 54696 54695 54694 54693 54692 54691 54690 54689 54688 54687 54686 54685 54684 54683 54682 54681 54680 54679 54678 54677 54676 54675 54674 54673 54672 54671 54670 54669 54668 54667 54666 54665 54664 54663 54662 54661 54660 54659 54658 54657 54656 54655 54654 54653 54652 54651 54650 54649 54648 54647 54646 54645 54644 54643 54642 54641 54640 54639 54638 54637 54636 54635 54634 54633 54632 54631 54630 54629 54628 54627 54626 54625 54624 54623 54622 54621 54620 54619 54618 54617 54616 54615 54614 54613 54612 54611 54610 54609 54608 54607 54606 54605 54604 54603 54602 54601 54600 54599 54598 54597 54596 54595 54594 54593 54592 54591 54590 54589 54588 54587 54586 54585 54584 54583 54582 54581 54580 54579 54578 54577 54576 54575 54574 54573 54572 54571 54570 54569 54568 54567 54566 54565 54564 54563 54562 54561 54560 54559 54558 54557 54556 54555 54554 54553 54552 54551 54550 54549 54548 54547 54546 54545 54544 54543 54542 54541 54540 54539 54538 54537 54536 54535 54534 54533 54532 54531 54530 54529 54528 54527 54526 54525 54524 54523 54522 54521 54520 54519 54518 54517 54516 54515 54514 54513 54512 54511 54510 54509 54508 54507 54506 54505 54504 54503 54502 54501 54500 54499 54498 54497 54496 54495 54494 54493 54492 54491 54490 54489 54488 54487 54486 54485 54484 54483 54482 54481 54480 54479 54478 54477 54476 54475 54474 54473 54472 54471 54470 54469 54468 54467 54466 54465 54464 54463 54462 54461 54460 54459 54458 54457 54456 54455 54454 54453 54452 54451 54450 54449 54448 54447 54446 54445 54444 54443 54442 54441 54440 54439 54438 54437 54436 54435 54434 54433 54432 54431 54430 54429 54428 54427 54426 54425 54424 54423 54422 54421 54420 54419 54418 54417 54416 54415 54414 54413 54412 54411 54410 54409 54408 54407 54406 54405 54404 54403 54402 54401 54400 54399 54398 54397 54396 54395 54394 54393 54392 54391 54390 54389 54388 54387 54386 54385 54384 54383 54382 54381 54380 54379 54378 54377 54376 54375 54374 54373 54372 54371 54370 54369 54368 54367 54366 54365 54364 54363 54362 54361 54360 54359 54358 54357 54356 54355 54354 54353 54352 54351 54350 54349 54348 54347 54346 54345 54344 54343 54342 54341 54340 54339 54338 54337 54336 54335 54334 54333 54332 54331 54330 54329 54328 54327 54326 54325 54324 54323 54322 54321 54320 54319 54318 54317 54316 54315 54314 54313 54312 54311 54310 54309 54308 54307 54306 54305 54304 54303 54302 54301 54300 54299 54298 54297 54296 54295 54294 54293 54292 54291 54290 54289 54288 54287 54286 54285 54284 54283 54282 54281 54280 54279 54278 54277 54276 54275 54274 54273 54272 54271 54270 54269 54268 54267 54266 54265 54264 54263 54262 54261 54260 54259 54258 54257 54256 54255 54254 54253 54252 54251 54250 54249 54248 54247 54246 54245 54244 54243 54242 54241 54240 54239 54238 54237 54236 54235 54234 54233 54232 54231 54230 54229 54228 54227 54226 54225 54224 54223 54222 54221 54220 54219 54218 54217 54216 54215 54214 54213 54212 54211 54210 54209 54208 54207 54206 54205 54204 54203 54202 54201 54200 54199 54198 54197 54196 54195 54194 54193 54192 54191 54190 54189 54188 54187 54186 54185 54184 54183 54182 54181 54180 54179 54178 54177 54176 54175 54174 54173 54172 54171 54170 54169 54168 54167 54166 54165 54164 54163 54162 54161 54160 54159 54158 54157 54156 54155 54154 54153 54152 54151 54150 54149 54148 54147 54146 54145 54144 54143 54142 54141 54140 54139 54138 54137 54136 54135 54134 54133 54132 54131 54130 54129 54128 54127 54126 54125 54124 54123 54122 54121 54120 54119 54118 54117 54116 54115 54114 54113 54112 54111 54110 54109 54108 54107 54106 54105 54104 54103 54102 54101 54100 54099 54098 54097 54096 54095 54094 54093 54092 54091 54090 54089 54088 54087 54086 54085 54084 54083 54082 54081 54080 54079 54078 54077 54076 54075 54074 54073 54072 54071 54070 54069 54068 54067 54066 54065 54064 54063 54062 54061 54060 54059 54058 54057 54056 54055 54054 54053 54052 54051 54050 54049 54048 54047 54046 54045 54044 54043 54042 54041 54040 54039 54038 54037 54036 54035 54034 54033 54032 54031 54030 54029 54028 54027 54026 54025 54024 54023 54022 54021 54020 54019 54018 54017 54016 54015 54014 54013 54012 54011 54010 54009 54008 54007 54006 54005 54004 54003 54002 54001 54000 53999 53998 53997 53996 53995 53994 53993 53992 53991 53990 53989 53988 53987 53986 53985 53984 53983 53982 53981 53980 53979 53978 53977 53976 53975 53974 53973 53972 53971 53970 53969 53968 53967 53966 53965 53964 53963 53962 53961 53960 53959 53958 53957 53956 53955 53954 53953 53952 53951 53950 53949 53948 53947 53946 53945 53944 53943 53942 53941 53940 53939 53938 53937 53936 53935 53934 53933 53932 53931 53930 53929 53928 53927 53926 53925 53924 53923 53922 53921 53920 53919 53918 53917 53916 53915 53914 53913 53912 53911 53910 53909 53908 53907 53906 53905 53904 53903 53902 53901 53900 53899 53898 53897 53896 53895 53894 53893 53892 53891 53890 53889 53888 53887 53886 53885 53884 53883 53882 53881 53880 53879 53878 53877 53876 53875 53874 53873 53872 53871 53870 53869 53868 53867 53866 53865 53864 53863 53862 53861 53860 53859 53858 53857 53856 53855 53854 53853 53852 53851 53850 53849 53848 53847 53846 53845 53844 53843 53842 53841 53840 53839 53838 53837 53836 53835 53834 53833 53832 53831 53830 53829 53828 53827 53826 53825 53824 53823 53822 53821 53820 53819 53818 53817 53816 53815 53814 53813 53812 53811 53810 53809 53808 53807 53806 53805 53804 53803 53802 53801 53800 53799 53798 53797 53796 53795 53794 53793 53792 53791 53790 53789 53788 53787 53786 53785 53784 53783 53782 53781 53780 53779 53778 53777 53776 53775 53774 53773 53772 53771 53770 53769 53768 53767 53766 53765 53764 53763 53762 53761 53760 53759 53758 53757 53756 53755 53754 53753 53752 53751 53750 53749 53748 53747 53746 53745 53744 53743 53742 53741 53740 53739 53738 53737 53736 53735 53734 53733 53732 53731 53730 53729 53728 53727 53726 53725 53724 53723 53722 53721 53720 53719 53718 53717 53716 53715 53714 53713 53712 53711 53710 53709 53708 53707 53706 53705 53704 53703 53702 53701 53700 53699 53698 53697 53696 53695 53694 53693 53692 53691 53690 53689 53688 53687 53686 53685 53684 53683 53682 53681 53680 53679 53678 53677 53676 53675 53674 53673 53672 53671 53670 53669 53668 53667 53666 53665 53664 53663 53662 53661 53660 53659 53658 53657 53656 53655 53654 53653 53652 53651 53650 53649 53648 53647 53646 53645 53644 53643 53642 53641 53640 53639 53638 53637 53636 53635 53634 53633 53632 53631 53630 53629 53628 53627 53626 53625 53624 53623 53622 53621 53620 53619 53618 53617 53616 53615 53614 53613 53612 53611 53610 53609 53608 53607 53606 53605 53604 53603 53602 53601 53600 53599 53598 53597 53596 53595 53594 53593 53592 53591 53590 53589 53588 53587 53586 53585 53584 53583 53582 53581 53580 53579 53578 53577 53576 53575 53574 53573 53572 53571 53570 53569 53568 53567 53566 53565 53564 53563 53562 53561 53560 53559 53558 53557 53556 53555 53554 53553 53552 53551 53550 53549 53548 53547 53546 53545 53544 53543 53542 53541 53540 53539 53538 53537 53536 53535 53534 53533 53532 53531 53530 53529 53528 53527 53526 53525 53524 53523 53522 53521 53520 53519 53518 53517 53516 53515 53514 53513 53512 53511 53510 53509 53508 53507 53506 53505 53504 53503 53502 53501 53500 53499 53498 53497 53496 53495 53494 53493 53492 53491 53490 53489 53488 53487 53486 53485 53484 53483 53482 53481 53480 53479 53478 53477 53476 53475 53474 53473 53472 53471 53470 53469 53468 53467 53466 53465 53464 53463 53462 53461 53460 53459 53458 53457 53456 53455 53454 53453 53452 53451 53450 53449 53448 53447 53446 53445 53444 53443 53442 53441 53440 53439 53438 53437 53436 53435 53434 53433 53432 53431 53430 53429 53428 53427 53426 53425 53424 53423 53422 53421 53420 53419 53418 53417 53416 53415 53414 53413 53412 53411 53410 53409 53408 53407 53406 53405 53404 53403 53402 53401 53400 53399 53398 53397 53396 53395 53394 53393 53392 53391 53390 53389 53388 53387 53386 53385 53384 53383 53382 53381 53380 53379 53378 53377 53376 53375 53374 53373 53372 53371 53370 53369 53368 53367 53366 53365 53364 53363 53362 53361 53360 53359 53358 53357 53356 53355 53354 53353 53352 53351 53350 53349 53348 53347 53346 53345 53344 53343 53342 53341 53340 53339 53338 53337 53336 53335 53334 53333 53332 53331 53330 53329 53328 53327 53326 53325 53324 53323 53322 53321 53320 53319 53318 53317 53316 53315 53314 53313 53312 53311 53310 53309 53308 53307 53306 53305 53304 53303 53302 53301 53300 53299 53298 53297 53296 53295 53294 53293 53292 53291 53290 53289 53288 53287 53286 53285 53284 53283 53282 53281 53280 53279 53278 53277 53276 53275 53274 53273 53272 53271 53270 53269 53268 53267 53266 53265 53264 53263 53262 53261 53260 53259 53258 53257 53256 53255 53254 53253 53252 53251 53250 53249 53248 53247 53246 53245 53244 53243 53242 53241 53240 53239 53238 53237 53236 53235 53234 53233 53232 53231 53230 53229 53228 53227 53226 53225 53224 53223 53222 53221 53220 53219 53218 53217 53216 53215 53214 53213 53212 53211 53210 53209 53208 53207 53206 53205 53204 53203 53202 53201 53200 53199 53198 53197 53196 53195 53194 53193 53192 53191 53190 53189 53188 53187 53186 53185 53184 53183 53182 53181 53180 53179 53178 53177 53176 53175 53174 53173 53172 53171 53170 53169 53168 53167 53166 53165 53164 53163 53162 53161 53160 53159 53158 53157 53156 53155 53154 53153 53152 53151 53150 53149 53148 53147 53146 53145 53144 53143 53142 53141 53140 53139 53138 53137 53136 53135 53134 53133 53132 53131 53130 53129 53128 53127 53126 53125 53124 53123 53122 53121 53120 53119 53118 53117 53116 53115 53114 53113 53112 53111 53110 53109 53108 53107 53106 53105 53104 53103 53102 53101 53100 53099 53098 53097 53096 53095 53094 53093 53092 53091 53090 53089 53088 53087 53086 53085 53084 53083 53082 53081 53080 53079 53078 53077 53076 53075 53074 53073 53072 53071 53070 53069 53068 53067 53066 53065 53064 53063 53062 53061 53060 53059 53058 53057 53056 53055 53054 53053 53052 53051 53050 53049 53048 53047 53046 53045 53044 53043 53042 53041 53040 53039 53038 53037 53036 53035 53034 53033 53032 53031 53030 53029 53028 53027 53026 53025 53024 53023 53022 53021 53020 53019 53018 53017 53016 53015 53014 53013 53012 53011 53010 53009 53008 53007 53006 53005 53004 53003 53002 53001 53000 52999 52998 52997 52996 52995 52994 52993 52992 52991 52990 52989 52988 52987 52986 52985 52984 52983 52982 52981 52980 52979 52978 52977 52976 52975 52974 52973 52972 52971 52970 52969 52968 52967 52966 52965 52964 52963 52962 52961 52960 52959 52958 52957 52956 52955 52954 52953 52952 52951 52950 52949 52948 52947 52946 52945 52944 52943 52942 52941 52940 52939 52938 52937 52936 52935 52934 52933 52932 52931 52930 52929 52928 52927 52926 52925 52924 52923 52922 52921 52920 52919 52918 52917 52916 52915 52914 52913 52912 52911 52910 52909 52908 52907 52906 52905 52904 52903 52902 52901 52900 52899 52898 52897 52896 52895 52894 52893 52892 52891 52890 52889 52888 52887 52886 52885 52884 52883 52882 52881 52880 52879 52878 52877 52876 52875 52874 52873 52872 52871 52870 52869 52868 52867 52866 52865 52864 52863 52862 52861 52860 52859 52858 52857 52856 52855 52854 52853 52852 52851 52850 52849 52848 52847 52846 52845 52844 52843 52842 52841 52840 52839 52838 52837 52836 52835 52834 52833 52832 52831 52830 52829 52828 52827 52826 52825 52824 52823 52822 52821 52820 52819 52818 52817 52816 52815 52814 52813 52812 52811 52810 52809 52808 52807 52806 52805 52804 52803 52802 52801 52800 52799 52798 52797 52796 52795 52794 52793 52792 52791 52790 52789 52788 52787 52786 52785 52784 52783 52782 52781 52780 52779 52778 52777 52776 52775 52774 52773 52772 52771 52770 52769 52768 52767 52766 52765 52764 52763 52762 52761 52760 52759 52758 52757 52756 52755 52754 52753 52752 52751 52750 52749 52748 52747 52746 52745 52744 52743 52742 52741 52740 52739 52738 52737 52736 52735 52734 52733 52732 52731 52730 52729 52728 52727 52726 52725 52724 52723 52722 52721 52720 52719 52718 52717 52716 52715 52714 52713 52712 52711 52710 52709 52708 52707 52706 52705 52704 52703 52702 52701 52700 52699 52698 52697 52696 52695 52694 52693 52692 52691 52690 52689 52688 52687 52686 52685 52684 52683 52682 52681 52680 52679 52678 52677 52676 52675 52674 52673 52672 52671 52670 52669 52668 52667 52666 52665 52664 52663 52662 52661 52660 52659 52658 52657 52656 52655 52654 52653 52652 52651 52650 52649 52648 52647 52646 52645 52644 52643 52642 52641 52640 52639 52638 52637 52636 52635 52634 52633 52632 52631 52630 52629 52628 52627 52626 52625 52624 52623 52622 52621 52620 52619 52618 52617 52616 52615 52614 52613 52612 52611 52610 52609 52608 52607 52606 52605 52604 52603 52602 52601 52600 52599 52598 52597 52596 52595 52594 52593 52592 52591 52590 52589 52588 52587 52586 52585 52584 52583 52582 52581 52580 52579 52578 52577 52576 52575 52574 52573 52572 52571 52570 52569 52568 52567 52566 52565 52564 52563 52562 52561 52560 52559 52558 52557 52556 52555 52554 52553 52552 52551 52550 52549 52548 52547 52546 52545 52544 52543 52542 52541 52540 52539 52538 52537 52536 52535 52534 52533 52532 52531 52530 52529 52528 52527 52526 52525 52524 52523 52522 52521 52520 52519 52518 52517 52516 52515 52514 52513 52512 52511 52510 52509 52508 52507 52506 52505 52504 52503 52502 52501 52500 52499 52498 52497 52496 52495 52494 52493 52492 52491 52490 52489 52488 52487 52486 52485 52484 52483 52482 52481 52480 52479 52478 52477 52476 52475 52474 52473 52472 52471 52470 52469 52468 52467 52466 52465 52464 52463 52462 52461 52460 52459 52458 52457 52456 52455 52454 52453 52452 52451 52450 52449 52448 52447 52446 52445 52444 52443 52442 52441 52440 52439 52438 52437 52436 52435 52434 52433 52432 52431 52430 52429 52428 52427 52426 52425 52424 52423 52422 52421 52420 52419 52418 52417 52416 52415 52414 52413 52412 52411 52410 52409 52408 52407 52406 52405 52404 52403 52402 52401 52400 52399 52398 52397 52396 52395 52394 52393 52392 52391 52390 52389 52388 52387 52386 52385 52384 52383 52382 52381 52380 52379 52378 52377 52376 52375 52374 52373 52372 52371 52370 52369 52368 52367 52366 52365 52364 52363 52362 52361 52360 52359 52358 52357 52356 52355 52354 52353 52352 52351 52350 52349 52348 52347 52346 52345 52344 52343 52342 52341 52340 52339 52338 52337 52336 52335 52334 52333 52332 52331 52330 52329 52328 52327 52326 52325 52324 52323 52322 52321 52320 52319 52318 52317 52316 52315 52314 52313 52312 52311 52310 52309 52308 52307 52306 52305 52304 52303 52302 52301 52300 52299 52298 52297 52296 52295 52294 52293 52292 52291 52290 52289 52288 52287 52286 52285 52284 52283 52282 52281 52280 52279 52278 52277 52276 52275 52274 52273 52272 52271 52270 52269 52268 52267 52266 52265 52264 52263 52262 52261 52260 52259 52258 52257 52256 52255 52254 52253 52252 52251 52250 52249 52248 52247 52246 52245 52244 52243 52242 52241 52240 52239 52238 52237 52236 52235 52234 52233 52232 52231 52230 52229 52228 52227 52226 52225 52224 52223 52222 52221 52220 52219 52218 52217 52216 52215 52214 52213 52212 52211 52210 52209 52208 52207 52206 52205 52204 52203 52202 52201 52200 52199 52198 52197 52196 52195 52194 52193 52192 52191 52190 52189 52188 52187 52186 52185 52184 52183 52182 52181 52180 52179 52178 52177 52176 52175 52174 52173 52172 52171 52170 52169 52168 52167 52166 52165 52164 52163 52162 52161 52160 52159 52158 52157 52156 52155 52154 52153 52152 52151 52150 52149 52148 52147 52146 52145 52144 52143 52142 52141 52140 52139 52138 52137 52136 52135 52134 52133 52132 52131 52130 52129 52128 52127 52126 52125 52124 52123 52122 52121 52120 52119 52118 52117 52116 52115 52114 52113 52112 52111 52110 52109 52108 52107 52106 52105 52104 52103 52102 52101 52100 52099 52098 52097 52096 52095 52094 52093 52092 52091 52090 52089 52088 52087 52086 52085 52084 52083 52082 52081 52080 52079 52078 52077 52076 52075 52074 52073 52072 52071 52070 52069 52068 52067 52066 52065 52064 52063 52062 52061 52060 52059 52058 52057 52056 52055 52054 52053 52052 52051 52050 52049 52048 52047 52046 52045 52044 52043 52042 52041 52040 52039 52038 52037 52036 52035 52034 52033 52032 52031 52030 52029 52028 52027 52026 52025 52024 52023 52022 52021 52020 52019 52018 52017 52016 52015 52014 52013 52012 52011 52010 52009 52008 52007 52006 52005 52004 52003 52002 52001 52000 51999 51998 51997 51996 51995 51994 51993 51992 51991 51990 51989 51988 51987 51986 51985 51984 51983 51982 51981 51980 51979 51978 51977 51976 51975 51974 51973 51972 51971 51970 51969 51968 51967 51966 51965 51964 51963 51962 51961 51960 51959 51958 51957 51956 51955 51954 51953 51952 51951 51950 51949 51948 51947 51946 51945 51944 51943 51942 51941 51940 51939 51938 51937 51936 51935 51934 51933 51932 51931 51930 51929 51928 51927 51926 51925 51924 51923 51922 51921 51920 51919 51918 51917 51916 51915 51914 51913 51912 51911 51910 51909 51908 51907 51906 51905 51904 51903 51902 51901 51900 51899 51898 51897 51896 51895 51894 51893 51892 51891 51890 51889 51888 51887 51886 51885 51884 51883 51882 51881 51880 51879 51878 51877 51876 51875 51874 51873 51872 51871 51870 51869 51868 51867 51866 51865 51864 51863 51862 51861 51860 51859 51858 51857 51856 51855 51854 51853 51852 51851 51850 51849 51848 51847 51846 51845 51844 51843 51842 51841 51840 51839 51838 51837 51836 51835 51834 51833 51832 51831 51830 51829 51828 51827 51826 51825 51824 51823 51822 51821 51820 51819 51818 51817 51816 51815 51814 51813 51812 51811 51810 51809 51808 51807 51806 51805 51804 51803 51802 51801 51800 51799 51798 51797 51796 51795 51794 51793 51792 51791 51790 51789 51788 51787 51786 51785 51784 51783 51782 51781 51780 51779 51778 51777 51776 51775 51774 51773 51772 51771 51770 51769 51768 51767 51766 51765 51764 51763 51762 51761 51760 51759 51758 51757 51756 51755 51754 51753 51752 51751 51750 51749 51748 51747 51746 51745 51744 51743 51742 51741 51740 51739 51738 51737 51736 51735 51734 51733 51732 51731 51730 51729 51728 51727 51726 51725 51724 51723 51722 51721 51720 51719 51718 51717 51716 51715 51714 51713 51712 51711 51710 51709 51708 51707 51706 51705 51704 51703 51702 51701 51700 51699 51698 51697 51696 51695 51694 51693 51692 51691 51690 51689 51688 51687 51686 51685 51684 51683 51682 51681 51680 51679 51678 51677 51676 51675 51674 51673 51672 51671 51670 51669 51668 51667 51666 51665 51664 51663 51662 51661 51660 51659 51658 51657 51656 51655 51654 51653 51652 51651 51650 51649 51648 51647 51646 51645 51644 51643 51642 51641 51640 51639 51638 51637 51636 51635 51634 51633 51632 51631 51630 51629 51628 51627 51626 51625 51624 51623 51622 51621 51620 51619 51618 51617 51616 51615 51614 51613 51612 51611 51610 51609 51608 51607 51606 51605 51604 51603 51602 51601 51600 51599 51598 51597 51596 51595 51594 51593 51592 51591 51590 51589 51588 51587 51586 51585 51584 51583 51582 51581 51580 51579 51578 51577 51576 51575 51574 51573 51572 51571 51570 51569 51568 51567 51566 51565 51564 51563 51562 51561 51560 51559 51558 51557 51556 51555 51554 51553 51552 51551 51550 51549 51548 51547 51546 51545 51544 51543 51542 51541 51540 51539 51538 51537 51536 51535 51534 51533 51532 51531 51530 51529 51528 51527 51526 51525 51524 51523 51522 51521 51520 51519 51518 51517 51516 51515 51514 51513 51512 51511 51510 51509 51508 51507 51506 51505 51504 51503 51502 51501 51500 51499 51498 51497 51496 51495 51494 51493 51492 51491 51490 51489 51488 51487 51486 51485 51484 51483 51482 51481 51480 51479 51478 51477 51476 51475 51474 51473 51472 51471 51470 51469 51468 51467 51466 51465 51464 51463 51462 51461 51460 51459 51458 51457 51456 51455 51454 51453 51452 51451 51450 51449 51448 51447 51446 51445 51444 51443 51442 51441 51440 51439 51438 51437 51436 51435 51434 51433 51432 51431 51430 51429 51428 51427 51426 51425 51424 51423 51422 51421 51420 51419 51418 51417 51416 51415 51414 51413 51412 51411 51410 51409 51408 51407 51406 51405 51404 51403 51402 51401 51400 51399 51398 51397 51396 51395 51394 51393 51392 51391 51390 51389 51388 51387 51386 51385 51384 51383 51382 51381 51380 51379 51378 51377 51376 51375 51374 51373 51372 51371 51370 51369 51368 51367 51366 51365 51364 51363 51362 51361 51360 51359 51358 51357 51356 51355 51354 51353 51352 51351 51350 51349 51348 51347 51346 51345 51344 51343 51342 51341 51340 51339 51338 51337 51336 51335 51334 51333 51332 51331 51330 51329 51328 51327 51326 51325 51324 51323 51322 51321 51320 51319 51318 51317 51316 51315 51314 51313 51312 51311 51310 51309 51308 51307 51306 51305 51304 51303 51302 51301 51300 51299 51298 51297 51296 51295 51294 51293 51292 51291 51290 51289 51288 51287 51286 51285 51284 51283 51282 51281 51280 51279 51278 51277 51276 51275 51274 51273 51272 51271 51270 51269 51268 51267 51266 51265 51264 51263 51262 51261 51260 51259 51258 51257 51256 51255 51254 51253 51252 51251 51250 51249 51248 51247 51246 51245 51244 51243 51242 51241 51240 51239 51238 51237 51236 51235 51234 51233 51232 51231 51230 51229 51228 51227 51226 51225 51224 51223 51222 51221 51220 51219 51218 51217 51216 51215 51214 51213 51212 51211 51210 51209 51208 51207 51206 51205 51204 51203 51202 51201 51200 51199 51198 51197 51196 51195 51194 51193 51192 51191 51190 51189 51188 51187 51186 51185 51184 51183 51182 51181 51180 51179 51178 51177 51176 51175 51174 51173 51172 51171 51170 51169 51168 51167 51166 51165 51164 51163 51162 51161 51160 51159 51158 51157 51156 51155 51154 51153 51152 51151 51150 51149 51148 51147 51146 51145 51144 51143 51142 51141 51140 51139 51138 51137 51136 51135 51134 51133 51132 51131 51130 51129 51128 51127 51126 51125 51124 51123 51122 51121 51120 51119 51118 51117 51116 51115 51114 51113 51112 51111 51110 51109 51108 51107 51106 51105 51104 51103 51102 51101 51100 51099 51098 51097 51096 51095 51094 51093 51092 51091 51090 51089 51088 51087 51086 51085 51084 51083 51082 51081 51080 51079 51078 51077 51076 51075 51074 51073 51072 51071 51070 51069 51068 51067 51066 51065 51064 51063 51062 51061 51060 51059 51058 51057 51056 51055 51054 51053 51052 51051 51050 51049 51048 51047 51046 51045 51044 51043 51042 51041 51040 51039 51038 51037 51036 51035 51034 51033 51032 51031 51030 51029 51028 51027 51026 51025 51024 51023 51022 51021 51020 51019 51018 51017 51016 51015 51014 51013 51012 51011 51010 51009 51008 51007 51006 51005 51004 51003 51002 51001 51000 50999 50998 50997 50996 50995 50994 50993 50992 50991 50990 50989 50988 50987 50986 50985 50984 50983 50982 50981 50980 50979 50978 50977 50976 50975 50974 50973 50972 50971 50970 50969 50968 50967 50966 50965 50964 50963 50962 50961 50960 50959 50958 50957 50956 50955 50954 50953 50952 50951 50950 50949 50948 50947 50946 50945 50944 50943 50942 50941 50940 50939 50938 50937 50936 50935 50934 50933 50932 50931 50930 50929 50928 50927 50926 50925 50924 50923 50922 50921 50920 50919 50918 50917 50916 50915 50914 50913 50912 50911 50910 50909 50908 50907 50906 50905 50904 50903 50902 50901 50900 50899 50898 50897 50896 50895 50894 50893 50892 50891 50890 50889 50888 50887 50886 50885 50884 50883 50882 50881 50880 50879 50878 50877 50876 50875 50874 50873 50872 50871 50870 50869 50868 50867 50866 50865 50864 50863 50862 50861 50860 50859 50858 50857 50856 50855 50854 50853 50852 50851 50850 50849 50848 50847 50846 50845 50844 50843 50842 50841 50840 50839 50838 50837 50836 50835 50834 50833 50832 50831 50830 50829 50828 50827 50826 50825 50824 50823 50822 50821 50820 50819 50818 50817 50816 50815 50814 50813 50812 50811 50810 50809 50808 50807 50806 50805 50804 50803 50802 50801 50800 50799 50798 50797 50796 50795 50794 50793 50792 50791 50790 50789 50788 50787 50786 50785 50784 50783 50782 50781 50780 50779 50778 50777 50776 50775 50774 50773 50772 50771 50770 50769 50768 50767 50766 50765 50764 50763 50762 50761 50760 50759 50758 50757 50756 50755 50754 50753 50752 50751 50750 50749 50748 50747 50746 50745 50744 50743 50742 50741 50740 50739 50738 50737 50736 50735 50734 50733 50732 50731 50730 50729 50728 50727 50726 50725 50724 50723 50722 50721 50720 50719 50718 50717 50716 50715 50714 50713 50712 50711 50710 50709 50708 50707 50706 50705 50704 50703 50702 50701 50700 50699 50698 50697 50696 50695 50694 50693 50692 50691 50690 50689 50688 50687 50686 50685 50684 50683 50682 50681 50680 50679 50678 50677 50676 50675 50674 50673 50672 50671 50670 50669 50668 50667 50666 50665 50664 50663 50662 50661 50660 50659 50658 50657 50656 50655 50654 50653 50652 50651 50650 50649 50648 50647 50646 50645 50644 50643 50642 50641 50640 50639 50638 50637 50636 50635 50634 50633 50632 50631 50630 50629 50628 50627 50626 50625 50624 50623 50622 50621 50620 50619 50618 50617 50616 50615 50614 50613 50612 50611 50610 50609 50608 50607 50606 50605 50604 50603 50602 50601 50600 50599 50598 50597 50596 50595 50594 50593 50592 50591 50590 50589 50588 50587 50586 50585 50584 50583 50582 50581 50580 50579 50578 50577 50576 50575 50574 50573 50572 50571 50570 50569 50568 50567 50566 50565 50564 50563 50562 50561 50560 50559 50558 50557 50556 50555 50554 50553 50552 50551 50550 50549 50548 50547 50546 50545 50544 50543 50542 50541 50540 50539 50538 50537 50536 50535 50534 50533 50532 50531 50530 50529 50528 50527 50526 50525 50524 50523 50522 50521 50520 50519 50518 50517 50516 50515 50514 50513 50512 50511 50510 50509 50508 50507 50506 50505 50504 50503 50502 50501 50500 50499 50498 50497 50496 50495 50494 50493 50492 50491 50490 50489 50488 50487 50486 50485 50484 50483 50482 50481 50480 50479 50478 50477 50476 50475 50474 50473 50472 50471 50470 50469 50468 50467 50466 50465 50464 50463 50462 50461 50460 50459 50458 50457 50456 50455 50454 50453 50452 50451 50450 50449 50448 50447 50446 50445 50444 50443 50442 50441 50440 50439 50438 50437 50436 50435 50434 50433 50432 50431 50430 50429 50428 50427 50426 50425 50424 50423 50422 50421 50420 50419 50418 50417 50416 50415 50414 50413 50412 50411 50410 50409 50408 50407 50406 50405 50404 50403 50402 50401 50400 50399 50398 50397 50396 50395 50394 50393 50392 50391 50390 50389 50388 50387 50386 50385 50384 50383 50382 50381 50380 50379 50378 50377 50376 50375 50374 50373 50372 50371 50370 50369 50368 50367 50366 50365 50364 50363 50362 50361 50360 50359 50358 50357 50356 50355 50354 50353 50352 50351 50350 50349 50348 50347 50346 50345 50344 50343 50342 50341 50340 50339 50338 50337 50336 50335 50334 50333 50332 50331 50330 50329 50328 50327 50326 50325 50324 50323 50322 50321 50320 50319 50318 50317 50316 50315 50314 50313 50312 50311 50310 50309 50308 50307 50306 50305 50304 50303 50302 50301 50300 50299 50298 50297 50296 50295 50294 50293 50292 50291 50290 50289 50288 50287 50286 50285 50284 50283 50282 50281 50280 50279 50278 50277 50276 50275 50274 50273 50272 50271 50270 50269 50268 50267 50266 50265 50264 50263 50262 50261 50260 50259 50258 50257 50256 50255 50254 50253 50252 50251 50250 50249 50248 50247 50246 50245 50244 50243 50242 50241 50240 50239 50238 50237 50236 50235 50234 50233 50232 50231 50230 50229 50228 50227 50226 50225 50224 50223 50222 50221 50220 50219 50218 50217 50216 50215 50214 50213 50212 50211 50210 50209 50208 50207 50206 50205 50204 50203 50202 50201 50200 50199 50198 50197 50196 50195 50194 50193 50192 50191 50190 50189 50188 50187 50186 50185 50184 50183 50182 50181 50180 50179 50178 50177 50176 50175 50174 50173 50172 50171 50170 50169 50168 50167 50166 50165 50164 50163 50162 50161 50160 50159 50158 50157 50156 50155 50154 50153 50152 50151 50150 50149 50148 50147 50146 50145 50144 50143 50142 50141 50140 50139 50138 50137 50136 50135 50134 50133 50132 50131 50130 50129 50128 50127 50126 50125 50124 50123 50122 50121 50120 50119 50118 50117 50116 50115 50114 50113 50112 50111 50110 50109 50108 50107 50106 50105 50104 50103 50102 50101 50100 50099 50098 50097 50096 50095 50094 50093 50092 50091 50090 50089 50088 50087 50086 50085 50084 50083 50082 50081 50080 50079 50078 50077 50076 50075 50074 50073 50072 50071 50070 50069 50068 50067 50066 50065 50064 50063 50062 50061 50060 50059 50058 50057 50056 50055 50054 50053 50052 50051 50050 50049 50048 50047 50046 50045 50044 50043 50042 50041 50040 50039 50038 50037 50036 50035 50034 50033 50032 50031 50030 50029 50028 50027 50026 50025 50024 50023 50022 50021 50020 50019 50018 50017 50016 50015 50014 50013 50012 50011 50010 50009 50008 50007 50006 50005 50004 50003 50002 50001 50000 49999 49998 49997 49996 49995 49994 49993 49992 49991 49990 49989 49988 49987 49986 49985 49984 49983 49982 49981 49980 49979 49978 49977 49976 49975 49974 49973 49972 49971 49970 49969 49968 49967 49966 49965 49964 49963 49962 49961 49960 49959 49958 49957 49956 49955 49954 49953 49952 49951 49950 49949 49948 49947 49946 49945 49944 49943 49942 49941 49940 49939 49938 49937 49936 49935 49934 49933 49932 49931 49930 49929 49928 49927 49926 49925 49924 49923 49922 49921 49920 49919 49918 49917 49916 49915 49914 49913 49912 49911 49910 49909 49908 49907 49906 49905 49904 49903 49902 49901 49900 49899 49898 49897 49896 49895 49894 49893 49892 49891 49890 49889 49888 49887 49886 49885 49884 49883 49882 49881 49880 49879 49878 49877 49876 49875 49874 49873 49872 49871 49870 49869 49868 49867 49866 49865 49864 49863 49862 49861 49860 49859 49858 49857 49856 49855 49854 49853 49852 49851 49850 49849 49848 49847 49846 49845 49844 49843 49842 49841 49840 49839 49838 49837 49836 49835 49834 49833 49832 49831 49830 49829 49828 49827 49826 49825 49824 49823 49822 49821 49820 49819 49818 49817 49816 49815 49814 49813 49812 49811 49810 49809 49808 49807 49806 49805 49804 49803 49802 49801 49800 49799 49798 49797 49796 49795 49794 49793 49792 49791 49790 49789 49788 49787 49786 49785 49784 49783 49782 49781 49780 49779 49778 49777 49776 49775 49774 49773 49772 49771 49770 49769 49768 49767 49766 49765 49764 49763 49762 49761 49760 49759 49758 49757 49756 49755 49754 49753 49752 49751 49750 49749 49748 49747 49746 49745 49744 49743 49742 49741 49740 49739 49738 49737 49736 49735 49734 49733 49732 49731 49730 49729 49728 49727 49726 49725 49724 49723 49722 49721 49720 49719 49718 49717 49716 49715 49714 49713 49712 49711 49710 49709 49708 49707 49706 49705 49704 49703 49702 49701 49700 49699 49698 49697 49696 49695 49694 49693 49692 49691 49690 49689 49688 49687 49686 49685 49684 49683 49682 49681 49680 49679 49678 49677 49676 49675 49674 49673 49672 49671 49670 49669 49668 49667 49666 49665 49664 49663 49662 49661 49660 49659 49658 49657 49656 49655 49654 49653 49652 49651 49650 49649 49648 49647 49646 49645 49644 49643 49642 49641 49640 49639 49638 49637 49636 49635 49634 49633 49632 49631 49630 49629 49628 49627 49626 49625 49624 49623 49622 49621 49620 49619 49618 49617 49616 49615 49614 49613 49612 49611 49610 49609 49608 49607 49606 49605 49604 49603 49602 49601 49600 49599 49598 49597 49596 49595 49594 49593 49592 49591 49590 49589 49588 49587 49586 49585 49584 49583 49582 49581 49580 49579 49578 49577 49576 49575 49574 49573 49572 49571 49570 49569 49568 49567 49566 49565 49564 49563 49562 49561 49560 49559 49558 49557 49556 49555 49554 49553 49552 49551 49550 49549 49548 49547 49546 49545 49544 49543 49542 49541 49540 49539 49538 49537 49536 49535 49534 49533 49532 49531 49530 49529 49528 49527 49526 49525 49524 49523 49522 49521 49520 49519 49518 49517 49516 49515 49514 49513 49512 49511 49510 49509 49508 49507 49506 49505 49504 49503 49502 49501 49500 49499 49498 49497 49496 49495 49494 49493 49492 49491 49490 49489 49488 49487 49486 49485 49484 49483 49482 49481 49480 49479 49478 49477 49476 49475 49474 49473 49472 49471 49470 49469 49468 49467 49466 49465 49464 49463 49462 49461 49460 49459 49458 49457 49456 49455 49454 49453 49452 49451 49450 49449 49448 49447 49446 49445 49444 49443 49442 49441 49440 49439 49438 49437 49436 49435 49434 49433 49432 49431 49430 49429 49428 49427 49426 49425 49424 49423 49422 49421 49420 49419 49418 49417 49416 49415 49414 49413 49412 49411 49410 49409 49408 49407 49406 49405 49404 49403 49402 49401 49400 49399 49398 49397 49396 49395 49394 49393 49392 49391 49390 49389 49388 49387 49386 49385 49384 49383 49382 49381 49380 49379 49378 49377 49376 49375 49374 49373 49372 49371 49370 49369 49368 49367 49366 49365 49364 49363 49362 49361 49360 49359 49358 49357 49356 49355 49354 49353 49352 49351 49350 49349 49348 49347 49346 49345 49344 49343 49342 49341 49340 49339 49338 49337 49336 49335 49334 49333 49332 49331 49330 49329 49328 49327 49326 49325 49324 49323 49322 49321 49320 49319 49318 49317 49316 49315 49314 49313 49312 49311 49310 49309 49308 49307 49306 49305 49304 49303 49302 49301 49300 49299 49298 49297 49296 49295 49294 49293 49292 49291 49290 49289 49288 49287 49286 49285 49284 49283 49282 49281 49280 49279 49278 49277 49276 49275 49274 49273 49272 49271 49270 49269 49268 49267 49266 49265 49264 49263 49262 49261 49260 49259 49258 49257 49256 49255 49254 49253 49252 49251 49250 49249 49248 49247 49246 49245 49244 49243 49242 49241 49240 49239 49238 49237 49236 49235 49234 49233 49232 49231 49230 49229 49228 49227 49226 49225 49224 49223 49222 49221 49220 49219 49218 49217 49216 49215 49214 49213 49212 49211 49210 49209 49208 49207 49206 49205 49204 49203 49202 49201 49200 49199 49198 49197 49196 49195 49194 49193 49192 49191 49190 49189 49188 49187 49186 49185 49184 49183 49182 49181 49180 49179 49178 49177 49176 49175 49174 49173 49172 49171 49170 49169 49168 49167 49166 49165 49164 49163 49162 49161 49160 49159 49158 49157 49156 49155 49154 49153 49152 49151 49150 49149 49148 49147 49146 49145 49144 49143 49142 49141 49140 49139 49138 49137 49136 49135 49134 49133 49132 49131 49130 49129 49128 49127 49126 49125 49124 49123 49122 49121 49120 49119 49118 49117 49116 49115 49114 49113 49112 49111 49110 49109 49108 49107 49106 49105 49104 49103 49102 49101 49100 49099 49098 49097 49096 49095 49094 49093 49092 49091 49090 49089 49088 49087 49086 49085 49084 49083 49082 49081 49080 49079 49078 49077 49076 49075 49074 49073 49072 49071 49070 49069 49068 49067 49066 49065 49064 49063 49062 49061 49060 49059 49058 49057 49056 49055 49054 49053 49052 49051 49050 49049 49048 49047 49046 49045 49044 49043 49042 49041 49040 49039 49038 49037 49036 49035 49034 49033 49032 49031 49030 49029 49028 49027 49026 49025 49024 49023 49022 49021 49020 49019 49018 49017 49016 49015 49014 49013 49012 49011 49010 49009 49008 49007 49006 49005 49004 49003 49002 49001 49000 48999 48998 48997 48996 48995 48994 48993 48992 48991 48990 48989 48988 48987 48986 48985 48984 48983 48982 48981 48980 48979 48978 48977 48976 48975 48974 48973 48972 48971 48970 48969 48968 48967 48966 48965 48964 48963 48962 48961 48960 48959 48958 48957 48956 48955 48954 48953 48952 48951 48950 48949 48948 48947 48946 48945 48944 48943 48942 48941 48940 48939 48938 48937 48936 48935 48934 48933 48932 48931 48930 48929 48928 48927 48926 48925 48924 48923 48922 48921 48920 48919 48918 48917 48916 48915 48914 48913 48912 48911 48910 48909 48908 48907 48906 48905 48904 48903 48902 48901 48900 48899 48898 48897 48896 48895 48894 48893 48892 48891 48890 48889 48888 48887 48886 48885 48884 48883 48882 48881 48880 48879 48878 48877 48876 48875 48874 48873 48872 48871 48870 48869 48868 48867 48866 48865 48864 48863 48862 48861 48860 48859 48858 48857 48856 48855 48854 48853 48852 48851 48850 48849 48848 48847 48846 48845 48844 48843 48842 48841 48840 48839 48838 48837 48836 48835 48834 48833 48832 48831 48830 48829 48828 48827 48826 48825 48824 48823 48822 48821 48820 48819 48818 48817 48816 48815 48814 48813 48812 48811 48810 48809 48808 48807 48806 48805 48804 48803 48802 48801 48800 48799 48798 48797 48796 48795 48794 48793 48792 48791 48790 48789 48788 48787 48786 48785 48784 48783 48782 48781 48780 48779 48778 48777 48776 48775 48774 48773 48772 48771 48770 48769 48768 48767 48766 48765 48764 48763 48762 48761 48760 48759 48758 48757 48756 48755 48754 48753 48752 48751 48750 48749 48748 48747 48746 48745 48744 48743 48742 48741 48740 48739 48738 48737 48736 48735 48734 48733 48732 48731 48730 48729 48728 48727 48726 48725 48724 48723 48722 48721 48720 48719 48718 48717 48716 48715 48714 48713 48712 48711 48710 48709 48708 48707 48706 48705 48704 48703 48702 48701 48700 48699 48698 48697 48696 48695 48694 48693 48692 48691 48690 48689 48688 48687 48686 48685 48684 48683 48682 48681 48680 48679 48678 48677 48676 48675 48674 48673 48672 48671 48670 48669 48668 48667 48666 48665 48664 48663 48662 48661 48660 48659 48658 48657 48656 48655 48654 48653 48652 48651 48650 48649 48648 48647 48646 48645 48644 48643 48642 48641 48640 48639 48638 48637 48636 48635 48634 48633 48632 48631 48630 48629 48628 48627 48626 48625 48624 48623 48622 48621 48620 48619 48618 48617 48616 48615 48614 48613 48612 48611 48610 48609 48608 48607 48606 48605 48604 48603 48602 48601 48600 48599 48598 48597 48596 48595 48594 48593 48592 48591 48590 48589 48588 48587 48586 48585 48584 48583 48582 48581 48580 48579 48578 48577 48576 48575 48574 48573 48572 48571 48570 48569 48568 48567 48566 48565 48564 48563 48562 48561 48560 48559 48558 48557 48556 48555 48554 48553 48552 48551 48550 48549 48548 48547 48546 48545 48544 48543 48542 48541 48540 48539 48538 48537 48536 48535 48534 48533 48532 48531 48530 48529 48528 48527 48526 48525 48524 48523 48522 48521 48520 48519 48518 48517 48516 48515 48514 48513 48512 48511 48510 48509 48508 48507 48506 48505 48504 48503 48502 48501 48500 48499 48498 48497 48496 48495 48494 48493 48492 48491 48490 48489 48488 48487 48486 48485 48484 48483 48482 48481 48480 48479 48478 48477 48476 48475 48474 48473 48472 48471 48470 48469 48468 48467 48466 48465 48464 48463 48462 48461 48460 48459 48458 48457 48456 48455 48454 48453 48452 48451 48450 48449 48448 48447 48446 48445 48444 48443 48442 48441 48440 48439 48438 48437 48436 48435 48434 48433 48432 48431 48430 48429 48428 48427 48426 48425 48424 48423 48422 48421 48420 48419 48418 48417 48416 48415 48414 48413 48412 48411 48410 48409 48408 48407 48406 48405 48404 48403 48402 48401 48400 48399 48398 48397 48396 48395 48394 48393 48392 48391 48390 48389 48388 48387 48386 48385 48384 48383 48382 48381 48380 48379 48378 48377 48376 48375 48374 48373 48372 48371 48370 48369 48368 48367 48366 48365 48364 48363 48362 48361 48360 48359 48358 48357 48356 48355 48354 48353 48352 48351 48350 48349 48348 48347 48346 48345 48344 48343 48342 48341 48340 48339 48338 48337 48336 48335 48334 48333 48332 48331 48330 48329 48328 48327 48326 48325 48324 48323 48322 48321 48320 48319 48318 48317 48316 48315 48314 48313 48312 48311 48310 48309 48308 48307 48306 48305 48304 48303 48302 48301 48300 48299 48298 48297 48296 48295 48294 48293 48292 48291 48290 48289 48288 48287 48286 48285 48284 48283 48282 48281 48280 48279 48278 48277 48276 48275 48274 48273 48272 48271 48270 48269 48268 48267 48266 48265 48264 48263 48262 48261 48260 48259 48258 48257 48256 48255 48254 48253 48252 48251 48250 48249 48248 48247 48246 48245 48244 48243 48242 48241 48240 48239 48238 48237 48236 48235 48234 48233 48232 48231 48230 48229 48228 48227 48226 48225 48224 48223 48222 48221 48220 48219 48218 48217 48216 48215 48214 48213 48212 48211 48210 48209 48208 48207 48206 48205 48204 48203 48202 48201 48200 48199 48198 48197 48196 48195 48194 48193 48192 48191 48190 48189 48188 48187 48186 48185 48184 48183 48182 48181 48180 48179 48178 48177 48176 48175 48174 48173 48172 48171 48170 48169 48168 48167 48166 48165 48164 48163 48162 48161 48160 48159 48158 48157 48156 48155 48154 48153 48152 48151 48150 48149 48148 48147 48146 48145 48144 48143 48142 48141 48140 48139 48138 48137 48136 48135 48134 48133 48132 48131 48130 48129 48128 48127 48126 48125 48124 48123 48122 48121 48120 48119 48118 48117 48116 48115 48114 48113 48112 48111 48110 48109 48108 48107 48106 48105 48104 48103 48102 48101 48100 48099 48098 48097 48096 48095 48094 48093 48092 48091 48090 48089 48088 48087 48086 48085 48084 48083 48082 48081 48080 48079 48078 48077 48076 48075 48074 48073 48072 48071 48070 48069 48068 48067 48066 48065 48064 48063 48062 48061 48060 48059 48058 48057 48056 48055 48054 48053 48052 48051 48050 48049 48048 48047 48046 48045 48044 48043 48042 48041 48040 48039 48038 48037 48036 48035 48034 48033 48032 48031 48030 48029 48028 48027 48026 48025 48024 48023 48022 48021 48020 48019 48018 48017 48016 48015 48014 48013 48012 48011 48010 48009 48008 48007 48006 48005 48004 48003 48002 48001 48000 47999 47998 47997 47996 47995 47994 47993 47992 47991 47990 47989 47988 47987 47986 47985 47984 47983 47982 47981 47980 47979 47978 47977 47976 47975 47974 47973 47972 47971 47970 47969 47968 47967 47966 47965 47964 47963 47962 47961 47960 47959 47958 47957 47956 47955 47954 47953 47952 47951 47950 47949 47948 47947 47946 47945 47944 47943 47942 47941 47940 47939 47938 47937 47936 47935 47934 47933 47932 47931 47930 47929 47928 47927 47926 47925 47924 47923 47922 47921 47920 47919 47918 47917 47916 47915 47914 47913 47912 47911 47910 47909 47908 47907 47906 47905 47904 47903 47902 47901 47900 47899 47898 47897 47896 47895 47894 47893 47892 47891 47890 47889 47888 47887 47886 47885 47884 47883 47882 47881 47880 47879 47878 47877 47876 47875 47874 47873 47872 47871 47870 47869 47868 47867 47866 47865 47864 47863 47862 47861 47860 47859 47858 47857 47856 47855 47854 47853 47852 47851 47850 47849 47848 47847 47846 47845 47844 47843 47842 47841 47840 47839 47838 47837 47836 47835 47834 47833 47832 47831 47830 47829 47828 47827 47826 47825 47824 47823 47822 47821 47820 47819 47818 47817 47816 47815 47814 47813 47812 47811 47810 47809 47808 47807 47806 47805 47804 47803 47802 47801 47800 47799 47798 47797 47796 47795 47794 47793 47792 47791 47790 47789 47788 47787 47786 47785 47784 47783 47782 47781 47780 47779 47778 47777 47776 47775 47774 47773 47772 47771 47770 47769 47768 47767 47766 47765 47764 47763 47762 47761 47760 47759 47758 47757 47756 47755 47754 47753 47752 47751 47750 47749 47748 47747 47746 47745 47744 47743 47742 47741 47740 47739 47738 47737 47736 47735 47734 47733 47732 47731 47730 47729 47728 47727 47726 47725 47724 47723 47722 47721 47720 47719 47718 47717 47716 47715 47714 47713 47712 47711 47710 47709 47708 47707 47706 47705 47704 47703 47702 47701 47700 47699 47698 47697 47696 47695 47694 47693 47692 47691 47690 47689 47688 47687 47686 47685 47684 47683 47682 47681 47680 47679 47678 47677 47676 47675 47674 47673 47672 47671 47670 47669 47668 47667 47666 47665 47664 47663 47662 47661 47660 47659 47658 47657 47656 47655 47654 47653 47652 47651 47650 47649 47648 47647 47646 47645 47644 47643 47642 47641 47640 47639 47638 47637 47636 47635 47634 47633 47632 47631 47630 47629 47628 47627 47626 47625 47624 47623 47622 47621 47620 47619 47618 47617 47616 47615 47614 47613 47612 47611 47610 47609 47608 47607 47606 47605 47604 47603 47602 47601 47600 47599 47598 47597 47596 47595 47594 47593 47592 47591 47590 47589 47588 47587 47586 47585 47584 47583 47582 47581 47580 47579 47578 47577 47576 47575 47574 47573 47572 47571 47570 47569 47568 47567 47566 47565 47564 47563 47562 47561 47560 47559 47558 47557 47556 47555 47554 47553 47552 47551 47550 47549 47548 47547 47546 47545 47544 47543 47542 47541 47540 47539 47538 47537 47536 47535 47534 47533 47532 47531 47530 47529 47528 47527 47526 47525 47524 47523 47522 47521 47520 47519 47518 47517 47516 47515 47514 47513 47512 47511 47510 47509 47508 47507 47506 47505 47504 47503 47502 47501 47500 47499 47498 47497 47496 47495 47494 47493 47492 47491 47490 47489 47488 47487 47486 47485 47484 47483 47482 47481 47480 47479 47478 47477 47476 47475 47474 47473 47472 47471 47470 47469 47468 47467 47466 47465 47464 47463 47462 47461 47460 47459 47458 47457 47456 47455 47454 47453 47452 47451 47450 47449 47448 47447 47446 47445 47444 47443 47442 47441 47440 47439 47438 47437 47436 47435 47434 47433 47432 47431 47430 47429 47428 47427 47426 47425 47424 47423 47422 47421 47420 47419 47418 47417 47416 47415 47414 47413 47412 47411 47410 47409 47408 47407 47406 47405 47404 47403 47402 47401 47400 47399 47398 47397 47396 47395 47394 47393 47392 47391 47390 47389 47388 47387 47386 47385 47384 47383 47382 47381 47380 47379 47378 47377 47376 47375 47374 47373 47372 47371 47370 47369 47368 47367 47366 47365 47364 47363 47362 47361 47360 47359 47358 47357 47356 47355 47354 47353 47352 47351 47350 47349 47348 47347 47346 47345 47344 47343 47342 47341 47340 47339 47338 47337 47336 47335 47334 47333 47332 47331 47330 47329 47328 47327 47326 47325 47324 47323 47322 47321 47320 47319 47318 47317 47316 47315 47314 47313 47312 47311 47310 47309 47308 47307 47306 47305 47304 47303 47302 47301 47300 47299 47298 47297 47296 47295 47294 47293 47292 47291 47290 47289 47288 47287 47286 47285 47284 47283 47282 47281 47280 47279 47278 47277 47276 47275 47274 47273 47272 47271 47270 47269 47268 47267 47266 47265 47264 47263 47262 47261 47260 47259 47258 47257 47256 47255 47254 47253 47252 47251 47250 47249 47248 47247 47246 47245 47244 47243 47242 47241 47240 47239 47238 47237 47236 47235 47234 47233 47232 47231 47230 47229 47228 47227 47226 47225 47224 47223 47222 47221 47220 47219 47218 47217 47216 47215 47214 47213 47212 47211 47210 47209 47208 47207 47206 47205 47204 47203 47202 47201 47200 47199 47198 47197 47196 47195 47194 47193 47192 47191 47190 47189 47188 47187 47186 47185 47184 47183 47182 47181 47180 47179 47178 47177 47176 47175 47174 47173 47172 47171 47170 47169 47168 47167 47166 47165 47164 47163 47162 47161 47160 47159 47158 47157 47156 47155 47154 47153 47152 47151 47150 47149 47148 47147 47146 47145 47144 47143 47142 47141 47140 47139 47138 47137 47136 47135 47134 47133 47132 47131 47130 47129 47128 47127 47126 47125 47124 47123 47122 47121 47120 47119 47118 47117 47116 47115 47114 47113 47112 47111 47110 47109 47108 47107 47106 47105 47104 47103 47102 47101 47100 47099 47098 47097 47096 47095 47094 47093 47092 47091 47090 47089 47088 47087 47086 47085 47084 47083 47082 47081 47080 47079 47078 47077 47076 47075 47074 47073 47072 47071 47070 47069 47068 47067 47066 47065 47064 47063 47062 47061 47060 47059 47058 47057 47056 47055 47054 47053 47052 47051 47050 47049 47048 47047 47046 47045 47044 47043 47042 47041 47040 47039 47038 47037 47036 47035 47034 47033 47032 47031 47030 47029 47028 47027 47026 47025 47024 47023 47022 47021 47020 47019 47018 47017 47016 47015 47014 47013 47012 47011 47010 47009 47008 47007 47006 47005 47004 47003 47002 47001 47000 46999 46998 46997 46996 46995 46994 46993 46992 46991 46990 46989 46988 46987 46986 46985 46984 46983 46982 46981 46980 46979 46978 46977 46976 46975 46974 46973 46972 46971 46970 46969 46968 46967 46966 46965 46964 46963 46962 46961 46960 46959 46958 46957 46956 46955 46954 46953 46952 46951 46950 46949 46948 46947 46946 46945 46944 46943 46942 46941 46940 46939 46938 46937 46936 46935 46934 46933 46932 46931 46930 46929 46928 46927 46926 46925 46924 46923 46922 46921 46920 46919 46918 46917 46916 46915 46914 46913 46912 46911 46910 46909 46908 46907 46906 46905 46904 46903 46902 46901 46900 46899 46898 46897 46896 46895 46894 46893 46892 46891 46890 46889 46888 46887 46886 46885 46884 46883 46882 46881 46880 46879 46878 46877 46876 46875 46874 46873 46872 46871 46870 46869 46868 46867 46866 46865 46864 46863 46862 46861 46860 46859 46858 46857 46856 46855 46854 46853 46852 46851 46850 46849 46848 46847 46846 46845 46844 46843 46842 46841 46840 46839 46838 46837 46836 46835 46834 46833 46832 46831 46830 46829 46828 46827 46826 46825 46824 46823 46822 46821 46820 46819 46818 46817 46816 46815 46814 46813 46812 46811 46810 46809 46808 46807 46806 46805 46804 46803 46802 46801 46800 46799 46798 46797 46796 46795 46794 46793 46792 46791 46790 46789 46788 46787 46786 46785 46784 46783 46782 46781 46780 46779 46778 46777 46776 46775 46774 46773 46772 46771 46770 46769 46768 46767 46766 46765 46764 46763 46762 46761 46760 46759 46758 46757 46756 46755 46754 46753 46752 46751 46750 46749 46748 46747 46746 46745 46744 46743 46742 46741 46740 46739 46738 46737 46736 46735 46734 46733 46732 46731 46730 46729 46728 46727 46726 46725 46724 46723 46722 46721 46720 46719 46718 46717 46716 46715 46714 46713 46712 46711 46710 46709 46708 46707 46706 46705 46704 46703 46702 46701 46700 46699 46698 46697 46696 46695 46694 46693 46692 46691 46690 46689 46688 46687 46686 46685 46684 46683 46682 46681 46680 46679 46678 46677 46676 46675 46674 46673 46672 46671 46670 46669 46668 46667 46666 46665 46664 46663 46662 46661 46660 46659 46658 46657 46656 46655 46654 46653 46652 46651 46650 46649 46648 46647 46646 46645 46644 46643 46642 46641 46640 46639 46638 46637 46636 46635 46634 46633 46632 46631 46630 46629 46628 46627 46626 46625 46624 46623 46622 46621 46620 46619 46618 46617 46616 46615 46614 46613 46612 46611 46610 46609 46608 46607 46606 46605 46604 46603 46602 46601 46600 46599 46598 46597 46596 46595 46594 46593 46592 46591 46590 46589 46588 46587 46586 46585 46584 46583 46582 46581 46580 46579 46578 46577 46576 46575 46574 46573 46572 46571 46570 46569 46568 46567 46566 46565 46564 46563 46562 46561 46560 46559 46558 46557 46556 46555 46554 46553 46552 46551 46550 46549 46548 46547 46546 46545 46544 46543 46542 46541 46540 46539 46538 46537 46536 46535 46534 46533 46532 46531 46530 46529 46528 46527 46526 46525 46524 46523 46522 46521 46520 46519 46518 46517 46516 46515 46514 46513 46512 46511 46510 46509 46508 46507 46506 46505 46504 46503 46502 46501 46500 46499 46498 46497 46496 46495 46494 46493 46492 46491 46490 46489 46488 46487 46486 46485 46484 46483 46482 46481 46480 46479 46478 46477 46476 46475 46474 46473 46472 46471 46470 46469 46468 46467 46466 46465 46464 46463 46462 46461 46460 46459 46458 46457 46456 46455 46454 46453 46452 46451 46450 46449 46448 46447 46446 46445 46444 46443 46442 46441 46440 46439 46438 46437 46436 46435 46434 46433 46432 46431 46430 46429 46428 46427 46426 46425 46424 46423 46422 46421 46420 46419 46418 46417 46416 46415 46414 46413 46412 46411 46410 46409 46408 46407 46406 46405 46404 46403 46402 46401 46400 46399 46398 46397 46396 46395 46394 46393 46392 46391 46390 46389 46388 46387 46386 46385 46384 46383 46382 46381 46380 46379 46378 46377 46376 46375 46374 46373 46372 46371 46370 46369 46368 46367 46366 46365 46364 46363 46362 46361 46360 46359 46358 46357 46356 46355 46354 46353 46352 46351 46350 46349 46348 46347 46346 46345 46344 46343 46342 46341 46340 46339 46338 46337 46336 46335 46334 46333 46332 46331 46330 46329 46328 46327 46326 46325 46324 46323 46322 46321 46320 46319 46318 46317 46316 46315 46314 46313 46312 46311 46310 46309 46308 46307 46306 46305 46304 46303 46302 46301 46300 46299 46298 46297 46296 46295 46294 46293 46292 46291 46290 46289 46288 46287 46286 46285 46284 46283 46282 46281 46280 46279 46278 46277 46276 46275 46274 46273 46272 46271 46270 46269 46268 46267 46266 46265 46264 46263 46262 46261 46260 46259 46258 46257 46256 46255 46254 46253 46252 46251 46250 46249 46248 46247 46246 46245 46244 46243 46242 46241 46240 46239 46238 46237 46236 46235 46234 46233 46232 46231 46230 46229 46228 46227 46226 46225 46224 46223 46222 46221 46220 46219 46218 46217 46216 46215 46214 46213 46212 46211 46210 46209 46208 46207 46206 46205 46204 46203 46202 46201 46200 46199 46198 46197 46196 46195 46194 46193 46192 46191 46190 46189 46188 46187 46186 46185 46184 46183 46182 46181 46180 46179 46178 46177 46176 46175 46174 46173 46172 46171 46170 46169 46168 46167 46166 46165 46164 46163 46162 46161 46160 46159 46158 46157 46156 46155 46154 46153 46152 46151 46150 46149 46148 46147 46146 46145 46144 46143 46142 46141 46140 46139 46138 46137 46136 46135 46134 46133 46132 46131 46130 46129 46128 46127 46126 46125 46124 46123 46122 46121 46120 46119 46118 46117 46116 46115 46114 46113 46112 46111 46110 46109 46108 46107 46106 46105 46104 46103 46102 46101 46100 46099 46098 46097 46096 46095 46094 46093 46092 46091 46090 46089 46088 46087 46086 46085 46084 46083 46082 46081 46080 46079 46078 46077 46076 46075 46074 46073 46072 46071 46070 46069 46068 46067 46066 46065 46064 46063 46062 46061 46060 46059 46058 46057 46056 46055 46054 46053 46052 46051 46050 46049 46048 46047 46046 46045 46044 46043 46042 46041 46040 46039 46038 46037 46036 46035 46034 46033 46032 46031 46030 46029 46028 46027 46026 46025 46024 46023 46022 46021 46020 46019 46018 46017 46016 46015 46014 46013 46012 46011 46010 46009 46008 46007 46006 46005 46004 46003 46002 46001 46000 45999 45998 45997 45996 45995 45994 45993 45992 45991 45990 45989 45988 45987 45986 45985 45984 45983 45982 45981 45980 45979 45978 45977 45976 45975 45974 45973 45972 45971 45970 45969 45968 45967 45966 45965 45964 45963 45962 45961 45960 45959 45958 45957 45956 45955 45954 45953 45952 45951 45950 45949 45948 45947 45946 45945 45944 45943 45942 45941 45940 45939 45938 45937 45936 45935 45934 45933 45932 45931 45930 45929 45928 45927 45926 45925 45924 45923 45922 45921 45920 45919 45918 45917 45916 45915 45914 45913 45912 45911 45910 45909 45908 45907 45906 45905 45904 45903 45902 45901 45900 45899 45898 45897 45896 45895 45894 45893 45892 45891 45890 45889 45888 45887 45886 45885 45884 45883 45882 45881 45880 45879 45878 45877 45876 45875 45874 45873 45872 45871 45870 45869 45868 45867 45866 45865 45864 45863 45862 45861 45860 45859 45858 45857 45856 45855 45854 45853 45852 45851 45850 45849 45848 45847 45846 45845 45844 45843 45842 45841 45840 45839 45838 45837 45836 45835 45834 45833 45832 45831 45830 45829 45828 45827 45826 45825 45824 45823 45822 45821 45820 45819 45818 45817 45816 45815 45814 45813 45812 45811 45810 45809 45808 45807 45806 45805 45804 45803 45802 45801 45800 45799 45798 45797 45796 45795 45794 45793 45792 45791 45790 45789 45788 45787 45786 45785 45784 45783 45782 45781 45780 45779 45778 45777 45776 45775 45774 45773 45772 45771 45770 45769 45768 45767 45766 45765 45764 45763 45762 45761 45760 45759 45758 45757 45756 45755 45754 45753 45752 45751 45750 45749 45748 45747 45746 45745 45744 45743 45742 45741 45740 45739 45738 45737 45736 45735 45734 45733 45732 45731 45730 45729 45728 45727 45726 45725 45724 45723 45722 45721 45720 45719 45718 45717 45716 45715 45714 45713 45712 45711 45710 45709 45708 45707 45706 45705 45704 45703 45702 45701 45700 45699 45698 45697 45696 45695 45694 45693 45692 45691 45690 45689 45688 45687 45686 45685 45684 45683 45682 45681 45680 45679 45678 45677 45676 45675 45674 45673 45672 45671 45670 45669 45668 45667 45666 45665 45664 45663 45662 45661 45660 45659 45658 45657 45656 45655 45654 45653 45652 45651 45650 45649 45648 45647 45646 45645 45644 45643 45642 45641 45640 45639 45638 45637 45636 45635 45634 45633 45632 45631 45630 45629 45628 45627 45626 45625 45624 45623 45622 45621 45620 45619 45618 45617 45616 45615 45614 45613 45612 45611 45610 45609 45608 45607 45606 45605 45604 45603 45602 45601 45600 45599 45598 45597 45596 45595 45594 45593 45592 45591 45590 45589 45588 45587 45586 45585 45584 45583 45582 45581 45580 45579 45578 45577 45576 45575 45574 45573 45572 45571 45570 45569 45568 45567 45566 45565 45564 45563 45562 45561 45560 45559 45558 45557 45556 45555 45554 45553 45552 45551 45550 45549 45548 45547 45546 45545 45544 45543 45542 45541 45540 45539 45538 45537 45536 45535 45534 45533 45532 45531 45530 45529 45528 45527 45526 45525 45524 45523 45522 45521 45520 45519 45518 45517 45516 45515 45514 45513 45512 45511 45510 45509 45508 45507 45506 45505 45504 45503 45502 45501 45500 45499 45498 45497 45496 45495 45494 45493 45492 45491 45490 45489 45488 45487 45486 45485 45484 45483 45482 45481 45480 45479 45478 45477 45476 45475 45474 45473 45472 45471 45470 45469 45468 45467 45466 45465 45464 45463 45462 45461 45460 45459 45458 45457 45456 45455 45454 45453 45452 45451 45450 45449 45448 45447 45446 45445 45444 45443 45442 45441 45440 45439 45438 45437 45436 45435 45434 45433 45432 45431 45430 45429 45428 45427 45426 45425 45424 45423 45422 45421 45420 45419 45418 45417 45416 45415 45414 45413 45412 45411 45410 45409 45408 45407 45406 45405 45404 45403 45402 45401 45400 45399 45398 45397 45396 45395 45394 45393 45392 45391 45390 45389 45388 45387 45386 45385 45384 45383 45382 45381 45380 45379 45378 45377 45376 45375 45374 45373 45372 45371 45370 45369 45368 45367 45366 45365 45364 45363 45362 45361 45360 45359 45358 45357 45356 45355 45354 45353 45352 45351 45350 45349 45348 45347 45346 45345 45344 45343 45342 45341 45340 45339 45338 45337 45336 45335 45334 45333 45332 45331 45330 45329 45328 45327 45326 45325 45324 45323 45322 45321 45320 45319 45318 45317 45316 45315 45314 45313 45312 45311 45310 45309 45308 45307 45306 45305 45304 45303 45302 45301 45300 45299 45298 45297 45296 45295 45294 45293 45292 45291 45290 45289 45288 45287 45286 45285 45284 45283 45282 45281 45280 45279 45278 45277 45276 45275 45274 45273 45272 45271 45270 45269 45268 45267 45266 45265 45264 45263 45262 45261 45260 45259 45258 45257 45256 45255 45254 45253 45252 45251 45250 45249 45248 45247 45246 45245 45244 45243 45242 45241 45240 45239 45238 45237 45236 45235 45234 45233 45232 45231 45230 45229 45228 45227 45226 45225 45224 45223 45222 45221 45220 45219 45218 45217 45216 45215 45214 45213 45212 45211 45210 45209 45208 45207 45206 45205 45204 45203 45202 45201 45200 45199 45198 45197 45196 45195 45194 45193 45192 45191 45190 45189 45188 45187 45186 45185 45184 45183 45182 45181 45180 45179 45178 45177 45176 45175 45174 45173 45172 45171 45170 45169 45168 45167 45166 45165 45164 45163 45162 45161 45160 45159 45158 45157 45156 45155 45154 45153 45152 45151 45150 45149 45148 45147 45146 45145 45144 45143 45142 45141 45140 45139 45138 45137 45136 45135 45134 45133 45132 45131 45130 45129 45128 45127 45126 45125 45124 45123 45122 45121 45120 45119 45118 45117 45116 45115 45114 45113 45112 45111 45110 45109 45108 45107 45106 45105 45104 45103 45102 45101 45100 45099 45098 45097 45096 45095 45094 45093 45092 45091 45090 45089 45088 45087 45086 45085 45084 45083 45082 45081 45080 45079 45078 45077 45076 45075 45074 45073 45072 45071 45070 45069 45068 45067 45066 45065 45064 45063 45062 45061 45060 45059 45058 45057 45056 45055 45054 45053 45052 45051 45050 45049 45048 45047 45046 45045 45044 45043 45042 45041 45040 45039 45038 45037 45036 45035 45034 45033 45032 45031 45030 45029 45028 45027 45026 45025 45024 45023 45022 45021 45020 45019 45018 45017 45016 45015 45014 45013 45012 45011 45010 45009 45008 45007 45006 45005 45004 45003 45002 45001 45000 44999 44998 44997 44996 44995 44994 44993 44992 44991 44990 44989 44988 44987 44986 44985 44984 44983 44982 44981 44980 44979 44978 44977 44976 44975 44974 44973 44972 44971 44970 44969 44968 44967 44966 44965 44964 44963 44962 44961 44960 44959 44958 44957 44956 44955 44954 44953 44952 44951 44950 44949 44948 44947 44946 44945 44944 44943 44942 44941 44940 44939 44938 44937 44936 44935 44934 44933 44932 44931 44930 44929 44928 44927 44926 44925 44924 44923 44922 44921 44920 44919 44918 44917 44916 44915 44914 44913 44912 44911 44910 44909 44908 44907 44906 44905 44904 44903 44902 44901 44900 44899 44898 44897 44896 44895 44894 44893 44892 44891 44890 44889 44888 44887 44886 44885 44884 44883 44882 44881 44880 44879 44878 44877 44876 44875 44874 44873 44872 44871 44870 44869 44868 44867 44866 44865 44864 44863 44862 44861 44860 44859 44858 44857 44856 44855 44854 44853 44852 44851 44850 44849 44848 44847 44846 44845 44844 44843 44842 44841 44840 44839 44838 44837 44836 44835 44834 44833 44832 44831 44830 44829 44828 44827 44826 44825 44824 44823 44822 44821 44820 44819 44818 44817 44816 44815 44814 44813 44812 44811 44810 44809 44808 44807 44806 44805 44804 44803 44802 44801 44800 44799 44798 44797 44796 44795 44794 44793 44792 44791 44790 44789 44788 44787 44786 44785 44784 44783 44782 44781 44780 44779 44778 44777 44776 44775 44774 44773 44772 44771 44770 44769 44768 44767 44766 44765 44764 44763 44762 44761 44760 44759 44758 44757 44756 44755 44754 44753 44752 44751 44750 44749 44748 44747 44746 44745 44744 44743 44742 44741 44740 44739 44738 44737 44736 44735 44734 44733 44732 44731 44730 44729 44728 44727 44726 44725 44724 44723 44722 44721 44720 44719 44718 44717 44716 44715 44714 44713 44712 44711 44710 44709 44708 44707 44706 44705 44704 44703 44702 44701 44700 44699 44698 44697 44696 44695 44694 44693 44692 44691 44690 44689 44688 44687 44686 44685 44684 44683 44682 44681 44680 44679 44678 44677 44676 44675 44674 44673 44672 44671 44670 44669 44668 44667 44666 44665 44664 44663 44662 44661 44660 44659 44658 44657 44656 44655 44654 44653 44652 44651 44650 44649 44648 44647 44646 44645 44644 44643 44642 44641 44640 44639 44638 44637 44636 44635 44634 44633 44632 44631 44630 44629 44628 44627 44626 44625 44624 44623 44622 44621 44620 44619 44618 44617 44616 44615 44614 44613 44612 44611 44610 44609 44608 44607 44606 44605 44604 44603 44602 44601 44600 44599 44598 44597 44596 44595 44594 44593 44592 44591 44590 44589 44588 44587 44586 44585 44584 44583 44582 44581 44580 44579 44578 44577 44576 44575 44574 44573 44572 44571 44570 44569 44568 44567 44566 44565 44564 44563 44562 44561 44560 44559 44558 44557 44556 44555 44554 44553 44552 44551 44550 44549 44548 44547 44546 44545 44544 44543 44542 44541 44540 44539 44538 44537 44536 44535 44534 44533 44532 44531 44530 44529 44528 44527 44526 44525 44524 44523 44522 44521 44520 44519 44518 44517 44516 44515 44514 44513 44512 44511 44510 44509 44508 44507 44506 44505 44504 44503 44502 44501 44500 44499 44498 44497 44496 44495 44494 44493 44492 44491 44490 44489 44488 44487 44486 44485 44484 44483 44482 44481 44480 44479 44478 44477 44476 44475 44474 44473 44472 44471 44470 44469 44468 44467 44466 44465 44464 44463 44462 44461 44460 44459 44458 44457 44456 44455 44454 44453 44452 44451 44450 44449 44448 44447 44446 44445 44444 44443 44442 44441 44440 44439 44438 44437 44436 44435 44434 44433 44432 44431 44430 44429 44428 44427 44426 44425 44424 44423 44422 44421 44420 44419 44418 44417 44416 44415 44414 44413 44412 44411 44410 44409 44408 44407 44406 44405 44404 44403 44402 44401 44400 44399 44398 44397 44396 44395 44394 44393 44392 44391 44390 44389 44388 44387 44386 44385 44384 44383 44382 44381 44380 44379 44378 44377 44376 44375 44374 44373 44372 44371 44370 44369 44368 44367 44366 44365 44364 44363 44362 44361 44360 44359 44358 44357 44356 44355 44354 44353 44352 44351 44350 44349 44348 44347 44346 44345 44344 44343 44342 44341 44340 44339 44338 44337 44336 44335 44334 44333 44332 44331 44330 44329 44328 44327 44326 44325 44324 44323 44322 44321 44320 44319 44318 44317 44316 44315 44314 44313 44312 44311 44310 44309 44308 44307 44306 44305 44304 44303 44302 44301 44300 44299 44298 44297 44296 44295 44294 44293 44292 44291 44290 44289 44288 44287 44286 44285 44284 44283 44282 44281 44280 44279 44278 44277 44276 44275 44274 44273 44272 44271 44270 44269 44268 44267 44266 44265 44264 44263 44262 44261 44260 44259 44258 44257 44256 44255 44254 44253 44252 44251 44250 44249 44248 44247 44246 44245 44244 44243 44242 44241 44240 44239 44238 44237 44236 44235 44234 44233 44232 44231 44230 44229 44228 44227 44226 44225 44224 44223 44222 44221 44220 44219 44218 44217 44216 44215 44214 44213 44212 44211 44210 44209 44208 44207 44206 44205 44204 44203 44202 44201 44200 44199 44198 44197 44196 44195 44194 44193 44192 44191 44190 44189 44188 44187 44186 44185 44184 44183 44182 44181 44180 44179 44178 44177 44176 44175 44174 44173 44172 44171 44170 44169 44168 44167 44166 44165 44164 44163 44162 44161 44160 44159 44158 44157 44156 44155 44154 44153 44152 44151 44150 44149 44148 44147 44146 44145 44144 44143 44142 44141 44140 44139 44138 44137 44136 44135 44134 44133 44132 44131 44130 44129 44128 44127 44126 44125 44124 44123 44122 44121 44120 44119 44118 44117 44116 44115 44114 44113 44112 44111 44110 44109 44108 44107 44106 44105 44104 44103 44102 44101 44100 44099 44098 44097 44096 44095 44094 44093 44092 44091 44090 44089 44088 44087 44086 44085 44084 44083 44082 44081 44080 44079 44078 44077 44076 44075 44074 44073 44072 44071 44070 44069 44068 44067 44066 44065 44064 44063 44062 44061 44060 44059 44058 44057 44056 44055 44054 44053 44052 44051 44050 44049 44048 44047 44046 44045 44044 44043 44042 44041 44040 44039 44038 44037 44036 44035 44034 44033 44032 44031 44030 44029 44028 44027 44026 44025 44024 44023 44022 44021 44020 44019 44018 44017 44016 44015 44014 44013 44012 44011 44010 44009 44008 44007 44006 44005 44004 44003 44002 44001 44000 43999 43998 43997 43996 43995 43994 43993 43992 43991 43990 43989 43988 43987 43986 43985 43984 43983 43982 43981 43980 43979 43978 43977 43976 43975 43974 43973 43972 43971 43970 43969 43968 43967 43966 43965 43964 43963 43962 43961 43960 43959 43958 43957 43956 43955 43954 43953 43952 43951 43950 43949 43948 43947 43946 43945 43944 43943 43942 43941 43940 43939 43938 43937 43936 43935 43934 43933 43932 43931 43930 43929 43928 43927 43926 43925 43924 43923 43922 43921 43920 43919 43918 43917 43916 43915 43914 43913 43912 43911 43910 43909 43908 43907 43906 43905 43904 43903 43902 43901 43900 43899 43898 43897 43896 43895 43894 43893 43892 43891 43890 43889 43888 43887 43886 43885 43884 43883 43882 43881 43880 43879 43878 43877 43876 43875 43874 43873 43872 43871 43870 43869 43868 43867 43866 43865 43864 43863 43862 43861 43860 43859 43858 43857 43856 43855 43854 43853 43852 43851 43850 43849 43848 43847 43846 43845 43844 43843 43842 43841 43840 43839 43838 43837 43836 43835 43834 43833 43832 43831 43830 43829 43828 43827 43826 43825 43824 43823 43822 43821 43820 43819 43818 43817 43816 43815 43814 43813 43812 43811 43810 43809 43808 43807 43806 43805 43804 43803 43802 43801 43800 43799 43798 43797 43796 43795 43794 43793 43792 43791 43790 43789 43788 43787 43786 43785 43784 43783 43782 43781 43780 43779 43778 43777 43776 43775 43774 43773 43772 43771 43770 43769 43768 43767 43766 43765 43764 43763 43762 43761 43760 43759 43758 43757 43756 43755 43754 43753 43752 43751 43750 43749 43748 43747 43746 43745 43744 43743 43742 43741 43740 43739 43738 43737 43736 43735 43734 43733 43732 43731 43730 43729 43728 43727 43726 43725 43724 43723 43722 43721 43720 43719 43718 43717 43716 43715 43714 43713 43712 43711 43710 43709 43708 43707 43706 43705 43704 43703 43702 43701 43700 43699 43698 43697 43696 43695 43694 43693 43692 43691 43690 43689 43688 43687 43686 43685 43684 43683 43682 43681 43680 43679 43678 43677 43676 43675 43674 43673 43672 43671 43670 43669 43668 43667 43666 43665 43664 43663 43662 43661 43660 43659 43658 43657 43656 43655 43654 43653 43652 43651 43650 43649 43648 43647 43646 43645 43644 43643 43642 43641 43640 43639 43638 43637 43636 43635 43634 43633 43632 43631 43630 43629 43628 43627 43626 43625 43624 43623 43622 43621 43620 43619 43618 43617 43616 43615 43614 43613 43612 43611 43610 43609 43608 43607 43606 43605 43604 43603 43602 43601 43600 43599 43598 43597 43596 43595 43594 43593 43592 43591 43590 43589 43588 43587 43586 43585 43584 43583 43582 43581 43580 43579 43578 43577 43576 43575 43574 43573 43572 43571 43570 43569 43568 43567 43566 43565 43564 43563 43562 43561 43560 43559 43558 43557 43556 43555 43554 43553 43552 43551 43550 43549 43548 43547 43546 43545 43544 43543 43542 43541 43540 43539 43538 43537 43536 43535 43534 43533 43532 43531 43530 43529 43528 43527 43526 43525 43524 43523 43522 43521 43520 43519 43518 43517 43516 43515 43514 43513 43512 43511 43510 43509 43508 43507 43506 43505 43504 43503 43502 43501 43500 43499 43498 43497 43496 43495 43494 43493 43492 43491 43490 43489 43488 43487 43486 43485 43484 43483 43482 43481 43480 43479 43478 43477 43476 43475 43474 43473 43472 43471 43470 43469 43468 43467 43466 43465 43464 43463 43462 43461 43460 43459 43458 43457 43456 43455 43454 43453 43452 43451 43450 43449 43448 43447 43446 43445 43444 43443 43442 43441 43440 43439 43438 43437 43436 43435 43434 43433 43432 43431 43430 43429 43428 43427 43426 43425 43424 43423 43422 43421 43420 43419 43418 43417 43416 43415 43414 43413 43412 43411 43410 43409 43408 43407 43406 43405 43404 43403 43402 43401 43400 43399 43398 43397 43396 43395 43394 43393 43392 43391 43390 43389 43388 43387 43386 43385 43384 43383 43382 43381 43380 43379 43378 43377 43376 43375 43374 43373 43372 43371 43370 43369 43368 43367 43366 43365 43364 43363 43362 43361 43360 43359 43358 43357 43356 43355 43354 43353 43352 43351 43350 43349 43348 43347 43346 43345 43344 43343 43342 43341 43340 43339 43338 43337 43336 43335 43334 43333 43332 43331 43330 43329 43328 43327 43326 43325 43324 43323 43322 43321 43320 43319 43318 43317 43316 43315 43314 43313 43312 43311 43310 43309 43308 43307 43306 43305 43304 43303 43302 43301 43300 43299 43298 43297 43296 43295 43294 43293 43292 43291 43290 43289 43288 43287 43286 43285 43284 43283 43282 43281 43280 43279 43278 43277 43276 43275 43274 43273 43272 43271 43270 43269 43268 43267 43266 43265 43264 43263 43262 43261 43260 43259 43258 43257 43256 43255 43254 43253 43252 43251 43250 43249 43248 43247 43246 43245 43244 43243 43242 43241 43240 43239 43238 43237 43236 43235 43234 43233 43232 43231 43230 43229 43228 43227 43226 43225 43224 43223 43222 43221 43220 43219 43218 43217 43216 43215 43214 43213 43212 43211 43210 43209 43208 43207 43206 43205 43204 43203 43202 43201 43200 43199 43198 43197 43196 43195 43194 43193 43192 43191 43190 43189 43188 43187 43186 43185 43184 43183 43182 43181 43180 43179 43178 43177 43176 43175 43174 43173 43172 43171 43170 43169 43168 43167 43166 43165 43164 43163 43162 43161 43160 43159 43158 43157 43156 43155 43154 43153 43152 43151 43150 43149 43148 43147 43146 43145 43144 43143 43142 43141 43140 43139 43138 43137 43136 43135 43134 43133 43132 43131 43130 43129 43128 43127 43126 43125 43124 43123 43122 43121 43120 43119 43118 43117 43116 43115 43114 43113 43112 43111 43110 43109 43108 43107 43106 43105 43104 43103 43102 43101 43100 43099 43098 43097 43096 43095 43094 43093 43092 43091 43090 43089 43088 43087 43086 43085 43084 43083 43082 43081 43080 43079 43078 43077 43076 43075 43074 43073 43072 43071 43070 43069 43068 43067 43066 43065 43064 43063 43062 43061 43060 43059 43058 43057 43056 43055 43054 43053 43052 43051 43050 43049 43048 43047 43046 43045 43044 43043 43042 43041 43040 43039 43038 43037 43036 43035 43034 43033 43032 43031 43030 43029 43028 43027 43026 43025 43024 43023 43022 43021 43020 43019 43018 43017 43016 43015 43014 43013 43012 43011 43010 43009 43008 43007 43006 43005 43004 43003 43002 43001 43000 42999 42998 42997 42996 42995 42994 42993 42992 42991 42990 42989 42988 42987 42986 42985 42984 42983 42982 42981 42980 42979 42978 42977 42976 42975 42974 42973 42972 42971 42970 42969 42968 42967 42966 42965 42964 42963 42962 42961 42960 42959 42958 42957 42956 42955 42954 42953 42952 42951 42950 42949 42948 42947 42946 42945 42944 42943 42942 42941 42940 42939 42938 42937 42936 42935 42934 42933 42932 42931 42930 42929 42928 42927 42926 42925 42924 42923 42922 42921 42920 42919 42918 42917 42916 42915 42914 42913 42912 42911 42910 42909 42908 42907 42906 42905 42904 42903 42902 42901 42900 42899 42898 42897 42896 42895 42894 42893 42892 42891 42890 42889 42888 42887 42886 42885 42884 42883 42882 42881 42880 42879 42878 42877 42876 42875 42874 42873 42872 42871 42870 42869 42868 42867 42866 42865 42864 42863 42862 42861 42860 42859 42858 42857 42856 42855 42854 42853 42852 42851 42850 42849 42848 42847 42846 42845 42844 42843 42842 42841 42840 42839 42838 42837 42836 42835 42834 42833 42832 42831 42830 42829 42828 42827 42826 42825 42824 42823 42822 42821 42820 42819 42818 42817 42816 42815 42814 42813 42812 42811 42810 42809 42808 42807 42806 42805 42804 42803 42802 42801 42800 42799 42798 42797 42796 42795 42794 42793 42792 42791 42790 42789 42788 42787 42786 42785 42784 42783 42782 42781 42780 42779 42778 42777 42776 42775 42774 42773 42772 42771 42770 42769 42768 42767 42766 42765 42764 42763 42762 42761 42760 42759 42758 42757 42756 42755 42754 42753 42752 42751 42750 42749 42748 42747 42746 42745 42744 42743 42742 42741 42740 42739 42738 42737 42736 42735 42734 42733 42732 42731 42730 42729 42728 42727 42726 42725 42724 42723 42722 42721 42720 42719 42718 42717 42716 42715 42714 42713 42712 42711 42710 42709 42708 42707 42706 42705 42704 42703 42702 42701 42700 42699 42698 42697 42696 42695 42694 42693 42692 42691 42690 42689 42688 42687 42686 42685 42684 42683 42682 42681 42680 42679 42678 42677 42676 42675 42674 42673 42672 42671 42670 42669 42668 42667 42666 42665 42664 42663 42662 42661 42660 42659 42658 42657 42656 42655 42654 42653 42652 42651 42650 42649 42648 42647 42646 42645 42644 42643 42642 42641 42640 42639 42638 42637 42636 42635 42634 42633 42632 42631 42630 42629 42628 42627 42626 42625 42624 42623 42622 42621 42620 42619 42618 42617 42616 42615 42614 42613 42612 42611 42610 42609 42608 42607 42606 42605 42604 42603 42602 42601 42600 42599 42598 42597 42596 42595 42594 42593 42592 42591 42590 42589 42588 42587 42586 42585 42584 42583 42582 42581 42580 42579 42578 42577 42576 42575 42574 42573 42572 42571 42570 42569 42568 42567 42566 42565 42564 42563 42562 42561 42560 42559 42558 42557 42556 42555 42554 42553 42552 42551 42550 42549 42548 42547 42546 42545 42544 42543 42542 42541 42540 42539 42538 42537 42536 42535 42534 42533 42532 42531 42530 42529 42528 42527 42526 42525 42524 42523 42522 42521 42520 42519 42518 42517 42516 42515 42514 42513 42512 42511 42510 42509 42508 42507 42506 42505 42504 42503 42502 42501 42500 42499 42498 42497 42496 42495 42494 42493 42492 42491 42490 42489 42488 42487 42486 42485 42484 42483 42482 42481 42480 42479 42478 42477 42476 42475 42474 42473 42472 42471 42470 42469 42468 42467 42466 42465 42464 42463 42462 42461 42460 42459 42458 42457 42456 42455 42454 42453 42452 42451 42450 42449 42448 42447 42446 42445 42444 42443 42442 42441 42440 42439 42438 42437 42436 42435 42434 42433 42432 42431 42430 42429 42428 42427 42426 42425 42424 42423 42422 42421 42420 42419 42418 42417 42416 42415 42414 42413 42412 42411 42410 42409 42408 42407 42406 42405 42404 42403 42402 42401 42400 42399 42398 42397 42396 42395 42394 42393 42392 42391 42390 42389 42388 42387 42386 42385 42384 42383 42382 42381 42380 42379 42378 42377 42376 42375 42374 42373 42372 42371 42370 42369 42368 42367 42366 42365 42364 42363 42362 42361 42360 42359 42358 42357 42356 42355 42354 42353 42352 42351 42350 42349 42348 42347 42346 42345 42344 42343 42342 42341 42340 42339 42338 42337 42336 42335 42334 42333 42332 42331 42330 42329 42328 42327 42326 42325 42324 42323 42322 42321 42320 42319 42318 42317 42316 42315 42314 42313 42312 42311 42310 42309 42308 42307 42306 42305 42304 42303 42302 42301 42300 42299 42298 42297 42296 42295 42294 42293 42292 42291 42290 42289 42288 42287 42286 42285 42284 42283 42282 42281 42280 42279 42278 42277 42276 42275 42274 42273 42272 42271 42270 42269 42268 42267 42266 42265 42264 42263 42262 42261 42260 42259 42258 42257 42256 42255 42254 42253 42252 42251 42250 42249 42248 42247 42246 42245 42244 42243 42242 42241 42240 42239 42238 42237 42236 42235 42234 42233 42232 42231 42230 42229 42228 42227 42226 42225 42224 42223 42222 42221 42220 42219 42218 42217 42216 42215 42214 42213 42212 42211 42210 42209 42208 42207 42206 42205 42204 42203 42202 42201 42200 42199 42198 42197 42196 42195 42194 42193 42192 42191 42190 42189 42188 42187 42186 42185 42184 42183 42182 42181 42180 42179 42178 42177 42176 42175 42174 42173 42172 42171 42170 42169 42168 42167 42166 42165 42164 42163 42162 42161 42160 42159 42158 42157 42156 42155 42154 42153 42152 42151 42150 42149 42148 42147 42146 42145 42144 42143 42142 42141 42140 42139 42138 42137 42136 42135 42134 42133 42132 42131 42130 42129 42128 42127 42126 42125 42124 42123 42122 42121 42120 42119 42118 42117 42116 42115 42114 42113 42112 42111 42110 42109 42108 42107 42106 42105 42104 42103 42102 42101 42100 42099 42098 42097 42096 42095 42094 42093 42092 42091 42090 42089 42088 42087 42086 42085 42084 42083 42082 42081 42080 42079 42078 42077 42076 42075 42074 42073 42072 42071 42070 42069 42068 42067 42066 42065 42064 42063 42062 42061 42060 42059 42058 42057 42056 42055 42054 42053 42052 42051 42050 42049 42048 42047 42046 42045 42044 42043 42042 42041 42040 42039 42038 42037 42036 42035 42034 42033 42032 42031 42030 42029 42028 42027 42026 42025 42024 42023 42022 42021 42020 42019 42018 42017 42016 42015 42014 42013 42012 42011 42010 42009 42008 42007 42006 42005 42004 42003 42002 42001 42000 41999 41998 41997 41996 41995 41994 41993 41992 41991 41990 41989 41988 41987 41986 41985 41984 41983 41982 41981 41980 41979 41978 41977 41976 41975 41974 41973 41972 41971 41970 41969 41968 41967 41966 41965 41964 41963 41962 41961 41960 41959 41958 41957 41956 41955 41954 41953 41952 41951 41950 41949 41948 41947 41946 41945 41944 41943 41942 41941 41940 41939 41938 41937 41936 41935 41934 41933 41932 41931 41930 41929 41928 41927 41926 41925 41924 41923 41922 41921 41920 41919 41918 41917 41916 41915 41914 41913 41912 41911 41910 41909 41908 41907 41906 41905 41904 41903 41902 41901 41900 41899 41898 41897 41896 41895 41894 41893 41892 41891 41890 41889 41888 41887 41886 41885 41884 41883 41882 41881 41880 41879 41878 41877 41876 41875 41874 41873 41872 41871 41870 41869 41868 41867 41866 41865 41864 41863 41862 41861 41860 41859 41858 41857 41856 41855 41854 41853 41852 41851 41850 41849 41848 41847 41846 41845 41844 41843 41842 41841 41840 41839 41838 41837 41836 41835 41834 41833 41832 41831 41830 41829 41828 41827 41826 41825 41824 41823 41822 41821 41820 41819 41818 41817 41816 41815 41814 41813 41812 41811 41810 41809 41808 41807 41806 41805 41804 41803 41802 41801 41800 41799 41798 41797 41796 41795 41794 41793 41792 41791 41790 41789 41788 41787 41786 41785 41784 41783 41782 41781 41780 41779 41778 41777 41776 41775 41774 41773 41772 41771 41770 41769 41768 41767 41766 41765 41764 41763 41762 41761 41760 41759 41758 41757 41756 41755 41754 41753 41752 41751 41750 41749 41748 41747 41746 41745 41744 41743 41742 41741 41740 41739 41738 41737 41736 41735 41734 41733 41732 41731 41730 41729 41728 41727 41726 41725 41724 41723 41722 41721 41720 41719 41718 41717 41716 41715 41714 41713 41712 41711 41710 41709 41708 41707 41706 41705 41704 41703 41702 41701 41700 41699 41698 41697 41696 41695 41694 41693 41692 41691 41690 41689 41688 41687 41686 41685 41684 41683 41682 41681 41680 41679 41678 41677 41676 41675 41674 41673 41672 41671 41670 41669 41668 41667 41666 41665 41664 41663 41662 41661 41660 41659 41658 41657 41656 41655 41654 41653 41652 41651 41650 41649 41648 41647 41646 41645 41644 41643 41642 41641 41640 41639 41638 41637 41636 41635 41634 41633 41632 41631 41630 41629 41628 41627 41626 41625 41624 41623 41622 41621 41620 41619 41618 41617 41616 41615 41614 41613 41612 41611 41610 41609 41608 41607 41606 41605 41604 41603 41602 41601 41600 41599 41598 41597 41596 41595 41594 41593 41592 41591 41590 41589 41588 41587 41586 41585 41584 41583 41582 41581 41580 41579 41578 41577 41576 41575 41574 41573 41572 41571 41570 41569 41568 41567 41566 41565 41564 41563 41562 41561 41560 41559 41558 41557 41556 41555 41554 41553 41552 41551 41550 41549 41548 41547 41546 41545 41544 41543 41542 41541 41540 41539 41538 41537 41536 41535 41534 41533 41532 41531 41530 41529 41528 41527 41526 41525 41524 41523 41522 41521 41520 41519 41518 41517 41516 41515 41514 41513 41512 41511 41510 41509 41508 41507 41506 41505 41504 41503 41502 41501 41500 41499 41498 41497 41496 41495 41494 41493 41492 41491 41490 41489 41488 41487 41486 41485 41484 41483 41482 41481 41480 41479 41478 41477 41476 41475 41474 41473 41472 41471 41470 41469 41468 41467 41466 41465 41464 41463 41462 41461 41460 41459 41458 41457 41456 41455 41454 41453 41452 41451 41450 41449 41448 41447 41446 41445 41444 41443 41442 41441 41440 41439 41438 41437 41436 41435 41434 41433 41432 41431 41430 41429 41428 41427 41426 41425 41424 41423 41422 41421 41420 41419 41418 41417 41416 41415 41414 41413 41412 41411 41410 41409 41408 41407 41406 41405 41404 41403 41402 41401 41400 41399 41398 41397 41396 41395 41394 41393 41392 41391 41390 41389 41388 41387 41386 41385 41384 41383 41382 41381 41380 41379 41378 41377 41376 41375 41374 41373 41372 41371 41370 41369 41368 41367 41366 41365 41364 41363 41362 41361 41360 41359 41358 41357 41356 41355 41354 41353 41352 41351 41350 41349 41348 41347 41346 41345 41344 41343 41342 41341 41340 41339 41338 41337 41336 41335 41334 41333 41332 41331 41330 41329 41328 41327 41326 41325 41324 41323 41322 41321 41320 41319 41318 41317 41316 41315 41314 41313 41312 41311 41310 41309 41308 41307 41306 41305 41304 41303 41302 41301 41300 41299 41298 41297 41296 41295 41294 41293 41292 41291 41290 41289 41288 41287 41286 41285 41284 41283 41282 41281 41280 41279 41278 41277 41276 41275 41274 41273 41272 41271 41270 41269 41268 41267 41266 41265 41264 41263 41262 41261 41260 41259 41258 41257 41256 41255 41254 41253 41252 41251 41250 41249 41248 41247 41246 41245 41244 41243 41242 41241 41240 41239 41238 41237 41236 41235 41234 41233 41232 41231 41230 41229 41228 41227 41226 41225 41224 41223 41222 41221 41220 41219 41218 41217 41216 41215 41214 41213 41212 41211 41210 41209 41208 41207 41206 41205 41204 41203 41202 41201 41200 41199 41198 41197 41196 41195 41194 41193 41192 41191 41190 41189 41188 41187 41186 41185 41184 41183 41182 41181 41180 41179 41178 41177 41176 41175 41174 41173 41172 41171 41170 41169 41168 41167 41166 41165 41164 41163 41162 41161 41160 41159 41158 41157 41156 41155 41154 41153 41152 41151 41150 41149 41148 41147 41146 41145 41144 41143 41142 41141 41140 41139 41138 41137 41136 41135 41134 41133 41132 41131 41130 41129 41128 41127 41126 41125 41124 41123 41122 41121 41120 41119 41118 41117 41116 41115 41114 41113 41112 41111 41110 41109 41108 41107 41106 41105 41104 41103 41102 41101 41100 41099 41098 41097 41096 41095 41094 41093 41092 41091 41090 41089 41088 41087 41086 41085 41084 41083 41082 41081 41080 41079 41078 41077 41076 41075 41074 41073 41072 41071 41070 41069 41068 41067 41066 41065 41064 41063 41062 41061 41060 41059 41058 41057 41056 41055 41054 41053 41052 41051 41050 41049 41048 41047 41046 41045 41044 41043 41042 41041 41040 41039 41038 41037 41036 41035 41034 41033 41032 41031 41030 41029 41028 41027 41026 41025 41024 41023 41022 41021 41020 41019 41018 41017 41016 41015 41014 41013 41012 41011 41010 41009 41008 41007 41006 41005 41004 41003 41002 41001 41000 40999 40998 40997 40996 40995 40994 40993 40992 40991 40990 40989 40988 40987 40986 40985 40984 40983 40982 40981 40980 40979 40978 40977 40976 40975 40974 40973 40972 40971 40970 40969 40968 40967 40966 40965 40964 40963 40962 40961 40960 40959 40958 40957 40956 40955 40954 40953 40952 40951 40950 40949 40948 40947 40946 40945 40944 40943 40942 40941 40940 40939 40938 40937 40936 40935 40934 40933 40932 40931 40930 40929 40928 40927 40926 40925 40924 40923 40922 40921 40920 40919 40918 40917 40916 40915 40914 40913 40912 40911 40910 40909 40908 40907 40906 40905 40904 40903 40902 40901 40900 40899 40898 40897 40896 40895 40894 40893 40892 40891 40890 40889 40888 40887 40886 40885 40884 40883 40882 40881 40880 40879 40878 40877 40876 40875 40874 40873 40872 40871 40870 40869 40868 40867 40866 40865 40864 40863 40862 40861 40860 40859 40858 40857 40856 40855 40854 40853 40852 40851 40850 40849 40848 40847 40846 40845 40844 40843 40842 40841 40840 40839 40838 40837 40836 40835 40834 40833 40832 40831 40830 40829 40828 40827 40826 40825 40824 40823 40822 40821 40820 40819 40818 40817 40816 40815 40814 40813 40812 40811 40810 40809 40808 40807 40806 40805 40804 40803 40802 40801 40800 40799 40798 40797 40796 40795 40794 40793 40792 40791 40790 40789 40788 40787 40786 40785 40784 40783 40782 40781 40780 40779 40778 40777 40776 40775 40774 40773 40772 40771 40770 40769 40768 40767 40766 40765 40764 40763 40762 40761 40760 40759 40758 40757 40756 40755 40754 40753 40752 40751 40750 40749 40748 40747 40746 40745 40744 40743 40742 40741 40740 40739 40738 40737 40736 40735 40734 40733 40732 40731 40730 40729 40728 40727 40726 40725 40724 40723 40722 40721 40720 40719 40718 40717 40716 40715 40714 40713 40712 40711 40710 40709 40708 40707 40706 40705 40704 40703 40702 40701 40700 40699 40698 40697 40696 40695 40694 40693 40692 40691 40690 40689 40688 40687 40686 40685 40684 40683 40682 40681 40680 40679 40678 40677 40676 40675 40674 40673 40672 40671 40670 40669 40668 40667 40666 40665 40664 40663 40662 40661 40660 40659 40658 40657 40656 40655 40654 40653 40652 40651 40650 40649 40648 40647 40646 40645 40644 40643 40642 40641 40640 40639 40638 40637 40636 40635 40634 40633 40632 40631 40630 40629 40628 40627 40626 40625 40624 40623 40622 40621 40620 40619 40618 40617 40616 40615 40614 40613 40612 40611 40610 40609 40608 40607 40606 40605 40604 40603 40602 40601 40600 40599 40598 40597 40596 40595 40594 40593 40592 40591 40590 40589 40588 40587 40586 40585 40584 40583 40582 40581 40580 40579 40578 40577 40576 40575 40574 40573 40572 40571 40570 40569 40568 40567 40566 40565 40564 40563 40562 40561 40560 40559 40558 40557 40556 40555 40554 40553 40552 40551 40550 40549 40548 40547 40546 40545 40544 40543 40542 40541 40540 40539 40538 40537 40536 40535 40534 40533 40532 40531 40530 40529 40528 40527 40526 40525 40524 40523 40522 40521 40520 40519 40518 40517 40516 40515 40514 40513 40512 40511 40510 40509 40508 40507 40506 40505 40504 40503 40502 40501 40500 40499 40498 40497 40496 40495 40494 40493 40492 40491 40490 40489 40488 40487 40486 40485 40484 40483 40482 40481 40480 40479 40478 40477 40476 40475 40474 40473 40472 40471 40470 40469 40468 40467 40466 40465 40464 40463 40462 40461 40460 40459 40458 40457 40456 40455 40454 40453 40452 40451 40450 40449 40448 40447 40446 40445 40444 40443 40442 40441 40440 40439 40438 40437 40436 40435 40434 40433 40432 40431 40430 40429 40428 40427 40426 40425 40424 40423 40422 40421 40420 40419 40418 40417 40416 40415 40414 40413 40412 40411 40410 40409 40408 40407 40406 40405 40404 40403 40402 40401 40400 40399 40398 40397 40396 40395 40394 40393 40392 40391 40390 40389 40388 40387 40386 40385 40384 40383 40382 40381 40380 40379 40378 40377 40376 40375 40374 40373 40372 40371 40370 40369 40368 40367 40366 40365 40364 40363 40362 40361 40360 40359 40358 40357 40356 40355 40354 40353 40352 40351 40350 40349 40348 40347 40346 40345 40344 40343 40342 40341 40340 40339 40338 40337 40336 40335 40334 40333 40332 40331 40330 40329 40328 40327 40326 40325 40324 40323 40322 40321 40320 40319 40318 40317 40316 40315 40314 40313 40312 40311 40310 40309 40308 40307 40306 40305 40304 40303 40302 40301 40300 40299 40298 40297 40296 40295 40294 40293 40292 40291 40290 40289 40288 40287 40286 40285 40284 40283 40282 40281 40280 40279 40278 40277 40276 40275 40274 40273 40272 40271 40270 40269 40268 40267 40266 40265 40264 40263 40262 40261 40260 40259 40258 40257 40256 40255 40254 40253 40252 40251 40250 40249 40248 40247 40246 40245 40244 40243 40242 40241 40240 40239 40238 40237 40236 40235 40234 40233 40232 40231 40230 40229 40228 40227 40226 40225 40224 40223 40222 40221 40220 40219 40218 40217 40216 40215 40214 40213 40212 40211 40210 40209 40208 40207 40206 40205 40204 40203 40202 40201 40200 40199 40198 40197 40196 40195 40194 40193 40192 40191 40190 40189 40188 40187 40186 40185 40184 40183 40182 40181 40180 40179 40178 40177 40176 40175 40174 40173 40172 40171 40170 40169 40168 40167 40166 40165 40164 40163 40162 40161 40160 40159 40158 40157 40156 40155 40154 40153 40152 40151 40150 40149 40148 40147 40146 40145 40144 40143 40142 40141 40140 40139 40138 40137 40136 40135 40134 40133 40132 40131 40130 40129 40128 40127 40126 40125 40124 40123 40122 40121 40120 40119 40118 40117 40116 40115 40114 40113 40112 40111 40110 40109 40108 40107 40106 40105 40104 40103 40102 40101 40100 40099 40098 40097 40096 40095 40094 40093 40092 40091 40090 40089 40088 40087 40086 40085 40084 40083 40082 40081 40080 40079 40078 40077 40076 40075 40074 40073 40072 40071 40070 40069 40068 40067 40066 40065 40064 40063 40062 40061 40060 40059 40058 40057 40056 40055 40054 40053 40052 40051 40050 40049 40048 40047 40046 40045 40044 40043 40042 40041 40040 40039 40038 40037 40036 40035 40034 40033 40032 40031 40030 40029 40028 40027 40026 40025 40024 40023 40022 40021 40020 40019 40018 40017 40016 40015 40014 40013 40012 40011 40010 40009 40008 40007 40006 40005 40004 40003 40002 40001 40000 39999 39998 39997 39996 39995 39994 39993 39992 39991 39990 39989 39988 39987 39986 39985 39984 39983 39982 39981 39980 39979 39978 39977 39976 39975 39974 39973 39972 39971 39970 39969 39968 39967 39966 39965 39964 39963 39962 39961 39960 39959 39958 39957 39956 39955 39954 39953 39952 39951 39950 39949 39948 39947 39946 39945 39944 39943 39942 39941 39940 39939 39938 39937 39936 39935 39934 39933 39932 39931 39930 39929 39928 39927 39926 39925 39924 39923 39922 39921 39920 39919 39918 39917 39916 39915 39914 39913 39912 39911 39910 39909 39908 39907 39906 39905 39904 39903 39902 39901 39900 39899 39898 39897 39896 39895 39894 39893 39892 39891 39890 39889 39888 39887 39886 39885 39884 39883 39882 39881 39880 39879 39878 39877 39876 39875 39874 39873 39872 39871 39870 39869 39868 39867 39866 39865 39864 39863 39862 39861 39860 39859 39858 39857 39856 39855 39854 39853 39852 39851 39850 39849 39848 39847 39846 39845 39844 39843 39842 39841 39840 39839 39838 39837 39836 39835 39834 39833 39832 39831 39830 39829 39828 39827 39826 39825 39824 39823 39822 39821 39820 39819 39818 39817 39816 39815 39814 39813 39812 39811 39810 39809 39808 39807 39806 39805 39804 39803 39802 39801 39800 39799 39798 39797 39796 39795 39794 39793 39792 39791 39790 39789 39788 39787 39786 39785 39784 39783 39782 39781 39780 39779 39778 39777 39776 39775 39774 39773 39772 39771 39770 39769 39768 39767 39766 39765 39764 39763 39762 39761 39760 39759 39758 39757 39756 39755 39754 39753 39752 39751 39750 39749 39748 39747 39746 39745 39744 39743 39742 39741 39740 39739 39738 39737 39736 39735 39734 39733 39732 39731 39730 39729 39728 39727 39726 39725 39724 39723 39722 39721 39720 39719 39718 39717 39716 39715 39714 39713 39712 39711 39710 39709 39708 39707 39706 39705 39704 39703 39702 39701 39700 39699 39698 39697 39696 39695 39694 39693 39692 39691 39690 39689 39688 39687 39686 39685 39684 39683 39682 39681 39680 39679 39678 39677 39676 39675 39674 39673 39672 39671 39670 39669 39668 39667 39666 39665 39664 39663 39662 39661 39660 39659 39658 39657 39656 39655 39654 39653 39652 39651 39650 39649 39648 39647 39646 39645 39644 39643 39642 39641 39640 39639 39638 39637 39636 39635 39634 39633 39632 39631 39630 39629 39628 39627 39626 39625 39624 39623 39622 39621 39620 39619 39618 39617 39616 39615 39614 39613 39612 39611 39610 39609 39608 39607 39606 39605 39604 39603 39602 39601 39600 39599 39598 39597 39596 39595 39594 39593 39592 39591 39590 39589 39588 39587 39586 39585 39584 39583 39582 39581 39580 39579 39578 39577 39576 39575 39574 39573 39572 39571 39570 39569 39568 39567 39566 39565 39564 39563 39562 39561 39560 39559 39558 39557 39556 39555 39554 39553 39552 39551 39550 39549 39548 39547 39546 39545 39544 39543 39542 39541 39540 39539 39538 39537 39536 39535 39534 39533 39532 39531 39530 39529 39528 39527 39526 39525 39524 39523 39522 39521 39520 39519 39518 39517 39516 39515 39514 39513 39512 39511 39510 39509 39508 39507 39506 39505 39504 39503 39502 39501 39500 39499 39498 39497 39496 39495 39494 39493 39492 39491 39490 39489 39488 39487 39486 39485 39484 39483 39482 39481 39480 39479 39478 39477 39476 39475 39474 39473 39472 39471 39470 39469 39468 39467 39466 39465 39464 39463 39462 39461 39460 39459 39458 39457 39456 39455 39454 39453 39452 39451 39450 39449 39448 39447 39446 39445 39444 39443 39442 39441 39440 39439 39438 39437 39436 39435 39434 39433 39432 39431 39430 39429 39428 39427 39426 39425 39424 39423 39422 39421 39420 39419 39418 39417 39416 39415 39414 39413 39412 39411 39410 39409 39408 39407 39406 39405 39404 39403 39402 39401 39400 39399 39398 39397 39396 39395 39394 39393 39392 39391 39390 39389 39388 39387 39386 39385 39384 39383 39382 39381 39380 39379 39378 39377 39376 39375 39374 39373 39372 39371 39370 39369 39368 39367 39366 39365 39364 39363 39362 39361 39360 39359 39358 39357 39356 39355 39354 39353 39352 39351 39350 39349 39348 39347 39346 39345 39344 39343 39342 39341 39340 39339 39338 39337 39336 39335 39334 39333 39332 39331 39330 39329 39328 39327 39326 39325 39324 39323 39322 39321 39320 39319 39318 39317 39316 39315 39314 39313 39312 39311 39310 39309 39308 39307 39306 39305 39304 39303 39302 39301 39300 39299 39298 39297 39296 39295 39294 39293 39292 39291 39290 39289 39288 39287 39286 39285 39284 39283 39282 39281 39280 39279 39278 39277 39276 39275 39274 39273 39272 39271 39270 39269 39268 39267 39266 39265 39264 39263 39262 39261 39260 39259 39258 39257 39256 39255 39254 39253 39252 39251 39250 39249 39248 39247 39246 39245 39244 39243 39242 39241 39240 39239 39238 39237 39236 39235 39234 39233 39232 39231 39230 39229 39228 39227 39226 39225 39224 39223 39222 39221 39220 39219 39218 39217 39216 39215 39214 39213 39212 39211 39210 39209 39208 39207 39206 39205 39204 39203 39202 39201 39200 39199 39198 39197 39196 39195 39194 39193 39192 39191 39190 39189 39188 39187 39186 39185 39184 39183 39182 39181 39180 39179 39178 39177 39176 39175 39174 39173 39172 39171 39170 39169 39168 39167 39166 39165 39164 39163 39162 39161 39160 39159 39158 39157 39156 39155 39154 39153 39152 39151 39150 39149 39148 39147 39146 39145 39144 39143 39142 39141 39140 39139 39138 39137 39136 39135 39134 39133 39132 39131 39130 39129 39128 39127 39126 39125 39124 39123 39122 39121 39120 39119 39118 39117 39116 39115 39114 39113 39112 39111 39110 39109 39108 39107 39106 39105 39104 39103 39102 39101 39100 39099 39098 39097 39096 39095 39094 39093 39092 39091 39090 39089 39088 39087 39086 39085 39084 39083 39082 39081 39080 39079 39078 39077 39076 39075 39074 39073 39072 39071 39070 39069 39068 39067 39066 39065 39064 39063 39062 39061 39060 39059 39058 39057 39056 39055 39054 39053 39052 39051 39050 39049 39048 39047 39046 39045 39044 39043 39042 39041 39040 39039 39038 39037 39036 39035 39034 39033 39032 39031 39030 39029 39028 39027 39026 39025 39024 39023 39022 39021 39020 39019 39018 39017 39016 39015 39014 39013 39012 39011 39010 39009 39008 39007 39006 39005 39004 39003 39002 39001 39000 38999 38998 38997 38996 38995 38994 38993 38992 38991 38990 38989 38988 38987 38986 38985 38984 38983 38982 38981 38980 38979 38978 38977 38976 38975 38974 38973 38972 38971 38970 38969 38968 38967 38966 38965 38964 38963 38962 38961 38960 38959 38958 38957 38956 38955 38954 38953 38952 38951 38950 38949 38948 38947 38946 38945 38944 38943 38942 38941 38940 38939 38938 38937 38936 38935 38934 38933 38932 38931 38930 38929 38928 38927 38926 38925 38924 38923 38922 38921 38920 38919 38918 38917 38916 38915 38914 38913 38912 38911 38910 38909 38908 38907 38906 38905 38904 38903 38902 38901 38900 38899 38898 38897 38896 38895 38894 38893 38892 38891 38890 38889 38888 38887 38886 38885 38884 38883 38882 38881 38880 38879 38878 38877 38876 38875 38874 38873 38872 38871 38870 38869 38868 38867 38866 38865 38864 38863 38862 38861 38860 38859 38858 38857 38856 38855 38854 38853 38852 38851 38850 38849 38848 38847 38846 38845 38844 38843 38842 38841 38840 38839 38838 38837 38836 38835 38834 38833 38832 38831 38830 38829 38828 38827 38826 38825 38824 38823 38822 38821 38820 38819 38818 38817 38816 38815 38814 38813 38812 38811 38810 38809 38808 38807 38806 38805 38804 38803 38802 38801 38800 38799 38798 38797 38796 38795 38794 38793 38792 38791 38790 38789 38788 38787 38786 38785 38784 38783 38782 38781 38780 38779 38778 38777 38776 38775 38774 38773 38772 38771 38770 38769 38768 38767 38766 38765 38764 38763 38762 38761 38760 38759 38758 38757 38756 38755 38754 38753 38752 38751 38750 38749 38748 38747 38746 38745 38744 38743 38742 38741 38740 38739 38738 38737 38736 38735 38734 38733 38732 38731 38730 38729 38728 38727 38726 38725 38724 38723 38722 38721 38720 38719 38718 38717 38716 38715 38714 38713 38712 38711 38710 38709 38708 38707 38706 38705 38704 38703 38702 38701 38700 38699 38698 38697 38696 38695 38694 38693 38692 38691 38690 38689 38688 38687 38686 38685 38684 38683 38682 38681 38680 38679 38678 38677 38676 38675 38674 38673 38672 38671 38670 38669 38668 38667 38666 38665 38664 38663 38662 38661 38660 38659 38658 38657 38656 38655 38654 38653 38652 38651 38650 38649 38648 38647 38646 38645 38644 38643 38642 38641 38640 38639 38638 38637 38636 38635 38634 38633 38632 38631 38630 38629 38628 38627 38626 38625 38624 38623 38622 38621 38620 38619 38618 38617 38616 38615 38614 38613 38612 38611 38610 38609 38608 38607 38606 38605 38604 38603 38602 38601 38600 38599 38598 38597 38596 38595 38594 38593 38592 38591 38590 38589 38588 38587 38586 38585 38584 38583 38582 38581 38580 38579 38578 38577 38576 38575 38574 38573 38572 38571 38570 38569 38568 38567 38566 38565 38564 38563 38562 38561 38560 38559 38558 38557 38556 38555 38554 38553 38552 38551 38550 38549 38548 38547 38546 38545 38544 38543 38542 38541 38540 38539 38538 38537 38536 38535 38534 38533 38532 38531 38530 38529 38528 38527 38526 38525 38524 38523 38522 38521 38520 38519 38518 38517 38516 38515 38514 38513 38512 38511 38510 38509 38508 38507 38506 38505 38504 38503 38502 38501 38500 38499 38498 38497 38496 38495 38494 38493 38492 38491 38490 38489 38488 38487 38486 38485 38484 38483 38482 38481 38480 38479 38478 38477 38476 38475 38474 38473 38472 38471 38470 38469 38468 38467 38466 38465 38464 38463 38462 38461 38460 38459 38458 38457 38456 38455 38454 38453 38452 38451 38450 38449 38448 38447 38446 38445 38444 38443 38442 38441 38440 38439 38438 38437 38436 38435 38434 38433 38432 38431 38430 38429 38428 38427 38426 38425 38424 38423 38422 38421 38420 38419 38418 38417 38416 38415 38414 38413 38412 38411 38410 38409 38408 38407 38406 38405 38404 38403 38402 38401 38400 38399 38398 38397 38396 38395 38394 38393 38392 38391 38390 38389 38388 38387 38386 38385 38384 38383 38382 38381 38380 38379 38378 38377 38376 38375 38374 38373 38372 38371 38370 38369 38368 38367 38366 38365 38364 38363 38362 38361 38360 38359 38358 38357 38356 38355 38354 38353 38352 38351 38350 38349 38348 38347 38346 38345 38344 38343 38342 38341 38340 38339 38338 38337 38336 38335 38334 38333 38332 38331 38330 38329 38328 38327 38326 38325 38324 38323 38322 38321 38320 38319 38318 38317 38316 38315 38314 38313 38312 38311 38310 38309 38308 38307 38306 38305 38304 38303 38302 38301 38300 38299 38298 38297 38296 38295 38294 38293 38292 38291 38290 38289 38288 38287 38286 38285 38284 38283 38282 38281 38280 38279 38278 38277 38276 38275 38274 38273 38272 38271 38270 38269 38268 38267 38266 38265 38264 38263 38262 38261 38260 38259 38258 38257 38256 38255 38254 38253 38252 38251 38250 38249 38248 38247 38246 38245 38244 38243 38242 38241 38240 38239 38238 38237 38236 38235 38234 38233 38232 38231 38230 38229 38228 38227 38226 38225 38224 38223 38222 38221 38220 38219 38218 38217 38216 38215 38214 38213 38212 38211 38210 38209 38208 38207 38206 38205 38204 38203 38202 38201 38200 38199 38198 38197 38196 38195 38194 38193 38192 38191 38190 38189 38188 38187 38186 38185 38184 38183 38182 38181 38180 38179 38178 38177 38176 38175 38174 38173 38172 38171 38170 38169 38168 38167 38166 38165 38164 38163 38162 38161 38160 38159 38158 38157 38156 38155 38154 38153 38152 38151 38150 38149 38148 38147 38146 38145 38144 38143 38142 38141 38140 38139 38138 38137 38136 38135 38134 38133 38132 38131 38130 38129 38128 38127 38126 38125 38124 38123 38122 38121 38120 38119 38118 38117 38116 38115 38114 38113 38112 38111 38110 38109 38108 38107 38106 38105 38104 38103 38102 38101 38100 38099 38098 38097 38096 38095 38094 38093 38092 38091 38090 38089 38088 38087 38086 38085 38084 38083 38082 38081 38080 38079 38078 38077 38076 38075 38074 38073 38072 38071 38070 38069 38068 38067 38066 38065 38064 38063 38062 38061 38060 38059 38058 38057 38056 38055 38054 38053 38052 38051 38050 38049 38048 38047 38046 38045 38044 38043 38042 38041 38040 38039 38038 38037 38036 38035 38034 38033 38032 38031 38030 38029 38028 38027 38026 38025 38024 38023 38022 38021 38020 38019 38018 38017 38016 38015 38014 38013 38012 38011 38010 38009 38008 38007 38006 38005 38004 38003 38002 38001 38000 37999 37998 37997 37996 37995 37994 37993 37992 37991 37990 37989 37988 37987 37986 37985 37984 37983 37982 37981 37980 37979 37978 37977 37976 37975 37974 37973 37972 37971 37970 37969 37968 37967 37966 37965 37964 37963 37962 37961 37960 37959 37958 37957 37956 37955 37954 37953 37952 37951 37950 37949 37948 37947 37946 37945 37944 37943 37942 37941 37940 37939 37938 37937 37936 37935 37934 37933 37932 37931 37930 37929 37928 37927 37926 37925 37924 37923 37922 37921 37920 37919 37918 37917 37916 37915 37914 37913 37912 37911 37910 37909 37908 37907 37906 37905 37904 37903 37902 37901 37900 37899 37898 37897 37896 37895 37894 37893 37892 37891 37890 37889 37888 37887 37886 37885 37884 37883 37882 37881 37880 37879 37878 37877 37876 37875 37874 37873 37872 37871 37870 37869 37868 37867 37866 37865 37864 37863 37862 37861 37860 37859 37858 37857 37856 37855 37854 37853 37852 37851 37850 37849 37848 37847 37846 37845 37844 37843 37842 37841 37840 37839 37838 37837 37836 37835 37834 37833 37832 37831 37830 37829 37828 37827 37826 37825 37824 37823 37822 37821 37820 37819 37818 37817 37816 37815 37814 37813 37812 37811 37810 37809 37808 37807 37806 37805 37804 37803 37802 37801 37800 37799 37798 37797 37796 37795 37794 37793 37792 37791 37790 37789 37788 37787 37786 37785 37784 37783 37782 37781 37780 37779 37778 37777 37776 37775 37774 37773 37772 37771 37770 37769 37768 37767 37766 37765 37764 37763 37762 37761 37760 37759 37758 37757 37756 37755 37754 37753 37752 37751 37750 37749 37748 37747 37746 37745 37744 37743 37742 37741 37740 37739 37738 37737 37736 37735 37734 37733 37732 37731 37730 37729 37728 37727 37726 37725 37724 37723 37722 37721 37720 37719 37718 37717 37716 37715 37714 37713 37712 37711 37710 37709 37708 37707 37706 37705 37704 37703 37702 37701 37700 37699 37698 37697 37696 37695 37694 37693 37692 37691 37690 37689 37688 37687 37686 37685 37684 37683 37682 37681 37680 37679 37678 37677 37676 37675 37674 37673 37672 37671 37670 37669 37668 37667 37666 37665 37664 37663 37662 37661 37660 37659 37658 37657 37656 37655 37654 37653 37652 37651 37650 37649 37648 37647 37646 37645 37644 37643 37642 37641 37640 37639 37638 37637 37636 37635 37634 37633 37632 37631 37630 37629 37628 37627 37626 37625 37624 37623 37622 37621 37620 37619 37618 37617 37616 37615 37614 37613 37612 37611 37610 37609 37608 37607 37606 37605 37604 37603 37602 37601 37600 37599 37598 37597 37596 37595 37594 37593 37592 37591 37590 37589 37588 37587 37586 37585 37584 37583 37582 37581 37580 37579 37578 37577 37576 37575 37574 37573 37572 37571 37570 37569 37568 37567 37566 37565 37564 37563 37562 37561 37560 37559 37558 37557 37556 37555 37554 37553 37552 37551 37550 37549 37548 37547 37546 37545 37544 37543 37542 37541 37540 37539 37538 37537 37536 37535 37534 37533 37532 37531 37530 37529 37528 37527 37526 37525 37524 37523 37522 37521 37520 37519 37518 37517 37516 37515 37514 37513 37512 37511 37510 37509 37508 37507 37506 37505 37504 37503 37502 37501 37500 37499 37498 37497 37496 37495 37494 37493 37492 37491 37490 37489 37488 37487 37486 37485 37484 37483 37482 37481 37480 37479 37478 37477 37476 37475 37474 37473 37472 37471 37470 37469 37468 37467 37466 37465 37464 37463 37462 37461 37460 37459 37458 37457 37456 37455 37454 37453 37452 37451 37450 37449 37448 37447 37446 37445 37444 37443 37442 37441 37440 37439 37438 37437 37436 37435 37434 37433 37432 37431 37430 37429 37428 37427 37426 37425 37424 37423 37422 37421 37420 37419 37418 37417 37416 37415 37414 37413 37412 37411 37410 37409 37408 37407 37406 37405 37404 37403 37402 37401 37400 37399 37398 37397 37396 37395 37394 37393 37392 37391 37390 37389 37388 37387 37386 37385 37384 37383 37382 37381 37380 37379 37378 37377 37376 37375 37374 37373 37372 37371 37370 37369 37368 37367 37366 37365 37364 37363 37362 37361 37360 37359 37358 37357 37356 37355 37354 37353 37352 37351 37350 37349 37348 37347 37346 37345 37344 37343 37342 37341 37340 37339 37338 37337 37336 37335 37334 37333 37332 37331 37330 37329 37328 37327 37326 37325 37324 37323 37322 37321 37320 37319 37318 37317 37316 37315 37314 37313 37312 37311 37310 37309 37308 37307 37306 37305 37304 37303 37302 37301 37300 37299 37298 37297 37296 37295 37294 37293 37292 37291 37290 37289 37288 37287 37286 37285 37284 37283 37282 37281 37280 37279 37278 37277 37276 37275 37274 37273 37272 37271 37270 37269 37268 37267 37266 37265 37264 37263 37262 37261 37260 37259 37258 37257 37256 37255 37254 37253 37252 37251 37250 37249 37248 37247 37246 37245 37244 37243 37242 37241 37240 37239 37238 37237 37236 37235 37234 37233 37232 37231 37230 37229 37228 37227 37226 37225 37224 37223 37222 37221 37220 37219 37218 37217 37216 37215 37214 37213 37212 37211 37210 37209 37208 37207 37206 37205 37204 37203 37202 37201 37200 37199 37198 37197 37196 37195 37194 37193 37192 37191 37190 37189 37188 37187 37186 37185 37184 37183 37182 37181 37180 37179 37178 37177 37176 37175 37174 37173 37172 37171 37170 37169 37168 37167 37166 37165 37164 37163 37162 37161 37160 37159 37158 37157 37156 37155 37154 37153 37152 37151 37150 37149 37148 37147 37146 37145 37144 37143 37142 37141 37140 37139 37138 37137 37136 37135 37134 37133 37132 37131 37130 37129 37128 37127 37126 37125 37124 37123 37122 37121 37120 37119 37118 37117 37116 37115 37114 37113 37112 37111 37110 37109 37108 37107 37106 37105 37104 37103 37102 37101 37100 37099 37098 37097 37096 37095 37094 37093 37092 37091 37090 37089 37088 37087 37086 37085 37084 37083 37082 37081 37080 37079 37078 37077 37076 37075 37074 37073 37072 37071 37070 37069 37068 37067 37066 37065 37064 37063 37062 37061 37060 37059 37058 37057 37056 37055 37054 37053 37052 37051 37050 37049 37048 37047 37046 37045 37044 37043 37042 37041 37040 37039 37038 37037 37036 37035 37034 37033 37032 37031 37030 37029 37028 37027 37026 37025 37024 37023 37022 37021 37020 37019 37018 37017 37016 37015 37014 37013 37012 37011 37010 37009 37008 37007 37006 37005 37004 37003 37002 37001 37000 36999 36998 36997 36996 36995 36994 36993 36992 36991 36990 36989 36988 36987 36986 36985 36984 36983 36982 36981 36980 36979 36978 36977 36976 36975 36974 36973 36972 36971 36970 36969 36968 36967 36966 36965 36964 36963 36962 36961 36960 36959 36958 36957 36956 36955 36954 36953 36952 36951 36950 36949 36948 36947 36946 36945 36944 36943 36942 36941 36940 36939 36938 36937 36936 36935 36934 36933 36932 36931 36930 36929 36928 36927 36926 36925 36924 36923 36922 36921 36920 36919 36918 36917 36916 36915 36914 36913 36912 36911 36910 36909 36908 36907 36906 36905 36904 36903 36902 36901 36900 36899 36898 36897 36896 36895 36894 36893 36892 36891 36890 36889 36888 36887 36886 36885 36884 36883 36882 36881 36880 36879 36878 36877 36876 36875 36874 36873 36872 36871 36870 36869 36868 36867 36866 36865 36864 36863 36862 36861 36860 36859 36858 36857 36856 36855 36854 36853 36852 36851 36850 36849 36848 36847 36846 36845 36844 36843 36842 36841 36840 36839 36838 36837 36836 36835 36834 36833 36832 36831 36830 36829 36828 36827 36826 36825 36824 36823 36822 36821 36820 36819 36818 36817 36816 36815 36814 36813 36812 36811 36810 36809 36808 36807 36806 36805 36804 36803 36802 36801 36800 36799 36798 36797 36796 36795 36794 36793 36792 36791 36790 36789 36788 36787 36786 36785 36784 36783 36782 36781 36780 36779 36778 36777 36776 36775 36774 36773 36772 36771 36770 36769 36768 36767 36766 36765 36764 36763 36762 36761 36760 36759 36758 36757 36756 36755 36754 36753 36752 36751 36750 36749 36748 36747 36746 36745 36744 36743 36742 36741 36740 36739 36738 36737 36736 36735 36734 36733 36732 36731 36730 36729 36728 36727 36726 36725 36724 36723 36722 36721 36720 36719 36718 36717 36716 36715 36714 36713 36712 36711 36710 36709 36708 36707 36706 36705 36704 36703 36702 36701 36700 36699 36698 36697 36696 36695 36694 36693 36692 36691 36690 36689 36688 36687 36686 36685 36684 36683 36682 36681 36680 36679 36678 36677 36676 36675 36674 36673 36672 36671 36670 36669 36668 36667 36666 36665 36664 36663 36662 36661 36660 36659 36658 36657 36656 36655 36654 36653 36652 36651 36650 36649 36648 36647 36646 36645 36644 36643 36642 36641 36640 36639 36638 36637 36636 36635 36634 36633 36632 36631 36630 36629 36628 36627 36626 36625 36624 36623 36622 36621 36620 36619 36618 36617 36616 36615 36614 36613 36612 36611 36610 36609 36608 36607 36606 36605 36604 36603 36602 36601 36600 36599 36598 36597 36596 36595 36594 36593 36592 36591 36590 36589 36588 36587 36586 36585 36584 36583 36582 36581 36580 36579 36578 36577 36576 36575 36574 36573 36572 36571 36570 36569 36568 36567 36566 36565 36564 36563 36562 36561 36560 36559 36558 36557 36556 36555 36554 36553 36552 36551 36550 36549 36548 36547 36546 36545 36544 36543 36542 36541 36540 36539 36538 36537 36536 36535 36534 36533 36532 36531 36530 36529 36528 36527 36526 36525 36524 36523 36522 36521 36520 36519 36518 36517 36516 36515 36514 36513 36512 36511 36510 36509 36508 36507 36506 36505 36504 36503 36502 36501 36500 36499 36498 36497 36496 36495 36494 36493 36492 36491 36490 36489 36488 36487 36486 36485 36484 36483 36482 36481 36480 36479 36478 36477 36476 36475 36474 36473 36472 36471 36470 36469 36468 36467 36466 36465 36464 36463 36462 36461 36460 36459 36458 36457 36456 36455 36454 36453 36452 36451 36450 36449 36448 36447 36446 36445 36444 36443 36442 36441 36440 36439 36438 36437 36436 36435 36434 36433 36432 36431 36430 36429 36428 36427 36426 36425 36424 36423 36422 36421 36420 36419 36418 36417 36416 36415 36414 36413 36412 36411 36410 36409 36408 36407 36406 36405 36404 36403 36402 36401 36400 36399 36398 36397 36396 36395 36394 36393 36392 36391 36390 36389 36388 36387 36386 36385 36384 36383 36382 36381 36380 36379 36378 36377 36376 36375 36374 36373 36372 36371 36370 36369 36368 36367 36366 36365 36364 36363 36362 36361 36360 36359 36358 36357 36356 36355 36354 36353 36352 36351 36350 36349 36348 36347 36346 36345 36344 36343 36342 36341 36340 36339 36338 36337 36336 36335 36334 36333 36332 36331 36330 36329 36328 36327 36326 36325 36324 36323 36322 36321 36320 36319 36318 36317 36316 36315 36314 36313 36312 36311 36310 36309 36308 36307 36306 36305 36304 36303 36302 36301 36300 36299 36298 36297 36296 36295 36294 36293 36292 36291 36290 36289 36288 36287 36286 36285 36284 36283 36282 36281 36280 36279 36278 36277 36276 36275 36274 36273 36272 36271 36270 36269 36268 36267 36266 36265 36264 36263 36262 36261 36260 36259 36258 36257 36256 36255 36254 36253 36252 36251 36250 36249 36248 36247 36246 36245 36244 36243 36242 36241 36240 36239 36238 36237 36236 36235 36234 36233 36232 36231 36230 36229 36228 36227 36226 36225 36224 36223 36222 36221 36220 36219 36218 36217 36216 36215 36214 36213 36212 36211 36210 36209 36208 36207 36206 36205 36204 36203 36202 36201 36200 36199 36198 36197 36196 36195 36194 36193 36192 36191 36190 36189 36188 36187 36186 36185 36184 36183 36182 36181 36180 36179 36178 36177 36176 36175 36174 36173 36172 36171 36170 36169 36168 36167 36166 36165 36164 36163 36162 36161 36160 36159 36158 36157 36156 36155 36154 36153 36152 36151 36150 36149 36148 36147 36146 36145 36144 36143 36142 36141 36140 36139 36138 36137 36136 36135 36134 36133 36132 36131 36130 36129 36128 36127 36126 36125 36124 36123 36122 36121 36120 36119 36118 36117 36116 36115 36114 36113 36112 36111 36110 36109 36108 36107 36106 36105 36104 36103 36102 36101 36100 36099 36098 36097 36096 36095 36094 36093 36092 36091 36090 36089 36088 36087 36086 36085 36084 36083 36082 36081 36080 36079 36078 36077 36076 36075 36074 36073 36072 36071 36070 36069 36068 36067 36066 36065 36064 36063 36062 36061 36060 36059 36058 36057 36056 36055 36054 36053 36052 36051 36050 36049 36048 36047 36046 36045 36044 36043 36042 36041 36040 36039 36038 36037 36036 36035 36034 36033 36032 36031 36030 36029 36028 36027 36026 36025 36024 36023 36022 36021 36020 36019 36018 36017 36016 36015 36014 36013 36012 36011 36010 36009 36008 36007 36006 36005 36004 36003 36002 36001 36000 35999 35998 35997 35996 35995 35994 35993 35992 35991 35990 35989 35988 35987 35986 35985 35984 35983 35982 35981 35980 35979 35978 35977 35976 35975 35974 35973 35972 35971 35970 35969 35968 35967 35966 35965 35964 35963 35962 35961 35960 35959 35958 35957 35956 35955 35954 35953 35952 35951 35950 35949 35948 35947 35946 35945 35944 35943 35942 35941 35940 35939 35938 35937 35936 35935 35934 35933 35932 35931 35930 35929 35928 35927 35926 35925 35924 35923 35922 35921 35920 35919 35918 35917 35916 35915 35914 35913 35912 35911 35910 35909 35908 35907 35906 35905 35904 35903 35902 35901 35900 35899 35898 35897 35896 35895 35894 35893 35892 35891 35890 35889 35888 35887 35886 35885 35884 35883 35882 35881 35880 35879 35878 35877 35876 35875 35874 35873 35872 35871 35870 35869 35868 35867 35866 35865 35864 35863 35862 35861 35860 35859 35858 35857 35856 35855 35854 35853 35852 35851 35850 35849 35848 35847 35846 35845 35844 35843 35842 35841 35840 35839 35838 35837 35836 35835 35834 35833 35832 35831 35830 35829 35828 35827 35826 35825 35824 35823 35822 35821 35820 35819 35818 35817 35816 35815 35814 35813 35812 35811 35810 35809 35808 35807 35806 35805 35804 35803 35802 35801 35800 35799 35798 35797 35796 35795 35794 35793 35792 35791 35790 35789 35788 35787 35786 35785 35784 35783 35782 35781 35780 35779 35778 35777 35776 35775 35774 35773 35772 35771 35770 35769 35768 35767 35766 35765 35764 35763 35762 35761 35760 35759 35758 35757 35756 35755 35754 35753 35752 35751 35750 35749 35748 35747 35746 35745 35744 35743 35742 35741 35740 35739 35738 35737 35736 35735 35734 35733 35732 35731 35730 35729 35728 35727 35726 35725 35724 35723 35722 35721 35720 35719 35718 35717 35716 35715 35714 35713 35712 35711 35710 35709 35708 35707 35706 35705 35704 35703 35702 35701 35700 35699 35698 35697 35696 35695 35694 35693 35692 35691 35690 35689 35688 35687 35686 35685 35684 35683 35682 35681 35680 35679 35678 35677 35676 35675 35674 35673 35672 35671 35670 35669 35668 35667 35666 35665 35664 35663 35662 35661 35660 35659 35658 35657 35656 35655 35654 35653 35652 35651 35650 35649 35648 35647 35646 35645 35644 35643 35642 35641 35640 35639 35638 35637 35636 35635 35634 35633 35632 35631 35630 35629 35628 35627 35626 35625 35624 35623 35622 35621 35620 35619 35618 35617 35616 35615 35614 35613 35612 35611 35610 35609 35608 35607 35606 35605 35604 35603 35602 35601 35600 35599 35598 35597 35596 35595 35594 35593 35592 35591 35590 35589 35588 35587 35586 35585 35584 35583 35582 35581 35580 35579 35578 35577 35576 35575 35574 35573 35572 35571 35570 35569 35568 35567 35566 35565 35564 35563 35562 35561 35560 35559 35558 35557 35556 35555 35554 35553 35552 35551 35550 35549 35548 35547 35546 35545 35544 35543 35542 35541 35540 35539 35538 35537 35536 35535 35534 35533 35532 35531 35530 35529 35528 35527 35526 35525 35524 35523 35522 35521 35520 35519 35518 35517 35516 35515 35514 35513 35512 35511 35510 35509 35508 35507 35506 35505 35504 35503 35502 35501 35500 35499 35498 35497 35496 35495 35494 35493 35492 35491 35490 35489 35488 35487 35486 35485 35484 35483 35482 35481 35480 35479 35478 35477 35476 35475 35474 35473 35472 35471 35470 35469 35468 35467 35466 35465 35464 35463 35462 35461 35460 35459 35458 35457 35456 35455 35454 35453 35452 35451 35450 35449 35448 35447 35446 35445 35444 35443 35442 35441 35440 35439 35438 35437 35436 35435 35434 35433 35432 35431 35430 35429 35428 35427 35426 35425 35424 35423 35422 35421 35420 35419 35418 35417 35416 35415 35414 35413 35412 35411 35410 35409 35408 35407 35406 35405 35404 35403 35402 35401 35400 35399 35398 35397 35396 35395 35394 35393 35392 35391 35390 35389 35388 35387 35386 35385 35384 35383 35382 35381 35380 35379 35378 35377 35376 35375 35374 35373 35372 35371 35370 35369 35368 35367 35366 35365 35364 35363 35362 35361 35360 35359 35358 35357 35356 35355 35354 35353 35352 35351 35350 35349 35348 35347 35346 35345 35344 35343 35342 35341 35340 35339 35338 35337 35336 35335 35334 35333 35332 35331 35330 35329 35328 35327 35326 35325 35324 35323 35322 35321 35320 35319 35318 35317 35316 35315 35314 35313 35312 35311 35310 35309 35308 35307 35306 35305 35304 35303 35302 35301 35300 35299 35298 35297 35296 35295 35294 35293 35292 35291 35290 35289 35288 35287 35286 35285 35284 35283 35282 35281 35280 35279 35278 35277 35276 35275 35274 35273 35272 35271 35270 35269 35268 35267 35266 35265 35264 35263 35262 35261 35260 35259 35258 35257 35256 35255 35254 35253 35252 35251 35250 35249 35248 35247 35246 35245 35244 35243 35242 35241 35240 35239 35238 35237 35236 35235 35234 35233 35232 35231 35230 35229 35228 35227 35226 35225 35224 35223 35222 35221 35220 35219 35218 35217 35216 35215 35214 35213 35212 35211 35210 35209 35208 35207 35206 35205 35204 35203 35202 35201 35200 35199 35198 35197 35196 35195 35194 35193 35192 35191 35190 35189 35188 35187 35186 35185 35184 35183 35182 35181 35180 35179 35178 35177 35176 35175 35174 35173 35172 35171 35170 35169 35168 35167 35166 35165 35164 35163 35162 35161 35160 35159 35158 35157 35156 35155 35154 35153 35152 35151 35150 35149 35148 35147 35146 35145 35144 35143 35142 35141 35140 35139 35138 35137 35136 35135 35134 35133 35132 35131 35130 35129 35128 35127 35126 35125 35124 35123 35122 35121 35120 35119 35118 35117 35116 35115 35114 35113 35112 35111 35110 35109 35108 35107 35106 35105 35104 35103 35102 35101 35100 35099 35098 35097 35096 35095 35094 35093 35092 35091 35090 35089 35088 35087 35086 35085 35084 35083 35082 35081 35080 35079 35078 35077 35076 35075 35074 35073 35072 35071 35070 35069 35068 35067 35066 35065 35064 35063 35062 35061 35060 35059 35058 35057 35056 35055 35054 35053 35052 35051 35050 35049 35048 35047 35046 35045 35044 35043 35042 35041 35040 35039 35038 35037 35036 35035 35034 35033 35032 35031 35030 35029 35028 35027 35026 35025 35024 35023 35022 35021 35020 35019 35018 35017 35016 35015 35014 35013 35012 35011 35010 35009 35008 35007 35006 35005 35004 35003 35002 35001 35000 34999 34998 34997 34996 34995 34994 34993 34992 34991 34990 34989 34988 34987 34986 34985 34984 34983 34982 34981 34980 34979 34978 34977 34976 34975 34974 34973 34972 34971 34970 34969 34968 34967 34966 34965 34964 34963 34962 34961 34960 34959 34958 34957 34956 34955 34954 34953 34952 34951 34950 34949 34948 34947 34946 34945 34944 34943 34942 34941 34940 34939 34938 34937 34936 34935 34934 34933 34932 34931 34930 34929 34928 34927 34926 34925 34924 34923 34922 34921 34920 34919 34918 34917 34916 34915 34914 34913 34912 34911 34910 34909 34908 34907 34906 34905 34904 34903 34902 34901 34900 34899 34898 34897 34896 34895 34894 34893 34892 34891 34890 34889 34888 34887 34886 34885 34884 34883 34882 34881 34880 34879 34878 34877 34876 34875 34874 34873 34872 34871 34870 34869 34868 34867 34866 34865 34864 34863 34862 34861 34860 34859 34858 34857 34856 34855 34854 34853 34852 34851 34850 34849 34848 34847 34846 34845 34844 34843 34842 34841 34840 34839 34838 34837 34836 34835 34834 34833 34832 34831 34830 34829 34828 34827 34826 34825 34824 34823 34822 34821 34820 34819 34818 34817 34816 34815 34814 34813 34812 34811 34810 34809 34808 34807 34806 34805 34804 34803 34802 34801 34800 34799 34798 34797 34796 34795 34794 34793 34792 34791 34790 34789 34788 34787 34786 34785 34784 34783 34782 34781 34780 34779 34778 34777 34776 34775 34774 34773 34772 34771 34770 34769 34768 34767 34766 34765 34764 34763 34762 34761 34760 34759 34758 34757 34756 34755 34754 34753 34752 34751 34750 34749 34748 34747 34746 34745 34744 34743 34742 34741 34740 34739 34738 34737 34736 34735 34734 34733 34732 34731 34730 34729 34728 34727 34726 34725 34724 34723 34722 34721 34720 34719 34718 34717 34716 34715 34714 34713 34712 34711 34710 34709 34708 34707 34706 34705 34704 34703 34702 34701 34700 34699 34698 34697 34696 34695 34694 34693 34692 34691 34690 34689 34688 34687 34686 34685 34684 34683 34682 34681 34680 34679 34678 34677 34676 34675 34674 34673 34672 34671 34670 34669 34668 34667 34666 34665 34664 34663 34662 34661 34660 34659 34658 34657 34656 34655 34654 34653 34652 34651 34650 34649 34648 34647 34646 34645 34644 34643 34642 34641 34640 34639 34638 34637 34636 34635 34634 34633 34632 34631 34630 34629 34628 34627 34626 34625 34624 34623 34622 34621 34620 34619 34618 34617 34616 34615 34614 34613 34612 34611 34610 34609 34608 34607 34606 34605 34604 34603 34602 34601 34600 34599 34598 34597 34596 34595 34594 34593 34592 34591 34590 34589 34588 34587 34586 34585 34584 34583 34582 34581 34580 34579 34578 34577 34576 34575 34574 34573 34572 34571 34570 34569 34568 34567 34566 34565 34564 34563 34562 34561 34560 34559 34558 34557 34556 34555 34554 34553 34552 34551 34550 34549 34548 34547 34546 34545 34544 34543 34542 34541 34540 34539 34538 34537 34536 34535 34534 34533 34532 34531 34530 34529 34528 34527 34526 34525 34524 34523 34522 34521 34520 34519 34518 34517 34516 34515 34514 34513 34512 34511 34510 34509 34508 34507 34506 34505 34504 34503 34502 34501 34500 34499 34498 34497 34496 34495 34494 34493 34492 34491 34490 34489 34488 34487 34486 34485 34484 34483 34482 34481 34480 34479 34478 34477 34476 34475 34474 34473 34472 34471 34470 34469 34468 34467 34466 34465 34464 34463 34462 34461 34460 34459 34458 34457 34456 34455 34454 34453 34452 34451 34450 34449 34448 34447 34446 34445 34444 34443 34442 34441 34440 34439 34438 34437 34436 34435 34434 34433 34432 34431 34430 34429 34428 34427 34426 34425 34424 34423 34422 34421 34420 34419 34418 34417 34416 34415 34414 34413 34412 34411 34410 34409 34408 34407 34406 34405 34404 34403 34402 34401 34400 34399 34398 34397 34396 34395 34394 34393 34392 34391 34390 34389 34388 34387 34386 34385 34384 34383 34382 34381 34380 34379 34378 34377 34376 34375 34374 34373 34372 34371 34370 34369 34368 34367 34366 34365 34364 34363 34362 34361 34360 34359 34358 34357 34356 34355 34354 34353 34352 34351 34350 34349 34348 34347 34346 34345 34344 34343 34342 34341 34340 34339 34338 34337 34336 34335 34334 34333 34332 34331 34330 34329 34328 34327 34326 34325 34324 34323 34322 34321 34320 34319 34318 34317 34316 34315 34314 34313 34312 34311 34310 34309 34308 34307 34306 34305 34304 34303 34302 34301 34300 34299 34298 34297 34296 34295 34294 34293 34292 34291 34290 34289 34288 34287 34286 34285 34284 34283 34282 34281 34280 34279 34278 34277 34276 34275 34274 34273 34272 34271 34270 34269 34268 34267 34266 34265 34264 34263 34262 34261 34260 34259 34258 34257 34256 34255 34254 34253 34252 34251 34250 34249 34248 34247 34246 34245 34244 34243 34242 34241 34240 34239 34238 34237 34236 34235 34234 34233 34232 34231 34230 34229 34228 34227 34226 34225 34224 34223 34222 34221 34220 34219 34218 34217 34216 34215 34214 34213 34212 34211 34210 34209 34208 34207 34206 34205 34204 34203 34202 34201 34200 34199 34198 34197 34196 34195 34194 34193 34192 34191 34190 34189 34188 34187 34186 34185 34184 34183 34182 34181 34180 34179 34178 34177 34176 34175 34174 34173 34172 34171 34170 34169 34168 34167 34166 34165 34164 34163 34162 34161 34160 34159 34158 34157 34156 34155 34154 34153 34152 34151 34150 34149 34148 34147 34146 34145 34144 34143 34142 34141 34140 34139 34138 34137 34136 34135 34134 34133 34132 34131 34130 34129 34128 34127 34126 34125 34124 34123 34122 34121 34120 34119 34118 34117 34116 34115 34114 34113 34112 34111 34110 34109 34108 34107 34106 34105 34104 34103 34102 34101 34100 34099 34098 34097 34096 34095 34094 34093 34092 34091 34090 34089 34088 34087 34086 34085 34084 34083 34082 34081 34080 34079 34078 34077 34076 34075 34074 34073 34072 34071 34070 34069 34068 34067 34066 34065 34064 34063 34062 34061 34060 34059 34058 34057 34056 34055 34054 34053 34052 34051 34050 34049 34048 34047 34046 34045 34044 34043 34042 34041 34040 34039 34038 34037 34036 34035 34034 34033 34032 34031 34030 34029 34028 34027 34026 34025 34024 34023 34022 34021 34020 34019 34018 34017 34016 34015 34014 34013 34012 34011 34010 34009 34008 34007 34006 34005 34004 34003 34002 34001 34000 33999 33998 33997 33996 33995 33994 33993 33992 33991 33990 33989 33988 33987 33986 33985 33984 33983 33982 33981 33980 33979 33978 33977 33976 33975 33974 33973 33972 33971 33970 33969 33968 33967 33966 33965 33964 33963 33962 33961 33960 33959 33958 33957 33956 33955 33954 33953 33952 33951 33950 33949 33948 33947 33946 33945 33944 33943 33942 33941 33940 33939 33938 33937 33936 33935 33934 33933 33932 33931 33930 33929 33928 33927 33926 33925 33924 33923 33922 33921 33920 33919 33918 33917 33916 33915 33914 33913 33912 33911 33910 33909 33908 33907 33906 33905 33904 33903 33902 33901 33900 33899 33898 33897 33896 33895 33894 33893 33892 33891 33890 33889 33888 33887 33886 33885 33884 33883 33882 33881 33880 33879 33878 33877 33876 33875 33874 33873 33872 33871 33870 33869 33868 33867 33866 33865 33864 33863 33862 33861 33860 33859 33858 33857 33856 33855 33854 33853 33852 33851 33850 33849 33848 33847 33846 33845 33844 33843 33842 33841 33840 33839 33838 33837 33836 33835 33834 33833 33832 33831 33830 33829 33828 33827 33826 33825 33824 33823 33822 33821 33820 33819 33818 33817 33816 33815 33814 33813 33812 33811 33810 33809 33808 33807 33806 33805 33804 33803 33802 33801 33800 33799 33798 33797 33796 33795 33794 33793 33792 33791 33790 33789 33788 33787 33786 33785 33784 33783 33782 33781 33780 33779 33778 33777 33776 33775 33774 33773 33772 33771 33770 33769 33768 33767 33766 33765 33764 33763 33762 33761 33760 33759 33758 33757 33756 33755 33754 33753 33752 33751 33750 33749 33748 33747 33746 33745 33744 33743 33742 33741 33740 33739 33738 33737 33736 33735 33734 33733 33732 33731 33730 33729 33728 33727 33726 33725 33724 33723 33722 33721 33720 33719 33718 33717 33716 33715 33714 33713 33712 33711 33710 33709 33708 33707 33706 33705 33704 33703 33702 33701 33700 33699 33698 33697 33696 33695 33694 33693 33692 33691 33690 33689 33688 33687 33686 33685 33684 33683 33682 33681 33680 33679 33678 33677 33676 33675 33674 33673 33672 33671 33670 33669 33668 33667 33666 33665 33664 33663 33662 33661 33660 33659 33658 33657 33656 33655 33654 33653 33652 33651 33650 33649 33648 33647 33646 33645 33644 33643 33642 33641 33640 33639 33638 33637 33636 33635 33634 33633 33632 33631 33630 33629 33628 33627 33626 33625 33624 33623 33622 33621 33620 33619 33618 33617 33616 33615 33614 33613 33612 33611 33610 33609 33608 33607 33606 33605 33604 33603 33602 33601 33600 33599 33598 33597 33596 33595 33594 33593 33592 33591 33590 33589 33588 33587 33586 33585 33584 33583 33582 33581 33580 33579 33578 33577 33576 33575 33574 33573 33572 33571 33570 33569 33568 33567 33566 33565 33564 33563 33562 33561 33560 33559 33558 33557 33556 33555 33554 33553 33552 33551 33550 33549 33548 33547 33546 33545 33544 33543 33542 33541 33540 33539 33538 33537 33536 33535 33534 33533 33532 33531 33530 33529 33528 33527 33526 33525 33524 33523 33522 33521 33520 33519 33518 33517 33516 33515 33514 33513 33512 33511 33510 33509 33508 33507 33506 33505 33504 33503 33502 33501 33500 33499 33498 33497 33496 33495 33494 33493 33492 33491 33490 33489 33488 33487 33486 33485 33484 33483 33482 33481 33480 33479 33478 33477 33476 33475 33474 33473 33472 33471 33470 33469 33468 33467 33466 33465 33464 33463 33462 33461 33460 33459 33458 33457 33456 33455 33454 33453 33452 33451 33450 33449 33448 33447 33446 33445 33444 33443 33442 33441 33440 33439 33438 33437 33436 33435 33434 33433 33432 33431 33430 33429 33428 33427 33426 33425 33424 33423 33422 33421 33420 33419 33418 33417 33416 33415 33414 33413 33412 33411 33410 33409 33408 33407 33406 33405 33404 33403 33402 33401 33400 33399 33398 33397 33396 33395 33394 33393 33392 33391 33390 33389 33388 33387 33386 33385 33384 33383 33382 33381 33380 33379 33378 33377 33376 33375 33374 33373 33372 33371 33370 33369 33368 33367 33366 33365 33364 33363 33362 33361 33360 33359 33358 33357 33356 33355 33354 33353 33352 33351 33350 33349 33348 33347 33346 33345 33344 33343 33342 33341 33340 33339 33338 33337 33336 33335 33334 33333 33332 33331 33330 33329 33328 33327 33326 33325 33324 33323 33322 33321 33320 33319 33318 33317 33316 33315 33314 33313 33312 33311 33310 33309 33308 33307 33306 33305 33304 33303 33302 33301 33300 33299 33298 33297 33296 33295 33294 33293 33292 33291 33290 33289 33288 33287 33286 33285 33284 33283 33282 33281 33280 33279 33278 33277 33276 33275 33274 33273 33272 33271 33270 33269 33268 33267 33266 33265 33264 33263 33262 33261 33260 33259 33258 33257 33256 33255 33254 33253 33252 33251 33250 33249 33248 33247 33246 33245 33244 33243 33242 33241 33240 33239 33238 33237 33236 33235 33234 33233 33232 33231 33230 33229 33228 33227 33226 33225 33224 33223 33222 33221 33220 33219 33218 33217 33216 33215 33214 33213 33212 33211 33210 33209 33208 33207 33206 33205 33204 33203 33202 33201 33200 33199 33198 33197 33196 33195 33194 33193 33192 33191 33190 33189 33188 33187 33186 33185 33184 33183 33182 33181 33180 33179 33178 33177 33176 33175 33174 33173 33172 33171 33170 33169 33168 33167 33166 33165 33164 33163 33162 33161 33160 33159 33158 33157 33156 33155 33154 33153 33152 33151 33150 33149 33148 33147 33146 33145 33144 33143 33142 33141 33140 33139 33138 33137 33136 33135 33134 33133 33132 33131 33130 33129 33128 33127 33126 33125 33124 33123 33122 33121 33120 33119 33118 33117 33116 33115 33114 33113 33112 33111 33110 33109 33108 33107 33106 33105 33104 33103 33102 33101 33100 33099 33098 33097 33096 33095 33094 33093 33092 33091 33090 33089 33088 33087 33086 33085 33084 33083 33082 33081 33080 33079 33078 33077 33076 33075 33074 33073 33072 33071 33070 33069 33068 33067 33066 33065 33064 33063 33062 33061 33060 33059 33058 33057 33056 33055 33054 33053 33052 33051 33050 33049 33048 33047 33046 33045 33044 33043 33042 33041 33040 33039 33038 33037 33036 33035 33034 33033 33032 33031 33030 33029 33028 33027 33026 33025 33024 33023 33022 33021 33020 33019 33018 33017 33016 33015 33014 33013 33012 33011 33010 33009 33008 33007 33006 33005 33004 33003 33002 33001 33000 32999 32998 32997 32996 32995 32994 32993 32992 32991 32990 32989 32988 32987 32986 32985 32984 32983 32982 32981 32980 32979 32978 32977 32976 32975 32974 32973 32972 32971 32970 32969 32968 32967 32966 32965 32964 32963 32962 32961 32960 32959 32958 32957 32956 32955 32954 32953 32952 32951 32950 32949 32948 32947 32946 32945 32944 32943 32942 32941 32940 32939 32938 32937 32936 32935 32934 32933 32932 32931 32930 32929 32928 32927 32926 32925 32924 32923 32922 32921 32920 32919 32918 32917 32916 32915 32914 32913 32912 32911 32910 32909 32908 32907 32906 32905 32904 32903 32902 32901 32900 32899 32898 32897 32896 32895 32894 32893 32892 32891 32890 32889 32888 32887 32886 32885 32884 32883 32882 32881 32880 32879 32878 32877 32876 32875 32874 32873 32872 32871 32870 32869 32868 32867 32866 32865 32864 32863 32862 32861 32860 32859 32858 32857 32856 32855 32854 32853 32852 32851 32850 32849 32848 32847 32846 32845 32844 32843 32842 32841 32840 32839 32838 32837 32836 32835 32834 32833 32832 32831 32830 32829 32828 32827 32826 32825 32824 32823 32822 32821 32820 32819 32818 32817 32816 32815 32814 32813 32812 32811 32810 32809 32808 32807 32806 32805 32804 32803 32802 32801 32800 32799 32798 32797 32796 32795 32794 32793 32792 32791 32790 32789 32788 32787 32786 32785 32784 32783 32782 32781 32780 32779 32778 32777 32776 32775 32774 32773 32772 32771 32770 32769 32768 32767 32766 32765 32764 32763 32762 32761 32760 32759 32758 32757 32756 32755 32754 32753 32752 32751 32750 32749 32748 32747 32746 32745 32744 32743 32742 32741 32740 32739 32738 32737 32736 32735 32734 32733 32732 32731 32730 32729 32728 32727 32726 32725 32724 32723 32722 32721 32720 32719 32718 32717 32716 32715 32714 32713 32712 32711 32710 32709 32708 32707 32706 32705 32704 32703 32702 32701 32700 32699 32698 32697 32696 32695 32694 32693 32692 32691 32690 32689 32688 32687 32686 32685 32684 32683 32682 32681 32680 32679 32678 32677 32676 32675 32674 32673 32672 32671 32670 32669 32668 32667 32666 32665 32664 32663 32662 32661 32660 32659 32658 32657 32656 32655 32654 32653 32652 32651 32650 32649 32648 32647 32646 32645 32644 32643 32642 32641 32640 32639 32638 32637 32636 32635 32634 32633 32632 32631 32630 32629 32628 32627 32626 32625 32624 32623 32622 32621 32620 32619 32618 32617 32616 32615 32614 32613 32612 32611 32610 32609 32608 32607 32606 32605 32604 32603 32602 32601 32600 32599 32598 32597 32596 32595 32594 32593 32592 32591 32590 32589 32588 32587 32586 32585 32584 32583 32582 32581 32580 32579 32578 32577 32576 32575 32574 32573 32572 32571 32570 32569 32568 32567 32566 32565 32564 32563 32562 32561 32560 32559 32558 32557 32556 32555 32554 32553 32552 32551 32550 32549 32548 32547 32546 32545 32544 32543 32542 32541 32540 32539 32538 32537 32536 32535 32534 32533 32532 32531 32530 32529 32528 32527 32526 32525 32524 32523 32522 32521 32520 32519 32518 32517 32516 32515 32514 32513 32512 32511 32510 32509 32508 32507 32506 32505 32504 32503 32502 32501 32500 32499 32498 32497 32496 32495 32494 32493 32492 32491 32490 32489 32488 32487 32486 32485 32484 32483 32482 32481 32480 32479 32478 32477 32476 32475 32474 32473 32472 32471 32470 32469 32468 32467 32466 32465 32464 32463 32462 32461 32460 32459 32458 32457 32456 32455 32454 32453 32452 32451 32450 32449 32448 32447 32446 32445 32444 32443 32442 32441 32440 32439 32438 32437 32436 32435 32434 32433 32432 32431 32430 32429 32428 32427 32426 32425 32424 32423 32422 32421 32420 32419 32418 32417 32416 32415 32414 32413 32412 32411 32410 32409 32408 32407 32406 32405 32404 32403 32402 32401 32400 32399 32398 32397 32396 32395 32394 32393 32392 32391 32390 32389 32388 32387 32386 32385 32384 32383 32382 32381 32380 32379 32378 32377 32376 32375 32374 32373 32372 32371 32370 32369 32368 32367 32366 32365 32364 32363 32362 32361 32360 32359 32358 32357 32356 32355 32354 32353 32352 32351 32350 32349 32348 32347 32346 32345 32344 32343 32342 32341 32340 32339 32338 32337 32336 32335 32334 32333 32332 32331 32330 32329 32328 32327 32326 32325 32324 32323 32322 32321 32320 32319 32318 32317 32316 32315 32314 32313 32312 32311 32310 32309 32308 32307 32306 32305 32304 32303 32302 32301 32300 32299 32298 32297 32296 32295 32294 32293 32292 32291 32290 32289 32288 32287 32286 32285 32284 32283 32282 32281 32280 32279 32278 32277 32276 32275 32274 32273 32272 32271 32270 32269 32268 32267 32266 32265 32264 32263 32262 32261 32260 32259 32258 32257 32256 32255 32254 32253 32252 32251 32250 32249 32248 32247 32246 32245 32244 32243 32242 32241 32240 32239 32238 32237 32236 32235 32234 32233 32232 32231 32230 32229 32228 32227 32226 32225 32224 32223 32222 32221 32220 32219 32218 32217 32216 32215 32214 32213 32212 32211 32210 32209 32208 32207 32206 32205 32204 32203 32202 32201 32200 32199 32198 32197 32196 32195 32194 32193 32192 32191 32190 32189 32188 32187 32186 32185 32184 32183 32182 32181 32180 32179 32178 32177 32176 32175 32174 32173 32172 32171 32170 32169 32168 32167 32166 32165 32164 32163 32162 32161 32160 32159 32158 32157 32156 32155 32154 32153 32152 32151 32150 32149 32148 32147 32146 32145 32144 32143 32142 32141 32140 32139 32138 32137 32136 32135 32134 32133 32132 32131 32130 32129 32128 32127 32126 32125 32124 32123 32122 32121 32120 32119 32118 32117 32116 32115 32114 32113 32112 32111 32110 32109 32108 32107 32106 32105 32104 32103 32102 32101 32100 32099 32098 32097 32096 32095 32094 32093 32092 32091 32090 32089 32088 32087 32086 32085 32084 32083 32082 32081 32080 32079 32078 32077 32076 32075 32074 32073 32072 32071 32070 32069 32068 32067 32066 32065 32064 32063 32062 32061 32060 32059 32058 32057 32056 32055 32054 32053 32052 32051 32050 32049 32048 32047 32046 32045 32044 32043 32042 32041 32040 32039 32038 32037 32036 32035 32034 32033 32032 32031 32030 32029 32028 32027 32026 32025 32024 32023 32022 32021 32020 32019 32018 32017 32016 32015 32014 32013 32012 32011 32010 32009 32008 32007 32006 32005 32004 32003 32002 32001 32000 31999 31998 31997 31996 31995 31994 31993 31992 31991 31990 31989 31988 31987 31986 31985 31984 31983 31982 31981 31980 31979 31978 31977 31976 31975 31974 31973 31972 31971 31970 31969 31968 31967 31966 31965 31964 31963 31962 31961 31960 31959 31958 31957 31956 31955 31954 31953 31952 31951 31950 31949 31948 31947 31946 31945 31944 31943 31942 31941 31940 31939 31938 31937 31936 31935 31934 31933 31932 31931 31930 31929 31928 31927 31926 31925 31924 31923 31922 31921 31920 31919 31918 31917 31916 31915 31914 31913 31912 31911 31910 31909 31908 31907 31906 31905 31904 31903 31902 31901 31900 31899 31898 31897 31896 31895 31894 31893 31892 31891 31890 31889 31888 31887 31886 31885 31884 31883 31882 31881 31880 31879 31878 31877 31876 31875 31874 31873 31872 31871 31870 31869 31868 31867 31866 31865 31864 31863 31862 31861 31860 31859 31858 31857 31856 31855 31854 31853 31852 31851 31850 31849 31848 31847 31846 31845 31844 31843 31842 31841 31840 31839 31838 31837 31836 31835 31834 31833 31832 31831 31830 31829 31828 31827 31826 31825 31824 31823 31822 31821 31820 31819 31818 31817 31816 31815 31814 31813 31812 31811 31810 31809 31808 31807 31806 31805 31804 31803 31802 31801 31800 31799 31798 31797 31796 31795 31794 31793 31792 31791 31790 31789 31788 31787 31786 31785 31784 31783 31782 31781 31780 31779 31778 31777 31776 31775 31774 31773 31772 31771 31770 31769 31768 31767 31766 31765 31764 31763 31762 31761 31760 31759 31758 31757 31756 31755 31754 31753 31752 31751 31750 31749 31748 31747 31746 31745 31744 31743 31742 31741 31740 31739 31738 31737 31736 31735 31734 31733 31732 31731 31730 31729 31728 31727 31726 31725 31724 31723 31722 31721 31720 31719 31718 31717 31716 31715 31714 31713 31712 31711 31710 31709 31708 31707 31706 31705 31704 31703 31702 31701 31700 31699 31698 31697 31696 31695 31694 31693 31692 31691 31690 31689 31688 31687 31686 31685 31684 31683 31682 31681 31680 31679 31678 31677 31676 31675 31674 31673 31672 31671 31670 31669 31668 31667 31666 31665 31664 31663 31662 31661 31660 31659 31658 31657 31656 31655 31654 31653 31652 31651 31650 31649 31648 31647 31646 31645 31644 31643 31642 31641 31640 31639 31638 31637 31636 31635 31634 31633 31632 31631 31630 31629 31628 31627 31626 31625 31624 31623 31622 31621 31620 31619 31618 31617 31616 31615 31614 31613 31612 31611 31610 31609 31608 31607 31606 31605 31604 31603 31602 31601 31600 31599 31598 31597 31596 31595 31594 31593 31592 31591 31590 31589 31588 31587 31586 31585 31584 31583 31582 31581 31580 31579 31578 31577 31576 31575 31574 31573 31572 31571 31570 31569 31568 31567 31566 31565 31564 31563 31562 31561 31560 31559 31558 31557 31556 31555 31554 31553 31552 31551 31550 31549 31548 31547 31546 31545 31544 31543 31542 31541 31540 31539 31538 31537 31536 31535 31534 31533 31532 31531 31530 31529 31528 31527 31526 31525 31524 31523 31522 31521 31520 31519 31518 31517 31516 31515 31514 31513 31512 31511 31510 31509 31508 31507 31506 31505 31504 31503 31502 31501 31500 31499 31498 31497 31496 31495 31494 31493 31492 31491 31490 31489 31488 31487 31486 31485 31484 31483 31482 31481 31480 31479 31478 31477 31476 31475 31474 31473 31472 31471 31470 31469 31468 31467 31466 31465 31464 31463 31462 31461 31460 31459 31458 31457 31456 31455 31454 31453 31452 31451 31450 31449 31448 31447 31446 31445 31444 31443 31442 31441 31440 31439 31438 31437 31436 31435 31434 31433 31432 31431 31430 31429 31428 31427 31426 31425 31424 31423 31422 31421 31420 31419 31418 31417 31416 31415 31414 31413 31412 31411 31410 31409 31408 31407 31406 31405 31404 31403 31402 31401 31400 31399 31398 31397 31396 31395 31394 31393 31392 31391 31390 31389 31388 31387 31386 31385 31384 31383 31382 31381 31380 31379 31378 31377 31376 31375 31374 31373 31372 31371 31370 31369 31368 31367 31366 31365 31364 31363 31362 31361 31360 31359 31358 31357 31356 31355 31354 31353 31352 31351 31350 31349 31348 31347 31346 31345 31344 31343 31342 31341 31340 31339 31338 31337 31336 31335 31334 31333 31332 31331 31330 31329 31328 31327 31326 31325 31324 31323 31322 31321 31320 31319 31318 31317 31316 31315 31314 31313 31312 31311 31310 31309 31308 31307 31306 31305 31304 31303 31302 31301 31300 31299 31298 31297 31296 31295 31294 31293 31292 31291 31290 31289 31288 31287 31286 31285 31284 31283 31282 31281 31280 31279 31278 31277 31276 31275 31274 31273 31272 31271 31270 31269 31268 31267 31266 31265 31264 31263 31262 31261 31260 31259 31258 31257 31256 31255 31254 31253 31252 31251 31250 31249 31248 31247 31246 31245 31244 31243 31242 31241 31240 31239 31238 31237 31236 31235 31234 31233 31232 31231 31230 31229 31228 31227 31226 31225 31224 31223 31222 31221 31220 31219 31218 31217 31216 31215 31214 31213 31212 31211 31210 31209 31208 31207 31206 31205 31204 31203 31202 31201 31200 31199 31198 31197 31196 31195 31194 31193 31192 31191 31190 31189 31188 31187 31186 31185 31184 31183 31182 31181 31180 31179 31178 31177 31176 31175 31174 31173 31172 31171 31170 31169 31168 31167 31166 31165 31164 31163 31162 31161 31160 31159 31158 31157 31156 31155 31154 31153 31152 31151 31150 31149 31148 31147 31146 31145 31144 31143 31142 31141 31140 31139 31138 31137 31136 31135 31134 31133 31132 31131 31130 31129 31128 31127 31126 31125 31124 31123 31122 31121 31120 31119 31118 31117 31116 31115 31114 31113 31112 31111 31110 31109 31108 31107 31106 31105 31104 31103 31102 31101 31100 31099 31098 31097 31096 31095 31094 31093 31092 31091 31090 31089 31088 31087 31086 31085 31084 31083 31082 31081 31080 31079 31078 31077 31076 31075 31074 31073 31072 31071 31070 31069 31068 31067 31066 31065 31064 31063 31062 31061 31060 31059 31058 31057 31056 31055 31054 31053 31052 31051 31050 31049 31048 31047 31046 31045 31044 31043 31042 31041 31040 31039 31038 31037 31036 31035 31034 31033 31032 31031 31030 31029 31028 31027 31026 31025 31024 31023 31022 31021 31020 31019 31018 31017 31016 31015 31014 31013 31012 31011 31010 31009 31008 31007 31006 31005 31004 31003 31002 31001 31000 30999 30998 30997 30996 30995 30994 30993 30992 30991 30990 30989 30988 30987 30986 30985 30984 30983 30982 30981 30980 30979 30978 30977 30976 30975 30974 30973 30972 30971 30970 30969 30968 30967 30966 30965 30964 30963 30962 30961 30960 30959 30958 30957 30956 30955 30954 30953 30952 30951 30950 30949 30948 30947 30946 30945 30944 30943 30942 30941 30940 30939 30938 30937 30936 30935 30934 30933 30932 30931 30930 30929 30928 30927 30926 30925 30924 30923 30922 30921 30920 30919 30918 30917 30916 30915 30914 30913 30912 30911 30910 30909 30908 30907 30906 30905 30904 30903 30902 30901 30900 30899 30898 30897 30896 30895 30894 30893 30892 30891 30890 30889 30888 30887 30886 30885 30884 30883 30882 30881 30880 30879 30878 30877 30876 30875 30874 30873 30872 30871 30870 30869 30868 30867 30866 30865 30864 30863 30862 30861 30860 30859 30858 30857 30856 30855 30854 30853 30852 30851 30850 30849 30848 30847 30846 30845 30844 30843 30842 30841 30840 30839 30838 30837 30836 30835 30834 30833 30832 30831 30830 30829 30828 30827 30826 30825 30824 30823 30822 30821 30820 30819 30818 30817 30816 30815 30814 30813 30812 30811 30810 30809 30808 30807 30806 30805 30804 30803 30802 30801 30800 30799 30798 30797 30796 30795 30794 30793 30792 30791 30790 30789 30788 30787 30786 30785 30784 30783 30782 30781 30780 30779 30778 30777 30776 30775 30774 30773 30772 30771 30770 30769 30768 30767 30766 30765 30764 30763 30762 30761 30760 30759 30758 30757 30756 30755 30754 30753 30752 30751 30750 30749 30748 30747 30746 30745 30744 30743 30742 30741 30740 30739 30738 30737 30736 30735 30734 30733 30732 30731 30730 30729 30728 30727 30726 30725 30724 30723 30722 30721 30720 30719 30718 30717 30716 30715 30714 30713 30712 30711 30710 30709 30708 30707 30706 30705 30704 30703 30702 30701 30700 30699 30698 30697 30696 30695 30694 30693 30692 30691 30690 30689 30688 30687 30686 30685 30684 30683 30682 30681 30680 30679 30678 30677 30676 30675 30674 30673 30672 30671 30670 30669 30668 30667 30666 30665 30664 30663 30662 30661 30660 30659 30658 30657 30656 30655 30654 30653 30652 30651 30650 30649 30648 30647 30646 30645 30644 30643 30642 30641 30640 30639 30638 30637 30636 30635 30634 30633 30632 30631 30630 30629 30628 30627 30626 30625 30624 30623 30622 30621 30620 30619 30618 30617 30616 30615 30614 30613 30612 30611 30610 30609 30608 30607 30606 30605 30604 30603 30602 30601 30600 30599 30598 30597 30596 30595 30594 30593 30592 30591 30590 30589 30588 30587 30586 30585 30584 30583 30582 30581 30580 30579 30578 30577 30576 30575 30574 30573 30572 30571 30570 30569 30568 30567 30566 30565 30564 30563 30562 30561 30560 30559 30558 30557 30556 30555 30554 30553 30552 30551 30550 30549 30548 30547 30546 30545 30544 30543 30542 30541 30540 30539 30538 30537 30536 30535 30534 30533 30532 30531 30530 30529 30528 30527 30526 30525 30524 30523 30522 30521 30520 30519 30518 30517 30516 30515 30514 30513 30512 30511 30510 30509 30508 30507 30506 30505 30504 30503 30502 30501 30500 30499 30498 30497 30496 30495 30494 30493 30492 30491 30490 30489 30488 30487 30486 30485 30484 30483 30482 30481 30480 30479 30478 30477 30476 30475 30474 30473 30472 30471 30470 30469 30468 30467 30466 30465 30464 30463 30462 30461 30460 30459 30458 30457 30456 30455 30454 30453 30452 30451 30450 30449 30448 30447 30446 30445 30444 30443 30442 30441 30440 30439 30438 30437 30436 30435 30434 30433 30432 30431 30430 30429 30428 30427 30426 30425 30424 30423 30422 30421 30420 30419 30418 30417 30416 30415 30414 30413 30412 30411 30410 30409 30408 30407 30406 30405 30404 30403 30402 30401 30400 30399 30398 30397 30396 30395 30394 30393 30392 30391 30390 30389 30388 30387 30386 30385 30384 30383 30382 30381 30380 30379 30378 30377 30376 30375 30374 30373 30372 30371 30370 30369 30368 30367 30366 30365 30364 30363 30362 30361 30360 30359 30358 30357 30356 30355 30354 30353 30352 30351 30350 30349 30348 30347 30346 30345 30344 30343 30342 30341 30340 30339 30338 30337 30336 30335 30334 30333 30332 30331 30330 30329 30328 30327 30326 30325 30324 30323 30322 30321 30320 30319 30318 30317 30316 30315 30314 30313 30312 30311 30310 30309 30308 30307 30306 30305 30304 30303 30302 30301 30300 30299 30298 30297 30296 30295 30294 30293 30292 30291 30290 30289 30288 30287 30286 30285 30284 30283 30282 30281 30280 30279 30278 30277 30276 30275 30274 30273 30272 30271 30270 30269 30268 30267 30266 30265 30264 30263 30262 30261 30260 30259 30258 30257 30256 30255 30254 30253 30252 30251 30250 30249 30248 30247 30246 30245 30244 30243 30242 30241 30240 30239 30238 30237 30236 30235 30234 30233 30232 30231 30230 30229 30228 30227 30226 30225 30224 30223 30222 30221 30220 30219 30218 30217 30216 30215 30214 30213 30212 30211 30210 30209 30208 30207 30206 30205 30204 30203 30202 30201 30200 30199 30198 30197 30196 30195 30194 30193 30192 30191 30190 30189 30188 30187 30186 30185 30184 30183 30182 30181 30180 30179 30178 30177 30176 30175 30174 30173 30172 30171 30170 30169 30168 30167 30166 30165 30164 30163 30162 30161 30160 30159 30158 30157 30156 30155 30154 30153 30152 30151 30150 30149 30148 30147 30146 30145 30144 30143 30142 30141 30140 30139 30138 30137 30136 30135 30134 30133 30132 30131 30130 30129 30128 30127 30126 30125 30124 30123 30122 30121 30120 30119 30118 30117 30116 30115 30114 30113 30112 30111 30110 30109 30108 30107 30106 30105 30104 30103 30102 30101 30100 30099 30098 30097 30096 30095 30094 30093 30092 30091 30090 30089 30088 30087 30086 30085 30084 30083 30082 30081 30080 30079 30078 30077 30076 30075 30074 30073 30072 30071 30070 30069 30068 30067 30066 30065 30064 30063 30062 30061 30060 30059 30058 30057 30056 30055 30054 30053 30052 30051 30050 30049 30048 30047 30046 30045 30044 30043 30042 30041 30040 30039 30038 30037 30036 30035 30034 30033 30032 30031 30030 30029 30028 30027 30026 30025 30024 30023 30022 30021 30020 30019 30018 30017 30016 30015 30014 30013 30012 30011 30010 30009 30008 30007 30006 30005 30004 30003 30002 30001 30000 29999 29998 29997 29996 29995 29994 29993 29992 29991 29990 29989 29988 29987 29986 29985 29984 29983 29982 29981 29980 29979 29978 29977 29976 29975 29974 29973 29972 29971 29970 29969 29968 29967 29966 29965 29964 29963 29962 29961 29960 29959 29958 29957 29956 29955 29954 29953 29952 29951 29950 29949 29948 29947 29946 29945 29944 29943 29942 29941 29940 29939 29938 29937 29936 29935 29934 29933 29932 29931 29930 29929 29928 29927 29926 29925 29924 29923 29922 29921 29920 29919 29918 29917 29916 29915 29914 29913 29912 29911 29910 29909 29908 29907 29906 29905 29904 29903 29902 29901 29900 29899 29898 29897 29896 29895 29894 29893 29892 29891 29890 29889 29888 29887 29886 29885 29884 29883 29882 29881 29880 29879 29878 29877 29876 29875 29874 29873 29872 29871 29870 29869 29868 29867 29866 29865 29864 29863 29862 29861 29860 29859 29858 29857 29856 29855 29854 29853 29852 29851 29850 29849 29848 29847 29846 29845 29844 29843 29842 29841 29840 29839 29838 29837 29836 29835 29834 29833 29832 29831 29830 29829 29828 29827 29826 29825 29824 29823 29822 29821 29820 29819 29818 29817 29816 29815 29814 29813 29812 29811 29810 29809 29808 29807 29806 29805 29804 29803 29802 29801 29800 29799 29798 29797 29796 29795 29794 29793 29792 29791 29790 29789 29788 29787 29786 29785 29784 29783 29782 29781 29780 29779 29778 29777 29776 29775 29774 29773 29772 29771 29770 29769 29768 29767 29766 29765 29764 29763 29762 29761 29760 29759 29758 29757 29756 29755 29754 29753 29752 29751 29750 29749 29748 29747 29746 29745 29744 29743 29742 29741 29740 29739 29738 29737 29736 29735 29734 29733 29732 29731 29730 29729 29728 29727 29726 29725 29724 29723 29722 29721 29720 29719 29718 29717 29716 29715 29714 29713 29712 29711 29710 29709 29708 29707 29706 29705 29704 29703 29702 29701 29700 29699 29698 29697 29696 29695 29694 29693 29692 29691 29690 29689 29688 29687 29686 29685 29684 29683 29682 29681 29680 29679 29678 29677 29676 29675 29674 29673 29672 29671 29670 29669 29668 29667 29666 29665 29664 29663 29662 29661 29660 29659 29658 29657 29656 29655 29654 29653 29652 29651 29650 29649 29648 29647 29646 29645 29644 29643 29642 29641 29640 29639 29638 29637 29636 29635 29634 29633 29632 29631 29630 29629 29628 29627 29626 29625 29624 29623 29622 29621 29620 29619 29618 29617 29616 29615 29614 29613 29612 29611 29610 29609 29608 29607 29606 29605 29604 29603 29602 29601 29600 29599 29598 29597 29596 29595 29594 29593 29592 29591 29590 29589 29588 29587 29586 29585 29584 29583 29582 29581 29580 29579 29578 29577 29576 29575 29574 29573 29572 29571 29570 29569 29568 29567 29566 29565 29564 29563 29562 29561 29560 29559 29558 29557 29556 29555 29554 29553 29552 29551 29550 29549 29548 29547 29546 29545 29544 29543 29542 29541 29540 29539 29538 29537 29536 29535 29534 29533 29532 29531 29530 29529 29528 29527 29526 29525 29524 29523 29522 29521 29520 29519 29518 29517 29516 29515 29514 29513 29512 29511 29510 29509 29508 29507 29506 29505 29504 29503 29502 29501 29500 29499 29498 29497 29496 29495 29494 29493 29492 29491 29490 29489 29488 29487 29486 29485 29484 29483 29482 29481 29480 29479 29478 29477 29476 29475 29474 29473 29472 29471 29470 29469 29468 29467 29466 29465 29464 29463 29462 29461 29460 29459 29458 29457 29456 29455 29454 29453 29452 29451 29450 29449 29448 29447 29446 29445 29444 29443 29442 29441 29440 29439 29438 29437 29436 29435 29434 29433 29432 29431 29430 29429 29428 29427 29426 29425 29424 29423 29422 29421 29420 29419 29418 29417 29416 29415 29414 29413 29412 29411 29410 29409 29408 29407 29406 29405 29404 29403 29402 29401 29400 29399 29398 29397 29396 29395 29394 29393 29392 29391 29390 29389 29388 29387 29386 29385 29384 29383 29382 29381 29380 29379 29378 29377 29376 29375 29374 29373 29372 29371 29370 29369 29368 29367 29366 29365 29364 29363 29362 29361 29360 29359 29358 29357 29356 29355 29354 29353 29352 29351 29350 29349 29348 29347 29346 29345 29344 29343 29342 29341 29340 29339 29338 29337 29336 29335 29334 29333 29332 29331 29330 29329 29328 29327 29326 29325 29324 29323 29322 29321 29320 29319 29318 29317 29316 29315 29314 29313 29312 29311 29310 29309 29308 29307 29306 29305 29304 29303 29302 29301 29300 29299 29298 29297 29296 29295 29294 29293 29292 29291 29290 29289 29288 29287 29286 29285 29284 29283 29282 29281 29280 29279 29278 29277 29276 29275 29274 29273 29272 29271 29270 29269 29268 29267 29266 29265 29264 29263 29262 29261 29260 29259 29258 29257 29256 29255 29254 29253 29252 29251 29250 29249 29248 29247 29246 29245 29244 29243 29242 29241 29240 29239 29238 29237 29236 29235 29234 29233 29232 29231 29230 29229 29228 29227 29226 29225 29224 29223 29222 29221 29220 29219 29218 29217 29216 29215 29214 29213 29212 29211 29210 29209 29208 29207 29206 29205 29204 29203 29202 29201 29200 29199 29198 29197 29196 29195 29194 29193 29192 29191 29190 29189 29188 29187 29186 29185 29184 29183 29182 29181 29180 29179 29178 29177 29176 29175 29174 29173 29172 29171 29170 29169 29168 29167 29166 29165 29164 29163 29162 29161 29160 29159 29158 29157 29156 29155 29154 29153 29152 29151 29150 29149 29148 29147 29146 29145 29144 29143 29142 29141 29140 29139 29138 29137 29136 29135 29134 29133 29132 29131 29130 29129 29128 29127 29126 29125 29124 29123 29122 29121 29120 29119 29118 29117 29116 29115 29114 29113 29112 29111 29110 29109 29108 29107 29106 29105 29104 29103 29102 29101 29100 29099 29098 29097 29096 29095 29094 29093 29092 29091 29090 29089 29088 29087 29086 29085 29084 29083 29082 29081 29080 29079 29078 29077 29076 29075 29074 29073 29072 29071 29070 29069 29068 29067 29066 29065 29064 29063 29062 29061 29060 29059 29058 29057 29056 29055 29054 29053 29052 29051 29050 29049 29048 29047 29046 29045 29044 29043 29042 29041 29040 29039 29038 29037 29036 29035 29034 29033 29032 29031 29030 29029 29028 29027 29026 29025 29024 29023 29022 29021 29020 29019 29018 29017 29016 29015 29014 29013 29012 29011 29010 29009 29008 29007 29006 29005 29004 29003 29002 29001 29000 28999 28998 28997 28996 28995 28994 28993 28992 28991 28990 28989 28988 28987 28986 28985 28984 28983 28982 28981 28980 28979 28978 28977 28976 28975 28974 28973 28972 28971 28970 28969 28968 28967 28966 28965 28964 28963 28962 28961 28960 28959 28958 28957 28956 28955 28954 28953 28952 28951 28950 28949 28948 28947 28946 28945 28944 28943 28942 28941 28940 28939 28938 28937 28936 28935 28934 28933 28932 28931 28930 28929 28928 28927 28926 28925 28924 28923 28922 28921 28920 28919 28918 28917 28916 28915 28914 28913 28912 28911 28910 28909 28908 28907 28906 28905 28904 28903 28902 28901 28900 28899 28898 28897 28896 28895 28894 28893 28892 28891 28890 28889 28888 28887 28886 28885 28884 28883 28882 28881 28880 28879 28878 28877 28876 28875 28874 28873 28872 28871 28870 28869 28868 28867 28866 28865 28864 28863 28862 28861 28860 28859 28858 28857 28856 28855 28854 28853 28852 28851 28850 28849 28848 28847 28846 28845 28844 28843 28842 28841 28840 28839 28838 28837 28836 28835 28834 28833 28832 28831 28830 28829 28828 28827 28826 28825 28824 28823 28822 28821 28820 28819 28818 28817 28816 28815 28814 28813 28812 28811 28810 28809 28808 28807 28806 28805 28804 28803 28802 28801 28800 28799 28798 28797 28796 28795 28794 28793 28792 28791 28790 28789 28788 28787 28786 28785 28784 28783 28782 28781 28780 28779 28778 28777 28776 28775 28774 28773 28772 28771 28770 28769 28768 28767 28766 28765 28764 28763 28762 28761 28760 28759 28758 28757 28756 28755 28754 28753 28752 28751 28750 28749 28748 28747 28746 28745 28744 28743 28742 28741 28740 28739 28738 28737 28736 28735 28734 28733 28732 28731 28730 28729 28728 28727 28726 28725 28724 28723 28722 28721 28720 28719 28718 28717 28716 28715 28714 28713 28712 28711 28710 28709 28708 28707 28706 28705 28704 28703 28702 28701 28700 28699 28698 28697 28696 28695 28694 28693 28692 28691 28690 28689 28688 28687 28686 28685 28684 28683 28682 28681 28680 28679 28678 28677 28676 28675 28674 28673 28672 28671 28670 28669 28668 28667 28666 28665 28664 28663 28662 28661 28660 28659 28658 28657 28656 28655 28654 28653 28652 28651 28650 28649 28648 28647 28646 28645 28644 28643 28642 28641 28640 28639 28638 28637 28636 28635 28634 28633 28632 28631 28630 28629 28628 28627 28626 28625 28624 28623 28622 28621 28620 28619 28618 28617 28616 28615 28614 28613 28612 28611 28610 28609 28608 28607 28606 28605 28604 28603 28602 28601 28600 28599 28598 28597 28596 28595 28594 28593 28592 28591 28590 28589 28588 28587 28586 28585 28584 28583 28582 28581 28580 28579 28578 28577 28576 28575 28574 28573 28572 28571 28570 28569 28568 28567 28566 28565 28564 28563 28562 28561 28560 28559 28558 28557 28556 28555 28554 28553 28552 28551 28550 28549 28548 28547 28546 28545 28544 28543 28542 28541 28540 28539 28538 28537 28536 28535 28534 28533 28532 28531 28530 28529 28528 28527 28526 28525 28524 28523 28522 28521 28520 28519 28518 28517 28516 28515 28514 28513 28512 28511 28510 28509 28508 28507 28506 28505 28504 28503 28502 28501 28500 28499 28498 28497 28496 28495 28494 28493 28492 28491 28490 28489 28488 28487 28486 28485 28484 28483 28482 28481 28480 28479 28478 28477 28476 28475 28474 28473 28472 28471 28470 28469 28468 28467 28466 28465 28464 28463 28462 28461 28460 28459 28458 28457 28456 28455 28454 28453 28452 28451 28450 28449 28448 28447 28446 28445 28444 28443 28442 28441 28440 28439 28438 28437 28436 28435 28434 28433 28432 28431 28430 28429 28428 28427 28426 28425 28424 28423 28422 28421 28420 28419 28418 28417 28416 28415 28414 28413 28412 28411 28410 28409 28408 28407 28406 28405 28404 28403 28402 28401 28400 28399 28398 28397 28396 28395 28394 28393 28392 28391 28390 28389 28388 28387 28386 28385 28384 28383 28382 28381 28380 28379 28378 28377 28376 28375 28374 28373 28372 28371 28370 28369 28368 28367 28366 28365 28364 28363 28362 28361 28360 28359 28358 28357 28356 28355 28354 28353 28352 28351 28350 28349 28348 28347 28346 28345 28344 28343 28342 28341 28340 28339 28338 28337 28336 28335 28334 28333 28332 28331 28330 28329 28328 28327 28326 28325 28324 28323 28322 28321 28320 28319 28318 28317 28316 28315 28314 28313 28312 28311 28310 28309 28308 28307 28306 28305 28304 28303 28302 28301 28300 28299 28298 28297 28296 28295 28294 28293 28292 28291 28290 28289 28288 28287 28286 28285 28284 28283 28282 28281 28280 28279 28278 28277 28276 28275 28274 28273 28272 28271 28270 28269 28268 28267 28266 28265 28264 28263 28262 28261 28260 28259 28258 28257 28256 28255 28254 28253 28252 28251 28250 28249 28248 28247 28246 28245 28244 28243 28242 28241 28240 28239 28238 28237 28236 28235 28234 28233 28232 28231 28230 28229 28228 28227 28226 28225 28224 28223 28222 28221 28220 28219 28218 28217 28216 28215 28214 28213 28212 28211 28210 28209 28208 28207 28206 28205 28204 28203 28202 28201 28200 28199 28198 28197 28196 28195 28194 28193 28192 28191 28190 28189 28188 28187 28186 28185 28184 28183 28182 28181 28180 28179 28178 28177 28176 28175 28174 28173 28172 28171 28170 28169 28168 28167 28166 28165 28164 28163 28162 28161 28160 28159 28158 28157 28156 28155 28154 28153 28152 28151 28150 28149 28148 28147 28146 28145 28144 28143 28142 28141 28140 28139 28138 28137 28136 28135 28134 28133 28132 28131 28130 28129 28128 28127 28126 28125 28124 28123 28122 28121 28120 28119 28118 28117 28116 28115 28114 28113 28112 28111 28110 28109 28108 28107 28106 28105 28104 28103 28102 28101 28100 28099 28098 28097 28096 28095 28094 28093 28092 28091 28090 28089 28088 28087 28086 28085 28084 28083 28082 28081 28080 28079 28078 28077 28076 28075 28074 28073 28072 28071 28070 28069 28068 28067 28066 28065 28064 28063 28062 28061 28060 28059 28058 28057 28056 28055 28054 28053 28052 28051 28050 28049 28048 28047 28046 28045 28044 28043 28042 28041 28040 28039 28038 28037 28036 28035 28034 28033 28032 28031 28030 28029 28028 28027 28026 28025 28024 28023 28022 28021 28020 28019 28018 28017 28016 28015 28014 28013 28012 28011 28010 28009 28008 28007 28006 28005 28004 28003 28002 28001 28000 27999 27998 27997 27996 27995 27994 27993 27992 27991 27990 27989 27988 27987 27986 27985 27984 27983 27982 27981 27980 27979 27978 27977 27976 27975 27974 27973 27972 27971 27970 27969 27968 27967 27966 27965 27964 27963 27962 27961 27960 27959 27958 27957 27956 27955 27954 27953 27952 27951 27950 27949 27948 27947 27946 27945 27944 27943 27942 27941 27940 27939 27938 27937 27936 27935 27934 27933 27932 27931 27930 27929 27928 27927 27926 27925 27924 27923 27922 27921 27920 27919 27918 27917 27916 27915 27914 27913 27912 27911 27910 27909 27908 27907 27906 27905 27904 27903 27902 27901 27900 27899 27898 27897 27896 27895 27894 27893 27892 27891 27890 27889 27888 27887 27886 27885 27884 27883 27882 27881 27880 27879 27878 27877 27876 27875 27874 27873 27872 27871 27870 27869 27868 27867 27866 27865 27864 27863 27862 27861 27860 27859 27858 27857 27856 27855 27854 27853 27852 27851 27850 27849 27848 27847 27846 27845 27844 27843 27842 27841 27840 27839 27838 27837 27836 27835 27834 27833 27832 27831 27830 27829 27828 27827 27826 27825 27824 27823 27822 27821 27820 27819 27818 27817 27816 27815 27814 27813 27812 27811 27810 27809 27808 27807 27806 27805 27804 27803 27802 27801 27800 27799 27798 27797 27796 27795 27794 27793 27792 27791 27790 27789 27788 27787 27786 27785 27784 27783 27782 27781 27780 27779 27778 27777 27776 27775 27774 27773 27772 27771 27770 27769 27768 27767 27766 27765 27764 27763 27762 27761 27760 27759 27758 27757 27756 27755 27754 27753 27752 27751 27750 27749 27748 27747 27746 27745 27744 27743 27742 27741 27740 27739 27738 27737 27736 27735 27734 27733 27732 27731 27730 27729 27728 27727 27726 27725 27724 27723 27722 27721 27720 27719 27718 27717 27716 27715 27714 27713 27712 27711 27710 27709 27708 27707 27706 27705 27704 27703 27702 27701 27700 27699 27698 27697 27696 27695 27694 27693 27692 27691 27690 27689 27688 27687 27686 27685 27684 27683 27682 27681 27680 27679 27678 27677 27676 27675 27674 27673 27672 27671 27670 27669 27668 27667 27666 27665 27664 27663 27662 27661 27660 27659 27658 27657 27656 27655 27654 27653 27652 27651 27650 27649 27648 27647 27646 27645 27644 27643 27642 27641 27640 27639 27638 27637 27636 27635 27634 27633 27632 27631 27630 27629 27628 27627 27626 27625 27624 27623 27622 27621 27620 27619 27618 27617 27616 27615 27614 27613 27612 27611 27610 27609 27608 27607 27606 27605 27604 27603 27602 27601 27600 27599 27598 27597 27596 27595 27594 27593 27592 27591 27590 27589 27588 27587 27586 27585 27584 27583 27582 27581 27580 27579 27578 27577 27576 27575 27574 27573 27572 27571 27570 27569 27568 27567 27566 27565 27564 27563 27562 27561 27560 27559 27558 27557 27556 27555 27554 27553 27552 27551 27550 27549 27548 27547 27546 27545 27544 27543 27542 27541 27540 27539 27538 27537 27536 27535 27534 27533 27532 27531 27530 27529 27528 27527 27526 27525 27524 27523 27522 27521 27520 27519 27518 27517 27516 27515 27514 27513 27512 27511 27510 27509 27508 27507 27506 27505 27504 27503 27502 27501 27500 27499 27498 27497 27496 27495 27494 27493 27492 27491 27490 27489 27488 27487 27486 27485 27484 27483 27482 27481 27480 27479 27478 27477 27476 27475 27474 27473 27472 27471 27470 27469 27468 27467 27466 27465 27464 27463 27462 27461 27460 27459 27458 27457 27456 27455 27454 27453 27452 27451 27450 27449 27448 27447 27446 27445 27444 27443 27442 27441 27440 27439 27438 27437 27436 27435 27434 27433 27432 27431 27430 27429 27428 27427 27426 27425 27424 27423 27422 27421 27420 27419 27418 27417 27416 27415 27414 27413 27412 27411 27410 27409 27408 27407 27406 27405 27404 27403 27402 27401 27400 27399 27398 27397 27396 27395 27394 27393 27392 27391 27390 27389 27388 27387 27386 27385 27384 27383 27382 27381 27380 27379 27378 27377 27376 27375 27374 27373 27372 27371 27370 27369 27368 27367 27366 27365 27364 27363 27362 27361 27360 27359 27358 27357 27356 27355 27354 27353 27352 27351 27350 27349 27348 27347 27346 27345 27344 27343 27342 27341 27340 27339 27338 27337 27336 27335 27334 27333 27332 27331 27330 27329 27328 27327 27326 27325 27324 27323 27322 27321 27320 27319 27318 27317 27316 27315 27314 27313 27312 27311 27310 27309 27308 27307 27306 27305 27304 27303 27302 27301 27300 27299 27298 27297 27296 27295 27294 27293 27292 27291 27290 27289 27288 27287 27286 27285 27284 27283 27282 27281 27280 27279 27278 27277 27276 27275 27274 27273 27272 27271 27270 27269 27268 27267 27266 27265 27264 27263 27262 27261 27260 27259 27258 27257 27256 27255 27254 27253 27252 27251 27250 27249 27248 27247 27246 27245 27244 27243 27242 27241 27240 27239 27238 27237 27236 27235 27234 27233 27232 27231 27230 27229 27228 27227 27226 27225 27224 27223 27222 27221 27220 27219 27218 27217 27216 27215 27214 27213 27212 27211 27210 27209 27208 27207 27206 27205 27204 27203 27202 27201 27200 27199 27198 27197 27196 27195 27194 27193 27192 27191 27190 27189 27188 27187 27186 27185 27184 27183 27182 27181 27180 27179 27178 27177 27176 27175 27174 27173 27172 27171 27170 27169 27168 27167 27166 27165 27164 27163 27162 27161 27160 27159 27158 27157 27156 27155 27154 27153 27152 27151 27150 27149 27148 27147 27146 27145 27144 27143 27142 27141 27140 27139 27138 27137 27136 27135 27134 27133 27132 27131 27130 27129 27128 27127 27126 27125 27124 27123 27122 27121 27120 27119 27118 27117 27116 27115 27114 27113 27112 27111 27110 27109 27108 27107 27106 27105 27104 27103 27102 27101 27100 27099 27098 27097 27096 27095 27094 27093 27092 27091 27090 27089 27088 27087 27086 27085 27084 27083 27082 27081 27080 27079 27078 27077 27076 27075 27074 27073 27072 27071 27070 27069 27068 27067 27066 27065 27064 27063 27062 27061 27060 27059 27058 27057 27056 27055 27054 27053 27052 27051 27050 27049 27048 27047 27046 27045 27044 27043 27042 27041 27040 27039 27038 27037 27036 27035 27034 27033 27032 27031 27030 27029 27028 27027 27026 27025 27024 27023 27022 27021 27020 27019 27018 27017 27016 27015 27014 27013 27012 27011 27010 27009 27008 27007 27006 27005 27004 27003 27002 27001 27000 26999 26998 26997 26996 26995 26994 26993 26992 26991 26990 26989 26988 26987 26986 26985 26984 26983 26982 26981 26980 26979 26978 26977 26976 26975 26974 26973 26972 26971 26970 26969 26968 26967 26966 26965 26964 26963 26962 26961 26960 26959 26958 26957 26956 26955 26954 26953 26952 26951 26950 26949 26948 26947 26946 26945 26944 26943 26942 26941 26940 26939 26938 26937 26936 26935 26934 26933 26932 26931 26930 26929 26928 26927 26926 26925 26924 26923 26922 26921 26920 26919 26918 26917 26916 26915 26914 26913 26912 26911 26910 26909 26908 26907 26906 26905 26904 26903 26902 26901 26900 26899 26898 26897 26896 26895 26894 26893 26892 26891 26890 26889 26888 26887 26886 26885 26884 26883 26882 26881 26880 26879 26878 26877 26876 26875 26874 26873 26872 26871 26870 26869 26868 26867 26866 26865 26864 26863 26862 26861 26860 26859 26858 26857 26856 26855 26854 26853 26852 26851 26850 26849 26848 26847 26846 26845 26844 26843 26842 26841 26840 26839 26838 26837 26836 26835 26834 26833 26832 26831 26830 26829 26828 26827 26826 26825 26824 26823 26822 26821 26820 26819 26818 26817 26816 26815 26814 26813 26812 26811 26810 26809 26808 26807 26806 26805 26804 26803 26802 26801 26800 26799 26798 26797 26796 26795 26794 26793 26792 26791 26790 26789 26788 26787 26786 26785 26784 26783 26782 26781 26780 26779 26778 26777 26776 26775 26774 26773 26772 26771 26770 26769 26768 26767 26766 26765 26764 26763 26762 26761 26760 26759 26758 26757 26756 26755 26754 26753 26752 26751 26750 26749 26748 26747 26746 26745 26744 26743 26742 26741 26740 26739 26738 26737 26736 26735 26734 26733 26732 26731 26730 26729 26728 26727 26726 26725 26724 26723 26722 26721 26720 26719 26718 26717 26716 26715 26714 26713 26712 26711 26710 26709 26708 26707 26706 26705 26704 26703 26702 26701 26700 26699 26698 26697 26696 26695 26694 26693 26692 26691 26690 26689 26688 26687 26686 26685 26684 26683 26682 26681 26680 26679 26678 26677 26676 26675 26674 26673 26672 26671 26670 26669 26668 26667 26666 26665 26664 26663 26662 26661 26660 26659 26658 26657 26656 26655 26654 26653 26652 26651 26650 26649 26648 26647 26646 26645 26644 26643 26642 26641 26640 26639 26638 26637 26636 26635 26634 26633 26632 26631 26630 26629 26628 26627 26626 26625 26624 26623 26622 26621 26620 26619 26618 26617 26616 26615 26614 26613 26612 26611 26610 26609 26608 26607 26606 26605 26604 26603 26602 26601 26600 26599 26598 26597 26596 26595 26594 26593 26592 26591 26590 26589 26588 26587 26586 26585 26584 26583 26582 26581 26580 26579 26578 26577 26576 26575 26574 26573 26572 26571 26570 26569 26568 26567 26566 26565 26564 26563 26562 26561 26560 26559 26558 26557 26556 26555 26554 26553 26552 26551 26550 26549 26548 26547 26546 26545 26544 26543 26542 26541 26540 26539 26538 26537 26536 26535 26534 26533 26532 26531 26530 26529 26528 26527 26526 26525 26524 26523 26522 26521 26520 26519 26518 26517 26516 26515 26514 26513 26512 26511 26510 26509 26508 26507 26506 26505 26504 26503 26502 26501 26500 26499 26498 26497 26496 26495 26494 26493 26492 26491 26490 26489 26488 26487 26486 26485 26484 26483 26482 26481 26480 26479 26478 26477 26476 26475 26474 26473 26472 26471 26470 26469 26468 26467 26466 26465 26464 26463 26462 26461 26460 26459 26458 26457 26456 26455 26454 26453 26452 26451 26450 26449 26448 26447 26446 26445 26444 26443 26442 26441 26440 26439 26438 26437 26436 26435 26434 26433 26432 26431 26430 26429 26428 26427 26426 26425 26424 26423 26422 26421 26420 26419 26418 26417 26416 26415 26414 26413 26412 26411 26410 26409 26408 26407 26406 26405 26404 26403 26402 26401 26400 26399 26398 26397 26396 26395 26394 26393 26392 26391 26390 26389 26388 26387 26386 26385 26384 26383 26382 26381 26380 26379 26378 26377 26376 26375 26374 26373 26372 26371 26370 26369 26368 26367 26366 26365 26364 26363 26362 26361 26360 26359 26358 26357 26356 26355 26354 26353 26352 26351 26350 26349 26348 26347 26346 26345 26344 26343 26342 26341 26340 26339 26338 26337 26336 26335 26334 26333 26332 26331 26330 26329 26328 26327 26326 26325 26324 26323 26322 26321 26320 26319 26318 26317 26316 26315 26314 26313 26312 26311 26310 26309 26308 26307 26306 26305 26304 26303 26302 26301 26300 26299 26298 26297 26296 26295 26294 26293 26292 26291 26290 26289 26288 26287 26286 26285 26284 26283 26282 26281 26280 26279 26278 26277 26276 26275 26274 26273 26272 26271 26270 26269 26268 26267 26266 26265 26264 26263 26262 26261 26260 26259 26258 26257 26256 26255 26254 26253 26252 26251 26250 26249 26248 26247 26246 26245 26244 26243 26242 26241 26240 26239 26238 26237 26236 26235 26234 26233 26232 26231 26230 26229 26228 26227 26226 26225 26224 26223 26222 26221 26220 26219 26218 26217 26216 26215 26214 26213 26212 26211 26210 26209 26208 26207 26206 26205 26204 26203 26202 26201 26200 26199 26198 26197 26196 26195 26194 26193 26192 26191 26190 26189 26188 26187 26186 26185 26184 26183 26182 26181 26180 26179 26178 26177 26176 26175 26174 26173 26172 26171 26170 26169 26168 26167 26166 26165 26164 26163 26162 26161 26160 26159 26158 26157 26156 26155 26154 26153 26152 26151 26150 26149 26148 26147 26146 26145 26144 26143 26142 26141 26140 26139 26138 26137 26136 26135 26134 26133 26132 26131 26130 26129 26128 26127 26126 26125 26124 26123 26122 26121 26120 26119 26118 26117 26116 26115 26114 26113 26112 26111 26110 26109 26108 26107 26106 26105 26104 26103 26102 26101 26100 26099 26098 26097 26096 26095 26094 26093 26092 26091 26090 26089 26088 26087 26086 26085 26084 26083 26082 26081 26080 26079 26078 26077 26076 26075 26074 26073 26072 26071 26070 26069 26068 26067 26066 26065 26064 26063 26062 26061 26060 26059 26058 26057 26056 26055 26054 26053 26052 26051 26050 26049 26048 26047 26046 26045 26044 26043 26042 26041 26040 26039 26038 26037 26036 26035 26034 26033 26032 26031 26030 26029 26028 26027 26026 26025 26024 26023 26022 26021 26020 26019 26018 26017 26016 26015 26014 26013 26012 26011 26010 26009 26008 26007 26006 26005 26004 26003 26002 26001 26000 25999 25998 25997 25996 25995 25994 25993 25992 25991 25990 25989 25988 25987 25986 25985 25984 25983 25982 25981 25980 25979 25978 25977 25976 25975 25974 25973 25972 25971 25970 25969 25968 25967 25966 25965 25964 25963 25962 25961 25960 25959 25958 25957 25956 25955 25954 25953 25952 25951 25950 25949 25948 25947 25946 25945 25944 25943 25942 25941 25940 25939 25938 25937 25936 25935 25934 25933 25932 25931 25930 25929 25928 25927 25926 25925 25924 25923 25922 25921 25920 25919 25918 25917 25916 25915 25914 25913 25912 25911 25910 25909 25908 25907 25906 25905 25904 25903 25902 25901 25900 25899 25898 25897 25896 25895 25894 25893 25892 25891 25890 25889 25888 25887 25886 25885 25884 25883 25882 25881 25880 25879 25878 25877 25876 25875 25874 25873 25872 25871 25870 25869 25868 25867 25866 25865 25864 25863 25862 25861 25860 25859 25858 25857 25856 25855 25854 25853 25852 25851 25850 25849 25848 25847 25846 25845 25844 25843 25842 25841 25840 25839 25838 25837 25836 25835 25834 25833 25832 25831 25830 25829 25828 25827 25826 25825 25824 25823 25822 25821 25820 25819 25818 25817 25816 25815 25814 25813 25812 25811 25810 25809 25808 25807 25806 25805 25804 25803 25802 25801 25800 25799 25798 25797 25796 25795 25794 25793 25792 25791 25790 25789 25788 25787 25786 25785 25784 25783 25782 25781 25780 25779 25778 25777 25776 25775 25774 25773 25772 25771 25770 25769 25768 25767 25766 25765 25764 25763 25762 25761 25760 25759 25758 25757 25756 25755 25754 25753 25752 25751 25750 25749 25748 25747 25746 25745 25744 25743 25742 25741 25740 25739 25738 25737 25736 25735 25734 25733 25732 25731 25730 25729 25728 25727 25726 25725 25724 25723 25722 25721 25720 25719 25718 25717 25716 25715 25714 25713 25712 25711 25710 25709 25708 25707 25706 25705 25704 25703 25702 25701 25700 25699 25698 25697 25696 25695 25694 25693 25692 25691 25690 25689 25688 25687 25686 25685 25684 25683 25682 25681 25680 25679 25678 25677 25676 25675 25674 25673 25672 25671 25670 25669 25668 25667 25666 25665 25664 25663 25662 25661 25660 25659 25658 25657 25656 25655 25654 25653 25652 25651 25650 25649 25648 25647 25646 25645 25644 25643 25642 25641 25640 25639 25638 25637 25636 25635 25634 25633 25632 25631 25630 25629 25628 25627 25626 25625 25624 25623 25622 25621 25620 25619 25618 25617 25616 25615 25614 25613 25612 25611 25610 25609 25608 25607 25606 25605 25604 25603 25602 25601 25600 25599 25598 25597 25596 25595 25594 25593 25592 25591 25590 25589 25588 25587 25586 25585 25584 25583 25582 25581 25580 25579 25578 25577 25576 25575 25574 25573 25572 25571 25570 25569 25568 25567 25566 25565 25564 25563 25562 25561 25560 25559 25558 25557 25556 25555 25554 25553 25552 25551 25550 25549 25548 25547 25546 25545 25544 25543 25542 25541 25540 25539 25538 25537 25536 25535 25534 25533 25532 25531 25530 25529 25528 25527 25526 25525 25524 25523 25522 25521 25520 25519 25518 25517 25516 25515 25514 25513 25512 25511 25510 25509 25508 25507 25506 25505 25504 25503 25502 25501 25500 25499 25498 25497 25496 25495 25494 25493 25492 25491 25490 25489 25488 25487 25486 25485 25484 25483 25482 25481 25480 25479 25478 25477 25476 25475 25474 25473 25472 25471 25470 25469 25468 25467 25466 25465 25464 25463 25462 25461 25460 25459 25458 25457 25456 25455 25454 25453 25452 25451 25450 25449 25448 25447 25446 25445 25444 25443 25442 25441 25440 25439 25438 25437 25436 25435 25434 25433 25432 25431 25430 25429 25428 25427 25426 25425 25424 25423 25422 25421 25420 25419 25418 25417 25416 25415 25414 25413 25412 25411 25410 25409 25408 25407 25406 25405 25404 25403 25402 25401 25400 25399 25398 25397 25396 25395 25394 25393 25392 25391 25390 25389 25388 25387 25386 25385 25384 25383 25382 25381 25380 25379 25378 25377 25376 25375 25374 25373 25372 25371 25370 25369 25368 25367 25366 25365 25364 25363 25362 25361 25360 25359 25358 25357 25356 25355 25354 25353 25352 25351 25350 25349 25348 25347 25346 25345 25344 25343 25342 25341 25340 25339 25338 25337 25336 25335 25334 25333 25332 25331 25330 25329 25328 25327 25326 25325 25324 25323 25322 25321 25320 25319 25318 25317 25316 25315 25314 25313 25312 25311 25310 25309 25308 25307 25306 25305 25304 25303 25302 25301 25300 25299 25298 25297 25296 25295 25294 25293 25292 25291 25290 25289 25288 25287 25286 25285 25284 25283 25282 25281 25280 25279 25278 25277 25276 25275 25274 25273 25272 25271 25270 25269 25268 25267 25266 25265 25264 25263 25262 25261 25260 25259 25258 25257 25256 25255 25254 25253 25252 25251 25250 25249 25248 25247 25246 25245 25244 25243 25242 25241 25240 25239 25238 25237 25236 25235 25234 25233 25232 25231 25230 25229 25228 25227 25226 25225 25224 25223 25222 25221 25220 25219 25218 25217 25216 25215 25214 25213 25212 25211 25210 25209 25208 25207 25206 25205 25204 25203 25202 25201 25200 25199 25198 25197 25196 25195 25194 25193 25192 25191 25190 25189 25188 25187 25186 25185 25184 25183 25182 25181 25180 25179 25178 25177 25176 25175 25174 25173 25172 25171 25170 25169 25168 25167 25166 25165 25164 25163 25162 25161 25160 25159 25158 25157 25156 25155 25154 25153 25152 25151 25150 25149 25148 25147 25146 25145 25144 25143 25142 25141 25140 25139 25138 25137 25136 25135 25134 25133 25132 25131 25130 25129 25128 25127 25126 25125 25124 25123 25122 25121 25120 25119 25118 25117 25116 25115 25114 25113 25112 25111 25110 25109 25108 25107 25106 25105 25104 25103 25102 25101 25100 25099 25098 25097 25096 25095 25094 25093 25092 25091 25090 25089 25088 25087 25086 25085 25084 25083 25082 25081 25080 25079 25078 25077 25076 25075 25074 25073 25072 25071 25070 25069 25068 25067 25066 25065 25064 25063 25062 25061 25060 25059 25058 25057 25056 25055 25054 25053 25052 25051 25050 25049 25048 25047 25046 25045 25044 25043 25042 25041 25040 25039 25038 25037 25036 25035 25034 25033 25032 25031 25030 25029 25028 25027 25026 25025 25024 25023 25022 25021 25020 25019 25018 25017 25016 25015 25014 25013 25012 25011 25010 25009 25008 25007 25006 25005 25004 25003 25002 25001 25000 24999 24998 24997 24996 24995 24994 24993 24992 24991 24990 24989 24988 24987 24986 24985 24984 24983 24982 24981 24980 24979 24978 24977 24976 24975 24974 24973 24972 24971 24970 24969 24968 24967 24966 24965 24964 24963 24962 24961 24960 24959 24958 24957 24956 24955 24954 24953 24952 24951 24950 24949 24948 24947 24946 24945 24944 24943 24942 24941 24940 24939 24938 24937 24936 24935 24934 24933 24932 24931 24930 24929 24928 24927 24926 24925 24924 24923 24922 24921 24920 24919 24918 24917 24916 24915 24914 24913 24912 24911 24910 24909 24908 24907 24906 24905 24904 24903 24902 24901 24900 24899 24898 24897 24896 24895 24894 24893 24892 24891 24890 24889 24888 24887 24886 24885 24884 24883 24882 24881 24880 24879 24878 24877 24876 24875 24874 24873 24872 24871 24870 24869 24868 24867 24866 24865 24864 24863 24862 24861 24860 24859 24858 24857 24856 24855 24854 24853 24852 24851 24850 24849 24848 24847 24846 24845 24844 24843 24842 24841 24840 24839 24838 24837 24836 24835 24834 24833 24832 24831 24830 24829 24828 24827 24826 24825 24824 24823 24822 24821 24820 24819 24818 24817 24816 24815 24814 24813 24812 24811 24810 24809 24808 24807 24806 24805 24804 24803 24802 24801 24800 24799 24798 24797 24796 24795 24794 24793 24792 24791 24790 24789 24788 24787 24786 24785 24784 24783 24782 24781 24780 24779 24778 24777 24776 24775 24774 24773 24772 24771 24770 24769 24768 24767 24766 24765 24764 24763 24762 24761 24760 24759 24758 24757 24756 24755 24754 24753 24752 24751 24750 24749 24748 24747 24746 24745 24744 24743 24742 24741 24740 24739 24738 24737 24736 24735 24734 24733 24732 24731 24730 24729 24728 24727 24726 24725 24724 24723 24722 24721 24720 24719 24718 24717 24716 24715 24714 24713 24712 24711 24710 24709 24708 24707 24706 24705 24704 24703 24702 24701 24700 24699 24698 24697 24696 24695 24694 24693 24692 24691 24690 24689 24688 24687 24686 24685 24684 24683 24682 24681 24680 24679 24678 24677 24676 24675 24674 24673 24672 24671 24670 24669 24668 24667 24666 24665 24664 24663 24662 24661 24660 24659 24658 24657 24656 24655 24654 24653 24652 24651 24650 24649 24648 24647 24646 24645 24644 24643 24642 24641 24640 24639 24638 24637 24636 24635 24634 24633 24632 24631 24630 24629 24628 24627 24626 24625 24624 24623 24622 24621 24620 24619 24618 24617 24616 24615 24614 24613 24612 24611 24610 24609 24608 24607 24606 24605 24604 24603 24602 24601 24600 24599 24598 24597 24596 24595 24594 24593 24592 24591 24590 24589 24588 24587 24586 24585 24584 24583 24582 24581 24580 24579 24578 24577 24576 24575 24574 24573 24572 24571 24570 24569 24568 24567 24566 24565 24564 24563 24562 24561 24560 24559 24558 24557 24556 24555 24554 24553 24552 24551 24550 24549 24548 24547 24546 24545 24544 24543 24542 24541 24540 24539 24538 24537 24536 24535 24534 24533 24532 24531 24530 24529 24528 24527 24526 24525 24524 24523 24522 24521 24520 24519 24518 24517 24516 24515 24514 24513 24512 24511 24510 24509 24508 24507 24506 24505 24504 24503 24502 24501 24500 24499 24498 24497 24496 24495 24494 24493 24492 24491 24490 24489 24488 24487 24486 24485 24484 24483 24482 24481 24480 24479 24478 24477 24476 24475 24474 24473 24472 24471 24470 24469 24468 24467 24466 24465 24464 24463 24462 24461 24460 24459 24458 24457 24456 24455 24454 24453 24452 24451 24450 24449 24448 24447 24446 24445 24444 24443 24442 24441 24440 24439 24438 24437 24436 24435 24434 24433 24432 24431 24430 24429 24428 24427 24426 24425 24424 24423 24422 24421 24420 24419 24418 24417 24416 24415 24414 24413 24412 24411 24410 24409 24408 24407 24406 24405 24404 24403 24402 24401 24400 24399 24398 24397 24396 24395 24394 24393 24392 24391 24390 24389 24388 24387 24386 24385 24384 24383 24382 24381 24380 24379 24378 24377 24376 24375 24374 24373 24372 24371 24370 24369 24368 24367 24366 24365 24364 24363 24362 24361 24360 24359 24358 24357 24356 24355 24354 24353 24352 24351 24350 24349 24348 24347 24346 24345 24344 24343 24342 24341 24340 24339 24338 24337 24336 24335 24334 24333 24332 24331 24330 24329 24328 24327 24326 24325 24324 24323 24322 24321 24320 24319 24318 24317 24316 24315 24314 24313 24312 24311 24310 24309 24308 24307 24306 24305 24304 24303 24302 24301 24300 24299 24298 24297 24296 24295 24294 24293 24292 24291 24290 24289 24288 24287 24286 24285 24284 24283 24282 24281 24280 24279 24278 24277 24276 24275 24274 24273 24272 24271 24270 24269 24268 24267 24266 24265 24264 24263 24262 24261 24260 24259 24258 24257 24256 24255 24254 24253 24252 24251 24250 24249 24248 24247 24246 24245 24244 24243 24242 24241 24240 24239 24238 24237 24236 24235 24234 24233 24232 24231 24230 24229 24228 24227 24226 24225 24224 24223 24222 24221 24220 24219 24218 24217 24216 24215 24214 24213 24212 24211 24210 24209 24208 24207 24206 24205 24204 24203 24202 24201 24200 24199 24198 24197 24196 24195 24194 24193 24192 24191 24190 24189 24188 24187 24186 24185 24184 24183 24182 24181 24180 24179 24178 24177 24176 24175 24174 24173 24172 24171 24170 24169 24168 24167 24166 24165 24164 24163 24162 24161 24160 24159 24158 24157 24156 24155 24154 24153 24152 24151 24150 24149 24148 24147 24146 24145 24144 24143 24142 24141 24140 24139 24138 24137 24136 24135 24134 24133 24132 24131 24130 24129 24128 24127 24126 24125 24124 24123 24122 24121 24120 24119 24118 24117 24116 24115 24114 24113 24112 24111 24110 24109 24108 24107 24106 24105 24104 24103 24102 24101 24100 24099 24098 24097 24096 24095 24094 24093 24092 24091 24090 24089 24088 24087 24086 24085 24084 24083 24082 24081 24080 24079 24078 24077 24076 24075 24074 24073 24072 24071 24070 24069 24068 24067 24066 24065 24064 24063 24062 24061 24060 24059 24058 24057 24056 24055 24054 24053 24052 24051 24050 24049 24048 24047 24046 24045 24044 24043 24042 24041 24040 24039 24038 24037 24036 24035 24034 24033 24032 24031 24030 24029 24028 24027 24026 24025 24024 24023 24022 24021 24020 24019 24018 24017 24016 24015 24014 24013 24012 24011 24010 24009 24008 24007 24006 24005 24004 24003 24002 24001 24000 23999 23998 23997 23996 23995 23994 23993 23992 23991 23990 23989 23988 23987 23986 23985 23984 23983 23982 23981 23980 23979 23978 23977 23976 23975 23974 23973 23972 23971 23970 23969 23968 23967 23966 23965 23964 23963 23962 23961 23960 23959 23958 23957 23956 23955 23954 23953 23952 23951 23950 23949 23948 23947 23946 23945 23944 23943 23942 23941 23940 23939 23938 23937 23936 23935 23934 23933 23932 23931 23930 23929 23928 23927 23926 23925 23924 23923 23922 23921 23920 23919 23918 23917 23916 23915 23914 23913 23912 23911 23910 23909 23908 23907 23906 23905 23904 23903 23902 23901 23900 23899 23898 23897 23896 23895 23894 23893 23892 23891 23890 23889 23888 23887 23886 23885 23884 23883 23882 23881 23880 23879 23878 23877 23876 23875 23874 23873 23872 23871 23870 23869 23868 23867 23866 23865 23864 23863 23862 23861 23860 23859 23858 23857 23856 23855 23854 23853 23852 23851 23850 23849 23848 23847 23846 23845 23844 23843 23842 23841 23840 23839 23838 23837 23836 23835 23834 23833 23832 23831 23830 23829 23828 23827 23826 23825 23824 23823 23822 23821 23820 23819 23818 23817 23816 23815 23814 23813 23812 23811 23810 23809 23808 23807 23806 23805 23804 23803 23802 23801 23800 23799 23798 23797 23796 23795 23794 23793 23792 23791 23790 23789 23788 23787 23786 23785 23784 23783 23782 23781 23780 23779 23778 23777 23776 23775 23774 23773 23772 23771 23770 23769 23768 23767 23766 23765 23764 23763 23762 23761 23760 23759 23758 23757 23756 23755 23754 23753 23752 23751 23750 23749 23748 23747 23746 23745 23744 23743 23742 23741 23740 23739 23738 23737 23736 23735 23734 23733 23732 23731 23730 23729 23728 23727 23726 23725 23724 23723 23722 23721 23720 23719 23718 23717 23716 23715 23714 23713 23712 23711 23710 23709 23708 23707 23706 23705 23704 23703 23702 23701 23700 23699 23698 23697 23696 23695 23694 23693 23692 23691 23690 23689 23688 23687 23686 23685 23684 23683 23682 23681 23680 23679 23678 23677 23676 23675 23674 23673 23672 23671 23670 23669 23668 23667 23666 23665 23664 23663 23662 23661 23660 23659 23658 23657 23656 23655 23654 23653 23652 23651 23650 23649 23648 23647 23646 23645 23644 23643 23642 23641 23640 23639 23638 23637 23636 23635 23634 23633 23632 23631 23630 23629 23628 23627 23626 23625 23624 23623 23622 23621 23620 23619 23618 23617 23616 23615 23614 23613 23612 23611 23610 23609 23608 23607 23606 23605 23604 23603 23602 23601 23600 23599 23598 23597 23596 23595 23594 23593 23592 23591 23590 23589 23588 23587 23586 23585 23584 23583 23582 23581 23580 23579 23578 23577 23576 23575 23574 23573 23572 23571 23570 23569 23568 23567 23566 23565 23564 23563 23562 23561 23560 23559 23558 23557 23556 23555 23554 23553 23552 23551 23550 23549 23548 23547 23546 23545 23544 23543 23542 23541 23540 23539 23538 23537 23536 23535 23534 23533 23532 23531 23530 23529 23528 23527 23526 23525 23524 23523 23522 23521 23520 23519 23518 23517 23516 23515 23514 23513 23512 23511 23510 23509 23508 23507 23506 23505 23504 23503 23502 23501 23500 23499 23498 23497 23496 23495 23494 23493 23492 23491 23490 23489 23488 23487 23486 23485 23484 23483 23482 23481 23480 23479 23478 23477 23476 23475 23474 23473 23472 23471 23470 23469 23468 23467 23466 23465 23464 23463 23462 23461 23460 23459 23458 23457 23456 23455 23454 23453 23452 23451 23450 23449 23448 23447 23446 23445 23444 23443 23442 23441 23440 23439 23438 23437 23436 23435 23434 23433 23432 23431 23430 23429 23428 23427 23426 23425 23424 23423 23422 23421 23420 23419 23418 23417 23416 23415 23414 23413 23412 23411 23410 23409 23408 23407 23406 23405 23404 23403 23402 23401 23400 23399 23398 23397 23396 23395 23394 23393 23392 23391 23390 23389 23388 23387 23386 23385 23384 23383 23382 23381 23380 23379 23378 23377 23376 23375 23374 23373 23372 23371 23370 23369 23368 23367 23366 23365 23364 23363 23362 23361 23360 23359 23358 23357 23356 23355 23354 23353 23352 23351 23350 23349 23348 23347 23346 23345 23344 23343 23342 23341 23340 23339 23338 23337 23336 23335 23334 23333 23332 23331 23330 23329 23328 23327 23326 23325 23324 23323 23322 23321 23320 23319 23318 23317 23316 23315 23314 23313 23312 23311 23310 23309 23308 23307 23306 23305 23304 23303 23302 23301 23300 23299 23298 23297 23296 23295 23294 23293 23292 23291 23290 23289 23288 23287 23286 23285 23284 23283 23282 23281 23280 23279 23278 23277 23276 23275 23274 23273 23272 23271 23270 23269 23268 23267 23266 23265 23264 23263 23262 23261 23260 23259 23258 23257 23256 23255 23254 23253 23252 23251 23250 23249 23248 23247 23246 23245 23244 23243 23242 23241 23240 23239 23238 23237 23236 23235 23234 23233 23232 23231 23230 23229 23228 23227 23226 23225 23224 23223 23222 23221 23220 23219 23218 23217 23216 23215 23214 23213 23212 23211 23210 23209 23208 23207 23206 23205 23204 23203 23202 23201 23200 23199 23198 23197 23196 23195 23194 23193 23192 23191 23190 23189 23188 23187 23186 23185 23184 23183 23182 23181 23180 23179 23178 23177 23176 23175 23174 23173 23172 23171 23170 23169 23168 23167 23166 23165 23164 23163 23162 23161 23160 23159 23158 23157 23156 23155 23154 23153 23152 23151 23150 23149 23148 23147 23146 23145 23144 23143 23142 23141 23140 23139 23138 23137 23136 23135 23134 23133 23132 23131 23130 23129 23128 23127 23126 23125 23124 23123 23122 23121 23120 23119 23118 23117 23116 23115 23114 23113 23112 23111 23110 23109 23108 23107 23106 23105 23104 23103 23102 23101 23100 23099 23098 23097 23096 23095 23094 23093 23092 23091 23090 23089 23088 23087 23086 23085 23084 23083 23082 23081 23080 23079 23078 23077 23076 23075 23074 23073 23072 23071 23070 23069 23068 23067 23066 23065 23064 23063 23062 23061 23060 23059 23058 23057 23056 23055 23054 23053 23052 23051 23050 23049 23048 23047 23046 23045 23044 23043 23042 23041 23040 23039 23038 23037 23036 23035 23034 23033 23032 23031 23030 23029 23028 23027 23026 23025 23024 23023 23022 23021 23020 23019 23018 23017 23016 23015 23014 23013 23012 23011 23010 23009 23008 23007 23006 23005 23004 23003 23002 23001 23000 22999 22998 22997 22996 22995 22994 22993 22992 22991 22990 22989 22988 22987 22986 22985 22984 22983 22982 22981 22980 22979 22978 22977 22976 22975 22974 22973 22972 22971 22970 22969 22968 22967 22966 22965 22964 22963 22962 22961 22960 22959 22958 22957 22956 22955 22954 22953 22952 22951 22950 22949 22948 22947 22946 22945 22944 22943 22942 22941 22940 22939 22938 22937 22936 22935 22934 22933 22932 22931 22930 22929 22928 22927 22926 22925 22924 22923 22922 22921 22920 22919 22918 22917 22916 22915 22914 22913 22912 22911 22910 22909 22908 22907 22906 22905 22904 22903 22902 22901 22900 22899 22898 22897 22896 22895 22894 22893 22892 22891 22890 22889 22888 22887 22886 22885 22884 22883 22882 22881 22880 22879 22878 22877 22876 22875 22874 22873 22872 22871 22870 22869 22868 22867 22866 22865 22864 22863 22862 22861 22860 22859 22858 22857 22856 22855 22854 22853 22852 22851 22850 22849 22848 22847 22846 22845 22844 22843 22842 22841 22840 22839 22838 22837 22836 22835 22834 22833 22832 22831 22830 22829 22828 22827 22826 22825 22824 22823 22822 22821 22820 22819 22818 22817 22816 22815 22814 22813 22812 22811 22810 22809 22808 22807 22806 22805 22804 22803 22802 22801 22800 22799 22798 22797 22796 22795 22794 22793 22792 22791 22790 22789 22788 22787 22786 22785 22784 22783 22782 22781 22780 22779 22778 22777 22776 22775 22774 22773 22772 22771 22770 22769 22768 22767 22766 22765 22764 22763 22762 22761 22760 22759 22758 22757 22756 22755 22754 22753 22752 22751 22750 22749 22748 22747 22746 22745 22744 22743 22742 22741 22740 22739 22738 22737 22736 22735 22734 22733 22732 22731 22730 22729 22728 22727 22726 22725 22724 22723 22722 22721 22720 22719 22718 22717 22716 22715 22714 22713 22712 22711 22710 22709 22708 22707 22706 22705 22704 22703 22702 22701 22700 22699 22698 22697 22696 22695 22694 22693 22692 22691 22690 22689 22688 22687 22686 22685 22684 22683 22682 22681 22680 22679 22678 22677 22676 22675 22674 22673 22672 22671 22670 22669 22668 22667 22666 22665 22664 22663 22662 22661 22660 22659 22658 22657 22656 22655 22654 22653 22652 22651 22650 22649 22648 22647 22646 22645 22644 22643 22642 22641 22640 22639 22638 22637 22636 22635 22634 22633 22632 22631 22630 22629 22628 22627 22626 22625 22624 22623 22622 22621 22620 22619 22618 22617 22616 22615 22614 22613 22612 22611 22610 22609 22608 22607 22606 22605 22604 22603 22602 22601 22600 22599 22598 22597 22596 22595 22594 22593 22592 22591 22590 22589 22588 22587 22586 22585 22584 22583 22582 22581 22580 22579 22578 22577 22576 22575 22574 22573 22572 22571 22570 22569 22568 22567 22566 22565 22564 22563 22562 22561 22560 22559 22558 22557 22556 22555 22554 22553 22552 22551 22550 22549 22548 22547 22546 22545 22544 22543 22542 22541 22540 22539 22538 22537 22536 22535 22534 22533 22532 22531 22530 22529 22528 22527 22526 22525 22524 22523 22522 22521 22520 22519 22518 22517 22516 22515 22514 22513 22512 22511 22510 22509 22508 22507 22506 22505 22504 22503 22502 22501 22500 22499 22498 22497 22496 22495 22494 22493 22492 22491 22490 22489 22488 22487 22486 22485 22484 22483 22482 22481 22480 22479 22478 22477 22476 22475 22474 22473 22472 22471 22470 22469 22468 22467 22466 22465 22464 22463 22462 22461 22460 22459 22458 22457 22456 22455 22454 22453 22452 22451 22450 22449 22448 22447 22446 22445 22444 22443 22442 22441 22440 22439 22438 22437 22436 22435 22434 22433 22432 22431 22430 22429 22428 22427 22426 22425 22424 22423 22422 22421 22420 22419 22418 22417 22416 22415 22414 22413 22412 22411 22410 22409 22408 22407 22406 22405 22404 22403 22402 22401 22400 22399 22398 22397 22396 22395 22394 22393 22392 22391 22390 22389 22388 22387 22386 22385 22384 22383 22382 22381 22380 22379 22378 22377 22376 22375 22374 22373 22372 22371 22370 22369 22368 22367 22366 22365 22364 22363 22362 22361 22360 22359 22358 22357 22356 22355 22354 22353 22352 22351 22350 22349 22348 22347 22346 22345 22344 22343 22342 22341 22340 22339 22338 22337 22336 22335 22334 22333 22332 22331 22330 22329 22328 22327 22326 22325 22324 22323 22322 22321 22320 22319 22318 22317 22316 22315 22314 22313 22312 22311 22310 22309 22308 22307 22306 22305 22304 22303 22302 22301 22300 22299 22298 22297 22296 22295 22294 22293 22292 22291 22290 22289 22288 22287 22286 22285 22284 22283 22282 22281 22280 22279 22278 22277 22276 22275 22274 22273 22272 22271 22270 22269 22268 22267 22266 22265 22264 22263 22262 22261 22260 22259 22258 22257 22256 22255 22254 22253 22252 22251 22250 22249 22248 22247 22246 22245 22244 22243 22242 22241 22240 22239 22238 22237 22236 22235 22234 22233 22232 22231 22230 22229 22228 22227 22226 22225 22224 22223 22222 22221 22220 22219 22218 22217 22216 22215 22214 22213 22212 22211 22210 22209 22208 22207 22206 22205 22204 22203 22202 22201 22200 22199 22198 22197 22196 22195 22194 22193 22192 22191 22190 22189 22188 22187 22186 22185 22184 22183 22182 22181 22180 22179 22178 22177 22176 22175 22174 22173 22172 22171 22170 22169 22168 22167 22166 22165 22164 22163 22162 22161 22160 22159 22158 22157 22156 22155 22154 22153 22152 22151 22150 22149 22148 22147 22146 22145 22144 22143 22142 22141 22140 22139 22138 22137 22136 22135 22134 22133 22132 22131 22130 22129 22128 22127 22126 22125 22124 22123 22122 22121 22120 22119 22118 22117 22116 22115 22114 22113 22112 22111 22110 22109 22108 22107 22106 22105 22104 22103 22102 22101 22100 22099 22098 22097 22096 22095 22094 22093 22092 22091 22090 22089 22088 22087 22086 22085 22084 22083 22082 22081 22080 22079 22078 22077 22076 22075 22074 22073 22072 22071 22070 22069 22068 22067 22066 22065 22064 22063 22062 22061 22060 22059 22058 22057 22056 22055 22054 22053 22052 22051 22050 22049 22048 22047 22046 22045 22044 22043 22042 22041 22040 22039 22038 22037 22036 22035 22034 22033 22032 22031 22030 22029 22028 22027 22026 22025 22024 22023 22022 22021 22020 22019 22018 22017 22016 22015 22014 22013 22012 22011 22010 22009 22008 22007 22006 22005 22004 22003 22002 22001 22000 21999 21998 21997 21996 21995 21994 21993 21992 21991 21990 21989 21988 21987 21986 21985 21984 21983 21982 21981 21980 21979 21978 21977 21976 21975 21974 21973 21972 21971 21970 21969 21968 21967 21966 21965 21964 21963 21962 21961 21960 21959 21958 21957 21956 21955 21954 21953 21952 21951 21950 21949 21948 21947 21946 21945 21944 21943 21942 21941 21940 21939 21938 21937 21936 21935 21934 21933 21932 21931 21930 21929 21928 21927 21926 21925 21924 21923 21922 21921 21920 21919 21918 21917 21916 21915 21914 21913 21912 21911 21910 21909 21908 21907 21906 21905 21904 21903 21902 21901 21900 21899 21898 21897 21896 21895 21894 21893 21892 21891 21890 21889 21888 21887 21886 21885 21884 21883 21882 21881 21880 21879 21878 21877 21876 21875 21874 21873 21872 21871 21870 21869 21868 21867 21866 21865 21864 21863 21862 21861 21860 21859 21858 21857 21856 21855 21854 21853 21852 21851 21850 21849 21848 21847 21846 21845 21844 21843 21842 21841 21840 21839 21838 21837 21836 21835 21834 21833 21832 21831 21830 21829 21828 21827 21826 21825 21824 21823 21822 21821 21820 21819 21818 21817 21816 21815 21814 21813 21812 21811 21810 21809 21808 21807 21806 21805 21804 21803 21802 21801 21800 21799 21798 21797 21796 21795 21794 21793 21792 21791 21790 21789 21788 21787 21786 21785 21784 21783 21782 21781 21780 21779 21778 21777 21776 21775 21774 21773 21772 21771 21770 21769 21768 21767 21766 21765 21764 21763 21762 21761 21760 21759 21758 21757 21756 21755 21754 21753 21752 21751 21750 21749 21748 21747 21746 21745 21744 21743 21742 21741 21740 21739 21738 21737 21736 21735 21734 21733 21732 21731 21730 21729 21728 21727 21726 21725 21724 21723 21722 21721 21720 21719 21718 21717 21716 21715 21714 21713 21712 21711 21710 21709 21708 21707 21706 21705 21704 21703 21702 21701 21700 21699 21698 21697 21696 21695 21694 21693 21692 21691 21690 21689 21688 21687 21686 21685 21684 21683 21682 21681 21680 21679 21678 21677 21676 21675 21674 21673 21672 21671 21670 21669 21668 21667 21666 21665 21664 21663 21662 21661 21660 21659 21658 21657 21656 21655 21654 21653 21652 21651 21650 21649 21648 21647 21646 21645 21644 21643 21642 21641 21640 21639 21638 21637 21636 21635 21634 21633 21632 21631 21630 21629 21628 21627 21626 21625 21624 21623 21622 21621 21620 21619 21618 21617 21616 21615 21614 21613 21612 21611 21610 21609 21608 21607 21606 21605 21604 21603 21602 21601 21600 21599 21598 21597 21596 21595 21594 21593 21592 21591 21590 21589 21588 21587 21586 21585 21584 21583 21582 21581 21580 21579 21578 21577 21576 21575 21574 21573 21572 21571 21570 21569 21568 21567 21566 21565 21564 21563 21562 21561 21560 21559 21558 21557 21556 21555 21554 21553 21552 21551 21550 21549 21548 21547 21546 21545 21544 21543 21542 21541 21540 21539 21538 21537 21536 21535 21534 21533 21532 21531 21530 21529 21528 21527 21526 21525 21524 21523 21522 21521 21520 21519 21518 21517 21516 21515 21514 21513 21512 21511 21510 21509 21508 21507 21506 21505 21504 21503 21502 21501 21500 21499 21498 21497 21496 21495 21494 21493 21492 21491 21490 21489 21488 21487 21486 21485 21484 21483 21482 21481 21480 21479 21478 21477 21476 21475 21474 21473 21472 21471 21470 21469 21468 21467 21466 21465 21464 21463 21462 21461 21460 21459 21458 21457 21456 21455 21454 21453 21452 21451 21450 21449 21448 21447 21446 21445 21444 21443 21442 21441 21440 21439 21438 21437 21436 21435 21434 21433 21432 21431 21430 21429 21428 21427 21426 21425 21424 21423 21422 21421 21420 21419 21418 21417 21416 21415 21414 21413 21412 21411 21410 21409 21408 21407 21406 21405 21404 21403 21402 21401 21400 21399 21398 21397 21396 21395 21394 21393 21392 21391 21390 21389 21388 21387 21386 21385 21384 21383 21382 21381 21380 21379 21378 21377 21376 21375 21374 21373 21372 21371 21370 21369 21368 21367 21366 21365 21364 21363 21362 21361 21360 21359 21358 21357 21356 21355 21354 21353 21352 21351 21350 21349 21348 21347 21346 21345 21344 21343 21342 21341 21340 21339 21338 21337 21336 21335 21334 21333 21332 21331 21330 21329 21328 21327 21326 21325 21324 21323 21322 21321 21320 21319 21318 21317 21316 21315 21314 21313 21312 21311 21310 21309 21308 21307 21306 21305 21304 21303 21302 21301 21300 21299 21298 21297 21296 21295 21294 21293 21292 21291 21290 21289 21288 21287 21286 21285 21284 21283 21282 21281 21280 21279 21278 21277 21276 21275 21274 21273 21272 21271 21270 21269 21268 21267 21266 21265 21264 21263 21262 21261 21260 21259 21258 21257 21256 21255 21254 21253 21252 21251 21250 21249 21248 21247 21246 21245 21244 21243 21242 21241 21240 21239 21238 21237 21236 21235 21234 21233 21232 21231 21230 21229 21228 21227 21226 21225 21224 21223 21222 21221 21220 21219 21218 21217 21216 21215 21214 21213 21212 21211 21210 21209 21208 21207 21206 21205 21204 21203 21202 21201 21200 21199 21198 21197 21196 21195 21194 21193 21192 21191 21190 21189 21188 21187 21186 21185 21184 21183 21182 21181 21180 21179 21178 21177 21176 21175 21174 21173 21172 21171 21170 21169 21168 21167 21166 21165 21164 21163 21162 21161 21160 21159 21158 21157 21156 21155 21154 21153 21152 21151 21150 21149 21148 21147 21146 21145 21144 21143 21142 21141 21140 21139 21138 21137 21136 21135 21134 21133 21132 21131 21130 21129 21128 21127 21126 21125 21124 21123 21122 21121 21120 21119 21118 21117 21116 21115 21114 21113 21112 21111 21110 21109 21108 21107 21106 21105 21104 21103 21102 21101 21100 21099 21098 21097 21096 21095 21094 21093 21092 21091 21090 21089 21088 21087 21086 21085 21084 21083 21082 21081 21080 21079 21078 21077 21076 21075 21074 21073 21072 21071 21070 21069 21068 21067 21066 21065 21064 21063 21062 21061 21060 21059 21058 21057 21056 21055 21054 21053 21052 21051 21050 21049 21048 21047 21046 21045 21044 21043 21042 21041 21040 21039 21038 21037 21036 21035 21034 21033 21032 21031 21030 21029 21028 21027 21026 21025 21024 21023 21022 21021 21020 21019 21018 21017 21016 21015 21014 21013 21012 21011 21010 21009 21008 21007 21006 21005 21004 21003 21002 21001 21000 20999 20998 20997 20996 20995 20994 20993 20992 20991 20990 20989 20988 20987 20986 20985 20984 20983 20982 20981 20980 20979 20978 20977 20976 20975 20974 20973 20972 20971 20970 20969 20968 20967 20966 20965 20964 20963 20962 20961 20960 20959 20958 20957 20956 20955 20954 20953 20952 20951 20950 20949 20948 20947 20946 20945 20944 20943 20942 20941 20940 20939 20938 20937 20936 20935 20934 20933 20932 20931 20930 20929 20928 20927 20926 20925 20924 20923 20922 20921 20920 20919 20918 20917 20916 20915 20914 20913 20912 20911 20910 20909 20908 20907 20906 20905 20904 20903 20902 20901 20900 20899 20898 20897 20896 20895 20894 20893 20892 20891 20890 20889 20888 20887 20886 20885 20884 20883 20882 20881 20880 20879 20878 20877 20876 20875 20874 20873 20872 20871 20870 20869 20868 20867 20866 20865 20864 20863 20862 20861 20860 20859 20858 20857 20856 20855 20854 20853 20852 20851 20850 20849 20848 20847 20846 20845 20844 20843 20842 20841 20840 20839 20838 20837 20836 20835 20834 20833 20832 20831 20830 20829 20828 20827 20826 20825 20824 20823 20822 20821 20820 20819 20818 20817 20816 20815 20814 20813 20812 20811 20810 20809 20808 20807 20806 20805 20804 20803 20802 20801 20800 20799 20798 20797 20796 20795 20794 20793 20792 20791 20790 20789 20788 20787 20786 20785 20784 20783 20782 20781 20780 20779 20778 20777 20776 20775 20774 20773 20772 20771 20770 20769 20768 20767 20766 20765 20764 20763 20762 20761 20760 20759 20758 20757 20756 20755 20754 20753 20752 20751 20750 20749 20748 20747 20746 20745 20744 20743 20742 20741 20740 20739 20738 20737 20736 20735 20734 20733 20732 20731 20730 20729 20728 20727 20726 20725 20724 20723 20722 20721 20720 20719 20718 20717 20716 20715 20714 20713 20712 20711 20710 20709 20708 20707 20706 20705 20704 20703 20702 20701 20700 20699 20698 20697 20696 20695 20694 20693 20692 20691 20690 20689 20688 20687 20686 20685 20684 20683 20682 20681 20680 20679 20678 20677 20676 20675 20674 20673 20672 20671 20670 20669 20668 20667 20666 20665 20664 20663 20662 20661 20660 20659 20658 20657 20656 20655 20654 20653 20652 20651 20650 20649 20648 20647 20646 20645 20644 20643 20642 20641 20640 20639 20638 20637 20636 20635 20634 20633 20632 20631 20630 20629 20628 20627 20626 20625 20624 20623 20622 20621 20620 20619 20618 20617 20616 20615 20614 20613 20612 20611 20610 20609 20608 20607 20606 20605 20604 20603 20602 20601 20600 20599 20598 20597 20596 20595 20594 20593 20592 20591 20590 20589 20588 20587 20586 20585 20584 20583 20582 20581 20580 20579 20578 20577 20576 20575 20574 20573 20572 20571 20570 20569 20568 20567 20566 20565 20564 20563 20562 20561 20560 20559 20558 20557 20556 20555 20554 20553 20552 20551 20550 20549 20548 20547 20546 20545 20544 20543 20542 20541 20540 20539 20538 20537 20536 20535 20534 20533 20532 20531 20530 20529 20528 20527 20526 20525 20524 20523 20522 20521 20520 20519 20518 20517 20516 20515 20514 20513 20512 20511 20510 20509 20508 20507 20506 20505 20504 20503 20502 20501 20500 20499 20498 20497 20496 20495 20494 20493 20492 20491 20490 20489 20488 20487 20486 20485 20484 20483 20482 20481 20480 20479 20478 20477 20476 20475 20474 20473 20472 20471 20470 20469 20468 20467 20466 20465 20464 20463 20462 20461 20460 20459 20458 20457 20456 20455 20454 20453 20452 20451 20450 20449 20448 20447 20446 20445 20444 20443 20442 20441 20440 20439 20438 20437 20436 20435 20434 20433 20432 20431 20430 20429 20428 20427 20426 20425 20424 20423 20422 20421 20420 20419 20418 20417 20416 20415 20414 20413 20412 20411 20410 20409 20408 20407 20406 20405 20404 20403 20402 20401 20400 20399 20398 20397 20396 20395 20394 20393 20392 20391 20390 20389 20388 20387 20386 20385 20384 20383 20382 20381 20380 20379 20378 20377 20376 20375 20374 20373 20372 20371 20370 20369 20368 20367 20366 20365 20364 20363 20362 20361 20360 20359 20358 20357 20356 20355 20354 20353 20352 20351 20350 20349 20348 20347 20346 20345 20344 20343 20342 20341 20340 20339 20338 20337 20336 20335 20334 20333 20332 20331 20330 20329 20328 20327 20326 20325 20324 20323 20322 20321 20320 20319 20318 20317 20316 20315 20314 20313 20312 20311 20310 20309 20308 20307 20306 20305 20304 20303 20302 20301 20300 20299 20298 20297 20296 20295 20294 20293 20292 20291 20290 20289 20288 20287 20286 20285 20284 20283 20282 20281 20280 20279 20278 20277 20276 20275 20274 20273 20272 20271 20270 20269 20268 20267 20266 20265 20264 20263 20262 20261 20260 20259 20258 20257 20256 20255 20254 20253 20252 20251 20250 20249 20248 20247 20246 20245 20244 20243 20242 20241 20240 20239 20238 20237 20236 20235 20234 20233 20232 20231 20230 20229 20228 20227 20226 20225 20224 20223 20222 20221 20220 20219 20218 20217 20216 20215 20214 20213 20212 20211 20210 20209 20208 20207 20206 20205 20204 20203 20202 20201 20200 20199 20198 20197 20196 20195 20194 20193 20192 20191 20190 20189 20188 20187 20186 20185 20184 20183 20182 20181 20180 20179 20178 20177 20176 20175 20174 20173 20172 20171 20170 20169 20168 20167 20166 20165 20164 20163 20162 20161 20160 20159 20158 20157 20156 20155 20154 20153 20152 20151 20150 20149 20148 20147 20146 20145 20144 20143 20142 20141 20140 20139 20138 20137 20136 20135 20134 20133 20132 20131 20130 20129 20128 20127 20126 20125 20124 20123 20122 20121 20120 20119 20118 20117 20116 20115 20114 20113 20112 20111 20110 20109 20108 20107 20106 20105 20104 20103 20102 20101 20100 20099 20098 20097 20096 20095 20094 20093 20092 20091 20090 20089 20088 20087 20086 20085 20084 20083 20082 20081 20080 20079 20078 20077 20076 20075 20074 20073 20072 20071 20070 20069 20068 20067 20066 20065 20064 20063 20062 20061 20060 20059 20058 20057 20056 20055 20054 20053 20052 20051 20050 20049 20048 20047 20046 20045 20044 20043 20042 20041 20040 20039 20038 20037 20036 20035 20034 20033 20032 20031 20030 20029 20028 20027 20026 20025 20024 20023 20022 20021 20020 20019 20018 20017 20016 20015 20014 20013 20012 20011 20010 20009 20008 20007 20006 20005 20004 20003 20002 20001 20000 19999 19998 19997 19996 19995 19994 19993 19992 19991 19990 19989 19988 19987 19986 19985 19984 19983 19982 19981 19980 19979 19978 19977 19976 19975 19974 19973 19972 19971 19970 19969 19968 19967 19966 19965 19964 19963 19962 19961 19960 19959 19958 19957 19956 19955 19954 19953 19952 19951 19950 19949 19948 19947 19946 19945 19944 19943 19942 19941 19940 19939 19938 19937 19936 19935 19934 19933 19932 19931 19930 19929 19928 19927 19926 19925 19924 19923 19922 19921 19920 19919 19918 19917 19916 19915 19914 19913 19912 19911 19910 19909 19908 19907 19906 19905 19904 19903 19902 19901 19900 19899 19898 19897 19896 19895 19894 19893 19892 19891 19890 19889 19888 19887 19886 19885 19884 19883 19882 19881 19880 19879 19878 19877 19876 19875 19874 19873 19872 19871 19870 19869 19868 19867 19866 19865 19864 19863 19862 19861 19860 19859 19858 19857 19856 19855 19854 19853 19852 19851 19850 19849 19848 19847 19846 19845 19844 19843 19842 19841 19840 19839 19838 19837 19836 19835 19834 19833 19832 19831 19830 19829 19828 19827 19826 19825 19824 19823 19822 19821 19820 19819 19818 19817 19816 19815 19814 19813 19812 19811 19810 19809 19808 19807 19806 19805 19804 19803 19802 19801 19800 19799 19798 19797 19796 19795 19794 19793 19792 19791 19790 19789 19788 19787 19786 19785 19784 19783 19782 19781 19780 19779 19778 19777 19776 19775 19774 19773 19772 19771 19770 19769 19768 19767 19766 19765 19764 19763 19762 19761 19760 19759 19758 19757 19756 19755 19754 19753 19752 19751 19750 19749 19748 19747 19746 19745 19744 19743 19742 19741 19740 19739 19738 19737 19736 19735 19734 19733 19732 19731 19730 19729 19728 19727 19726 19725 19724 19723 19722 19721 19720 19719 19718 19717 19716 19715 19714 19713 19712 19711 19710 19709 19708 19707 19706 19705 19704 19703 19702 19701 19700 19699 19698 19697 19696 19695 19694 19693 19692 19691 19690 19689 19688 19687 19686 19685 19684 19683 19682 19681 19680 19679 19678 19677 19676 19675 19674 19673 19672 19671 19670 19669 19668 19667 19666 19665 19664 19663 19662 19661 19660 19659 19658 19657 19656 19655 19654 19653 19652 19651 19650 19649 19648 19647 19646 19645 19644 19643 19642 19641 19640 19639 19638 19637 19636 19635 19634 19633 19632 19631 19630 19629 19628 19627 19626 19625 19624 19623 19622 19621 19620 19619 19618 19617 19616 19615 19614 19613 19612 19611 19610 19609 19608 19607 19606 19605 19604 19603 19602 19601 19600 19599 19598 19597 19596 19595 19594 19593 19592 19591 19590 19589 19588 19587 19586 19585 19584 19583 19582 19581 19580 19579 19578 19577 19576 19575 19574 19573 19572 19571 19570 19569 19568 19567 19566 19565 19564 19563 19562 19561 19560 19559 19558 19557 19556 19555 19554 19553 19552 19551 19550 19549 19548 19547 19546 19545 19544 19543 19542 19541 19540 19539 19538 19537 19536 19535 19534 19533 19532 19531 19530 19529 19528 19527 19526 19525 19524 19523 19522 19521 19520 19519 19518 19517 19516 19515 19514 19513 19512 19511 19510 19509 19508 19507 19506 19505 19504 19503 19502 19501 19500 19499 19498 19497 19496 19495 19494 19493 19492 19491 19490 19489 19488 19487 19486 19485 19484 19483 19482 19481 19480 19479 19478 19477 19476 19475 19474 19473 19472 19471 19470 19469 19468 19467 19466 19465 19464 19463 19462 19461 19460 19459 19458 19457 19456 19455 19454 19453 19452 19451 19450 19449 19448 19447 19446 19445 19444 19443 19442 19441 19440 19439 19438 19437 19436 19435 19434 19433 19432 19431 19430 19429 19428 19427 19426 19425 19424 19423 19422 19421 19420 19419 19418 19417 19416 19415 19414 19413 19412 19411 19410 19409 19408 19407 19406 19405 19404 19403 19402 19401 19400 19399 19398 19397 19396 19395 19394 19393 19392 19391 19390 19389 19388 19387 19386 19385 19384 19383 19382 19381 19380 19379 19378 19377 19376 19375 19374 19373 19372 19371 19370 19369 19368 19367 19366 19365 19364 19363 19362 19361 19360 19359 19358 19357 19356 19355 19354 19353 19352 19351 19350 19349 19348 19347 19346 19345 19344 19343 19342 19341 19340 19339 19338 19337 19336 19335 19334 19333 19332 19331 19330 19329 19328 19327 19326 19325 19324 19323 19322 19321 19320 19319 19318 19317 19316 19315 19314 19313 19312 19311 19310 19309 19308 19307 19306 19305 19304 19303 19302 19301 19300 19299 19298 19297 19296 19295 19294 19293 19292 19291 19290 19289 19288 19287 19286 19285 19284 19283 19282 19281 19280 19279 19278 19277 19276 19275 19274 19273 19272 19271 19270 19269 19268 19267 19266 19265 19264 19263 19262 19261 19260 19259 19258 19257 19256 19255 19254 19253 19252 19251 19250 19249 19248 19247 19246 19245 19244 19243 19242 19241 19240 19239 19238 19237 19236 19235 19234 19233 19232 19231 19230 19229 19228 19227 19226 19225 19224 19223 19222 19221 19220 19219 19218 19217 19216 19215 19214 19213 19212 19211 19210 19209 19208 19207 19206 19205 19204 19203 19202 19201 19200 19199 19198 19197 19196 19195 19194 19193 19192 19191 19190 19189 19188 19187 19186 19185 19184 19183 19182 19181 19180 19179 19178 19177 19176 19175 19174 19173 19172 19171 19170 19169 19168 19167 19166 19165 19164 19163 19162 19161 19160 19159 19158 19157 19156 19155 19154 19153 19152 19151 19150 19149 19148 19147 19146 19145 19144 19143 19142 19141 19140 19139 19138 19137 19136 19135 19134 19133 19132 19131 19130 19129 19128 19127 19126 19125 19124 19123 19122 19121 19120 19119 19118 19117 19116 19115 19114 19113 19112 19111 19110 19109 19108 19107 19106 19105 19104 19103 19102 19101 19100 19099 19098 19097 19096 19095 19094 19093 19092 19091 19090 19089 19088 19087 19086 19085 19084 19083 19082 19081 19080 19079 19078 19077 19076 19075 19074 19073 19072 19071 19070 19069 19068 19067 19066 19065 19064 19063 19062 19061 19060 19059 19058 19057 19056 19055 19054 19053 19052 19051 19050 19049 19048 19047 19046 19045 19044 19043 19042 19041 19040 19039 19038 19037 19036 19035 19034 19033 19032 19031 19030 19029 19028 19027 19026 19025 19024 19023 19022 19021 19020 19019 19018 19017 19016 19015 19014 19013 19012 19011 19010 19009 19008 19007 19006 19005 19004 19003 19002 19001 19000 18999 18998 18997 18996 18995 18994 18993 18992 18991 18990 18989 18988 18987 18986 18985 18984 18983 18982 18981 18980 18979 18978 18977 18976 18975 18974 18973 18972 18971 18970 18969 18968 18967 18966 18965 18964 18963 18962 18961 18960 18959 18958 18957 18956 18955 18954 18953 18952 18951 18950 18949 18948 18947 18946 18945 18944 18943 18942 18941 18940 18939 18938 18937 18936 18935 18934 18933 18932 18931 18930 18929 18928 18927 18926 18925 18924 18923 18922 18921 18920 18919 18918 18917 18916 18915 18914 18913 18912 18911 18910 18909 18908 18907 18906 18905 18904 18903 18902 18901 18900 18899 18898 18897 18896 18895 18894 18893 18892 18891 18890 18889 18888 18887 18886 18885 18884 18883 18882 18881 18880 18879 18878 18877 18876 18875 18874 18873 18872 18871 18870 18869 18868 18867 18866 18865 18864 18863 18862 18861 18860 18859 18858 18857 18856 18855 18854 18853 18852 18851 18850 18849 18848 18847 18846 18845 18844 18843 18842 18841 18840 18839 18838 18837 18836 18835 18834 18833 18832 18831 18830 18829 18828 18827 18826 18825 18824 18823 18822 18821 18820 18819 18818 18817 18816 18815 18814 18813 18812 18811 18810 18809 18808 18807 18806 18805 18804 18803 18802 18801 18800 18799 18798 18797 18796 18795 18794 18793 18792 18791 18790 18789 18788 18787 18786 18785 18784 18783 18782 18781 18780 18779 18778 18777 18776 18775 18774 18773 18772 18771 18770 18769 18768 18767 18766 18765 18764 18763 18762 18761 18760 18759 18758 18757 18756 18755 18754 18753 18752 18751 18750 18749 18748 18747 18746 18745 18744 18743 18742 18741 18740 18739 18738 18737 18736 18735 18734 18733 18732 18731 18730 18729 18728 18727 18726 18725 18724 18723 18722 18721 18720 18719 18718 18717 18716 18715 18714 18713 18712 18711 18710 18709 18708 18707 18706 18705 18704 18703 18702 18701 18700 18699 18698 18697 18696 18695 18694 18693 18692 18691 18690 18689 18688 18687 18686 18685 18684 18683 18682 18681 18680 18679 18678 18677 18676 18675 18674 18673 18672 18671 18670 18669 18668 18667 18666 18665 18664 18663 18662 18661 18660 18659 18658 18657 18656 18655 18654 18653 18652 18651 18650 18649 18648 18647 18646 18645 18644 18643 18642 18641 18640 18639 18638 18637 18636 18635 18634 18633 18632 18631 18630 18629 18628 18627 18626 18625 18624 18623 18622 18621 18620 18619 18618 18617 18616 18615 18614 18613 18612 18611 18610 18609 18608 18607 18606 18605 18604 18603 18602 18601 18600 18599 18598 18597 18596 18595 18594 18593 18592 18591 18590 18589 18588 18587 18586 18585 18584 18583 18582 18581 18580 18579 18578 18577 18576 18575 18574 18573 18572 18571 18570 18569 18568 18567 18566 18565 18564 18563 18562 18561 18560 18559 18558 18557 18556 18555 18554 18553 18552 18551 18550 18549 18548 18547 18546 18545 18544 18543 18542 18541 18540 18539 18538 18537 18536 18535 18534 18533 18532 18531 18530 18529 18528 18527 18526 18525 18524 18523 18522 18521 18520 18519 18518 18517 18516 18515 18514 18513 18512 18511 18510 18509 18508 18507 18506 18505 18504 18503 18502 18501 18500 18499 18498 18497 18496 18495 18494 18493 18492 18491 18490 18489 18488 18487 18486 18485 18484 18483 18482 18481 18480 18479 18478 18477 18476 18475 18474 18473 18472 18471 18470 18469 18468 18467 18466 18465 18464 18463 18462 18461 18460 18459 18458 18457 18456 18455 18454 18453 18452 18451 18450 18449 18448 18447 18446 18445 18444 18443 18442 18441 18440 18439 18438 18437 18436 18435 18434 18433 18432 18431 18430 18429 18428 18427 18426 18425 18424 18423 18422 18421 18420 18419 18418 18417 18416 18415 18414 18413 18412 18411 18410 18409 18408 18407 18406 18405 18404 18403 18402 18401 18400 18399 18398 18397 18396 18395 18394 18393 18392 18391 18390 18389 18388 18387 18386 18385 18384 18383 18382 18381 18380 18379 18378 18377 18376 18375 18374 18373 18372 18371 18370 18369 18368 18367 18366 18365 18364 18363 18362 18361 18360 18359 18358 18357 18356 18355 18354 18353 18352 18351 18350 18349 18348 18347 18346 18345 18344 18343 18342 18341 18340 18339 18338 18337 18336 18335 18334 18333 18332 18331 18330 18329 18328 18327 18326 18325 18324 18323 18322 18321 18320 18319 18318 18317 18316 18315 18314 18313 18312 18311 18310 18309 18308 18307 18306 18305 18304 18303 18302 18301 18300 18299 18298 18297 18296 18295 18294 18293 18292 18291 18290 18289 18288 18287 18286 18285 18284 18283 18282 18281 18280 18279 18278 18277 18276 18275 18274 18273 18272 18271 18270 18269 18268 18267 18266 18265 18264 18263 18262 18261 18260 18259 18258 18257 18256 18255 18254 18253 18252 18251 18250 18249 18248 18247 18246 18245 18244 18243 18242 18241 18240 18239 18238 18237 18236 18235 18234 18233 18232 18231 18230 18229 18228 18227 18226 18225 18224 18223 18222 18221 18220 18219 18218 18217 18216 18215 18214 18213 18212 18211 18210 18209 18208 18207 18206 18205 18204 18203 18202 18201 18200 18199 18198 18197 18196 18195 18194 18193 18192 18191 18190 18189 18188 18187 18186 18185 18184 18183 18182 18181 18180 18179 18178 18177 18176 18175 18174 18173 18172 18171 18170 18169 18168 18167 18166 18165 18164 18163 18162 18161 18160 18159 18158 18157 18156 18155 18154 18153 18152 18151 18150 18149 18148 18147 18146 18145 18144 18143 18142 18141 18140 18139 18138 18137 18136 18135 18134 18133 18132 18131 18130 18129 18128 18127 18126 18125 18124 18123 18122 18121 18120 18119 18118 18117 18116 18115 18114 18113 18112 18111 18110 18109 18108 18107 18106 18105 18104 18103 18102 18101 18100 18099 18098 18097 18096 18095 18094 18093 18092 18091 18090 18089 18088 18087 18086 18085 18084 18083 18082 18081 18080 18079 18078 18077 18076 18075 18074 18073 18072 18071 18070 18069 18068 18067 18066 18065 18064 18063 18062 18061 18060 18059 18058 18057 18056 18055 18054 18053 18052 18051 18050 18049 18048 18047 18046 18045 18044 18043 18042 18041 18040 18039 18038 18037 18036 18035 18034 18033 18032 18031 18030 18029 18028 18027 18026 18025 18024 18023 18022 18021 18020 18019 18018 18017 18016 18015 18014 18013 18012 18011 18010 18009 18008 18007 18006 18005 18004 18003 18002 18001 18000 17999 17998 17997 17996 17995 17994 17993 17992 17991 17990 17989 17988 17987 17986 17985 17984 17983 17982 17981 17980 17979 17978 17977 17976 17975 17974 17973 17972 17971 17970 17969 17968 17967 17966 17965 17964 17963 17962 17961 17960 17959 17958 17957 17956 17955 17954 17953 17952 17951 17950 17949 17948 17947 17946 17945 17944 17943 17942 17941 17940 17939 17938 17937 17936 17935 17934 17933 17932 17931 17930 17929 17928 17927 17926 17925 17924 17923 17922 17921 17920 17919 17918 17917 17916 17915 17914 17913 17912 17911 17910 17909 17908 17907 17906 17905 17904 17903 17902 17901 17900 17899 17898 17897 17896 17895 17894 17893 17892 17891 17890 17889 17888 17887 17886 17885 17884 17883 17882 17881 17880 17879 17878 17877 17876 17875 17874 17873 17872 17871 17870 17869 17868 17867 17866 17865 17864 17863 17862 17861 17860 17859 17858 17857 17856 17855 17854 17853 17852 17851 17850 17849 17848 17847 17846 17845 17844 17843 17842 17841 17840 17839 17838 17837 17836 17835 17834 17833 17832 17831 17830 17829 17828 17827 17826 17825 17824 17823 17822 17821 17820 17819 17818 17817 17816 17815 17814 17813 17812 17811 17810 17809 17808 17807 17806 17805 17804 17803 17802 17801 17800 17799 17798 17797 17796 17795 17794 17793 17792 17791 17790 17789 17788 17787 17786 17785 17784 17783 17782 17781 17780 17779 17778 17777 17776 17775 17774 17773 17772 17771 17770 17769 17768 17767 17766 17765 17764 17763 17762 17761 17760 17759 17758 17757 17756 17755 17754 17753 17752 17751 17750 17749 17748 17747 17746 17745 17744 17743 17742 17741 17740 17739 17738 17737 17736 17735 17734 17733 17732 17731 17730 17729 17728 17727 17726 17725 17724 17723 17722 17721 17720 17719 17718 17717 17716 17715 17714 17713 17712 17711 17710 17709 17708 17707 17706 17705 17704 17703 17702 17701 17700 17699 17698 17697 17696 17695 17694 17693 17692 17691 17690 17689 17688 17687 17686 17685 17684 17683 17682 17681 17680 17679 17678 17677 17676 17675 17674 17673 17672 17671 17670 17669 17668 17667 17666 17665 17664 17663 17662 17661 17660 17659 17658 17657 17656 17655 17654 17653 17652 17651 17650 17649 17648 17647 17646 17645 17644 17643 17642 17641 17640 17639 17638 17637 17636 17635 17634 17633 17632 17631 17630 17629 17628 17627 17626 17625 17624 17623 17622 17621 17620 17619 17618 17617 17616 17615 17614 17613 17612 17611 17610 17609 17608 17607 17606 17605 17604 17603 17602 17601 17600 17599 17598 17597 17596 17595 17594 17593 17592 17591 17590 17589 17588 17587 17586 17585 17584 17583 17582 17581 17580 17579 17578 17577 17576 17575 17574 17573 17572 17571 17570 17569 17568 17567 17566 17565 17564 17563 17562 17561 17560 17559 17558 17557 17556 17555 17554 17553 17552 17551 17550 17549 17548 17547 17546 17545 17544 17543 17542 17541 17540 17539 17538 17537 17536 17535 17534 17533 17532 17531 17530 17529 17528 17527 17526 17525 17524 17523 17522 17521 17520 17519 17518 17517 17516 17515 17514 17513 17512 17511 17510 17509 17508 17507 17506 17505 17504 17503 17502 17501 17500 17499 17498 17497 17496 17495 17494 17493 17492 17491 17490 17489 17488 17487 17486 17485 17484 17483 17482 17481 17480 17479 17478 17477 17476 17475 17474 17473 17472 17471 17470 17469 17468 17467 17466 17465 17464 17463 17462 17461 17460 17459 17458 17457 17456 17455 17454 17453 17452 17451 17450 17449 17448 17447 17446 17445 17444 17443 17442 17441 17440 17439 17438 17437 17436 17435 17434 17433 17432 17431 17430 17429 17428 17427 17426 17425 17424 17423 17422 17421 17420 17419 17418 17417 17416 17415 17414 17413 17412 17411 17410 17409 17408 17407 17406 17405 17404 17403 17402 17401 17400 17399 17398 17397 17396 17395 17394 17393 17392 17391 17390 17389 17388 17387 17386 17385 17384 17383 17382 17381 17380 17379 17378 17377 17376 17375 17374 17373 17372 17371 17370 17369 17368 17367 17366 17365 17364 17363 17362 17361 17360 17359 17358 17357 17356 17355 17354 17353 17352 17351 17350 17349 17348 17347 17346 17345 17344 17343 17342 17341 17340 17339 17338 17337 17336 17335 17334 17333 17332 17331 17330 17329 17328 17327 17326 17325 17324 17323 17322 17321 17320 17319 17318 17317 17316 17315 17314 17313 17312 17311 17310 17309 17308 17307 17306 17305 17304 17303 17302 17301 17300 17299 17298 17297 17296 17295 17294 17293 17292 17291 17290 17289 17288 17287 17286 17285 17284 17283 17282 17281 17280 17279 17278 17277 17276 17275 17274 17273 17272 17271 17270 17269 17268 17267 17266 17265 17264 17263 17262 17261 17260 17259 17258 17257 17256 17255 17254 17253 17252 17251 17250 17249 17248 17247 17246 17245 17244 17243 17242 17241 17240 17239 17238 17237 17236 17235 17234 17233 17232 17231 17230 17229 17228 17227 17226 17225 17224 17223 17222 17221 17220 17219 17218 17217 17216 17215 17214 17213 17212 17211 17210 17209 17208 17207 17206 17205 17204 17203 17202 17201 17200 17199 17198 17197 17196 17195 17194 17193 17192 17191 17190 17189 17188 17187 17186 17185 17184 17183 17182 17181 17180 17179 17178 17177 17176 17175 17174 17173 17172 17171 17170 17169 17168 17167 17166 17165 17164 17163 17162 17161 17160 17159 17158 17157 17156 17155 17154 17153 17152 17151 17150 17149 17148 17147 17146 17145 17144 17143 17142 17141 17140 17139 17138 17137 17136 17135 17134 17133 17132 17131 17130 17129 17128 17127 17126 17125 17124 17123 17122 17121 17120 17119 17118 17117 17116 17115 17114 17113 17112 17111 17110 17109 17108 17107 17106 17105 17104 17103 17102 17101 17100 17099 17098 17097 17096 17095 17094 17093 17092 17091 17090 17089 17088 17087 17086 17085 17084 17083 17082 17081 17080 17079 17078 17077 17076 17075 17074 17073 17072 17071 17070 17069 17068 17067 17066 17065 17064 17063 17062 17061 17060 17059 17058 17057 17056 17055 17054 17053 17052 17051 17050 17049 17048 17047 17046 17045 17044 17043 17042 17041 17040 17039 17038 17037 17036 17035 17034 17033 17032 17031 17030 17029 17028 17027 17026 17025 17024 17023 17022 17021 17020 17019 17018 17017 17016 17015 17014 17013 17012 17011 17010 17009 17008 17007 17006 17005 17004 17003 17002 17001 17000 16999 16998 16997 16996 16995 16994 16993 16992 16991 16990 16989 16988 16987 16986 16985 16984 16983 16982 16981 16980 16979 16978 16977 16976 16975 16974 16973 16972 16971 16970 16969 16968 16967 16966 16965 16964 16963 16962 16961 16960 16959 16958 16957 16956 16955 16954 16953 16952 16951 16950 16949 16948 16947 16946 16945 16944 16943 16942 16941 16940 16939 16938 16937 16936 16935 16934 16933 16932 16931 16930 16929 16928 16927 16926 16925 16924 16923 16922 16921 16920 16919 16918 16917 16916 16915 16914 16913 16912 16911 16910 16909 16908 16907 16906 16905 16904 16903 16902 16901 16900 16899 16898 16897 16896 16895 16894 16893 16892 16891 16890 16889 16888 16887 16886 16885 16884 16883 16882 16881 16880 16879 16878 16877 16876 16875 16874 16873 16872 16871 16870 16869 16868 16867 16866 16865 16864 16863 16862 16861 16860 16859 16858 16857 16856 16855 16854 16853 16852 16851 16850 16849 16848 16847 16846 16845 16844 16843 16842 16841 16840 16839 16838 16837 16836 16835 16834 16833 16832 16831 16830 16829 16828 16827 16826 16825 16824 16823 16822 16821 16820 16819 16818 16817 16816 16815 16814 16813 16812 16811 16810 16809 16808 16807 16806 16805 16804 16803 16802 16801 16800 16799 16798 16797 16796 16795 16794 16793 16792 16791 16790 16789 16788 16787 16786 16785 16784 16783 16782 16781 16780 16779 16778 16777 16776 16775 16774 16773 16772 16771 16770 16769 16768 16767 16766 16765 16764 16763 16762 16761 16760 16759 16758 16757 16756 16755 16754 16753 16752 16751 16750 16749 16748 16747 16746 16745 16744 16743 16742 16741 16740 16739 16738 16737 16736 16735 16734 16733 16732 16731 16730 16729 16728 16727 16726 16725 16724 16723 16722 16721 16720 16719 16718 16717 16716 16715 16714 16713 16712 16711 16710 16709 16708 16707 16706 16705 16704 16703 16702 16701 16700 16699 16698 16697 16696 16695 16694 16693 16692 16691 16690 16689 16688 16687 16686 16685 16684 16683 16682 16681 16680 16679 16678 16677 16676 16675 16674 16673 16672 16671 16670 16669 16668 16667 16666 16665 16664 16663 16662 16661 16660 16659 16658 16657 16656 16655 16654 16653 16652 16651 16650 16649 16648 16647 16646 16645 16644 16643 16642 16641 16640 16639 16638 16637 16636 16635 16634 16633 16632 16631 16630 16629 16628 16627 16626 16625 16624 16623 16622 16621 16620 16619 16618 16617 16616 16615 16614 16613 16612 16611 16610 16609 16608 16607 16606 16605 16604 16603 16602 16601 16600 16599 16598 16597 16596 16595 16594 16593 16592 16591 16590 16589 16588 16587 16586 16585 16584 16583 16582 16581 16580 16579 16578 16577 16576 16575 16574 16573 16572 16571 16570 16569 16568 16567 16566 16565 16564 16563 16562 16561 16560 16559 16558 16557 16556 16555 16554 16553 16552 16551 16550 16549 16548 16547 16546 16545 16544 16543 16542 16541 16540 16539 16538 16537 16536 16535 16534 16533 16532 16531 16530 16529 16528 16527 16526 16525 16524 16523 16522 16521 16520 16519 16518 16517 16516 16515 16514 16513 16512 16511 16510 16509 16508 16507 16506 16505 16504 16503 16502 16501 16500 16499 16498 16497 16496 16495 16494 16493 16492 16491 16490 16489 16488 16487 16486 16485 16484 16483 16482 16481 16480 16479 16478 16477 16476 16475 16474 16473 16472 16471 16470 16469 16468 16467 16466 16465 16464 16463 16462 16461 16460 16459 16458 16457 16456 16455 16454 16453 16452 16451 16450 16449 16448 16447 16446 16445 16444 16443 16442 16441 16440 16439 16438 16437 16436 16435 16434 16433 16432 16431 16430 16429 16428 16427 16426 16425 16424 16423 16422 16421 16420 16419 16418 16417 16416 16415 16414 16413 16412 16411 16410 16409 16408 16407 16406 16405 16404 16403 16402 16401 16400 16399 16398 16397 16396 16395 16394 16393 16392 16391 16390 16389 16388 16387 16386 16385 16384 16383 16382 16381 16380 16379 16378 16377 16376 16375 16374 16373 16372 16371 16370 16369 16368 16367 16366 16365 16364 16363 16362 16361 16360 16359 16358 16357 16356 16355 16354 16353 16352 16351 16350 16349 16348 16347 16346 16345 16344 16343 16342 16341 16340 16339 16338 16337 16336 16335 16334 16333 16332 16331 16330 16329 16328 16327 16326 16325 16324 16323 16322 16321 16320 16319 16318 16317 16316 16315 16314 16313 16312 16311 16310 16309 16308 16307 16306 16305 16304 16303 16302 16301 16300 16299 16298 16297 16296 16295 16294 16293 16292 16291 16290 16289 16288 16287 16286 16285 16284 16283 16282 16281 16280 16279 16278 16277 16276 16275 16274 16273 16272 16271 16270 16269 16268 16267 16266 16265 16264 16263 16262 16261 16260 16259 16258 16257 16256 16255 16254 16253 16252 16251 16250 16249 16248 16247 16246 16245 16244 16243 16242 16241 16240 16239 16238 16237 16236 16235 16234 16233 16232 16231 16230 16229 16228 16227 16226 16225 16224 16223 16222 16221 16220 16219 16218 16217 16216 16215 16214 16213 16212 16211 16210 16209 16208 16207 16206 16205 16204 16203 16202 16201 16200 16199 16198 16197 16196 16195 16194 16193 16192 16191 16190 16189 16188 16187 16186 16185 16184 16183 16182 16181 16180 16179 16178 16177 16176 16175 16174 16173 16172 16171 16170 16169 16168 16167 16166 16165 16164 16163 16162 16161 16160 16159 16158 16157 16156 16155 16154 16153 16152 16151 16150 16149 16148 16147 16146 16145 16144 16143 16142 16141 16140 16139 16138 16137 16136 16135 16134 16133 16132 16131 16130 16129 16128 16127 16126 16125 16124 16123 16122 16121 16120 16119 16118 16117 16116 16115 16114 16113 16112 16111 16110 16109 16108 16107 16106 16105 16104 16103 16102 16101 16100 16099 16098 16097 16096 16095 16094 16093 16092 16091 16090 16089 16088 16087 16086 16085 16084 16083 16082 16081 16080 16079 16078 16077 16076 16075 16074 16073 16072 16071 16070 16069 16068 16067 16066 16065 16064 16063 16062 16061 16060 16059 16058 16057 16056 16055 16054 16053 16052 16051 16050 16049 16048 16047 16046 16045 16044 16043 16042 16041 16040 16039 16038 16037 16036 16035 16034 16033 16032 16031 16030 16029 16028 16027 16026 16025 16024 16023 16022 16021 16020 16019 16018 16017 16016 16015 16014 16013 16012 16011 16010 16009 16008 16007 16006 16005 16004 16003 16002 16001 16000 15999 15998 15997 15996 15995 15994 15993 15992 15991 15990 15989 15988 15987 15986 15985 15984 15983 15982 15981 15980 15979 15978 15977 15976 15975 15974 15973 15972 15971 15970 15969 15968 15967 15966 15965 15964 15963 15962 15961 15960 15959 15958 15957 15956 15955 15954 15953 15952 15951 15950 15949 15948 15947 15946 15945 15944 15943 15942 15941 15940 15939 15938 15937 15936 15935 15934 15933 15932 15931 15930 15929 15928 15927 15926 15925 15924 15923 15922 15921 15920 15919 15918 15917 15916 15915 15914 15913 15912 15911 15910 15909 15908 15907 15906 15905 15904 15903 15902 15901 15900 15899 15898 15897 15896 15895 15894 15893 15892 15891 15890 15889 15888 15887 15886 15885 15884 15883 15882 15881 15880 15879 15878 15877 15876 15875 15874 15873 15872 15871 15870 15869 15868 15867 15866 15865 15864 15863 15862 15861 15860 15859 15858 15857 15856 15855 15854 15853 15852 15851 15850 15849 15848 15847 15846 15845 15844 15843 15842 15841 15840 15839 15838 15837 15836 15835 15834 15833 15832 15831 15830 15829 15828 15827 15826 15825 15824 15823 15822 15821 15820 15819 15818 15817 15816 15815 15814 15813 15812 15811 15810 15809 15808 15807 15806 15805 15804 15803 15802 15801 15800 15799 15798 15797 15796 15795 15794 15793 15792 15791 15790 15789 15788 15787 15786 15785 15784 15783 15782 15781 15780 15779 15778 15777 15776 15775 15774 15773 15772 15771 15770 15769 15768 15767 15766 15765 15764 15763 15762 15761 15760 15759 15758 15757 15756 15755 15754 15753 15752 15751 15750 15749 15748 15747 15746 15745 15744 15743 15742 15741 15740 15739 15738 15737 15736 15735 15734 15733 15732 15731 15730 15729 15728 15727 15726 15725 15724 15723 15722 15721 15720 15719 15718 15717 15716 15715 15714 15713 15712 15711 15710 15709 15708 15707 15706 15705 15704 15703 15702 15701 15700 15699 15698 15697 15696 15695 15694 15693 15692 15691 15690 15689 15688 15687 15686 15685 15684 15683 15682 15681 15680 15679 15678 15677 15676 15675 15674 15673 15672 15671 15670 15669 15668 15667 15666 15665 15664 15663 15662 15661 15660 15659 15658 15657 15656 15655 15654 15653 15652 15651 15650 15649 15648 15647 15646 15645 15644 15643 15642 15641 15640 15639 15638 15637 15636 15635 15634 15633 15632 15631 15630 15629 15628 15627 15626 15625 15624 15623 15622 15621 15620 15619 15618 15617 15616 15615 15614 15613 15612 15611 15610 15609 15608 15607 15606 15605 15604 15603 15602 15601 15600 15599 15598 15597 15596 15595 15594 15593 15592 15591 15590 15589 15588 15587 15586 15585 15584 15583 15582 15581 15580 15579 15578 15577 15576 15575 15574 15573 15572 15571 15570 15569 15568 15567 15566 15565 15564 15563 15562 15561 15560 15559 15558 15557 15556 15555 15554 15553 15552 15551 15550 15549 15548 15547 15546 15545 15544 15543 15542 15541 15540 15539 15538 15537 15536 15535 15534 15533 15532 15531 15530 15529 15528 15527 15526 15525 15524 15523 15522 15521 15520 15519 15518 15517 15516 15515 15514 15513 15512 15511 15510 15509 15508 15507 15506 15505 15504 15503 15502 15501 15500 15499 15498 15497 15496 15495 15494 15493 15492 15491 15490 15489 15488 15487 15486 15485 15484 15483 15482 15481 15480 15479 15478 15477 15476 15475 15474 15473 15472 15471 15470 15469 15468 15467 15466 15465 15464 15463 15462 15461 15460 15459 15458 15457 15456 15455 15454 15453 15452 15451 15450 15449 15448 15447 15446 15445 15444 15443 15442 15441 15440 15439 15438 15437 15436 15435 15434 15433 15432 15431 15430 15429 15428 15427 15426 15425 15424 15423 15422 15421 15420 15419 15418 15417 15416 15415 15414 15413 15412 15411 15410 15409 15408 15407 15406 15405 15404 15403 15402 15401 15400 15399 15398 15397 15396 15395 15394 15393 15392 15391 15390 15389 15388 15387 15386 15385 15384 15383 15382 15381 15380 15379 15378 15377 15376 15375 15374 15373 15372 15371 15370 15369 15368 15367 15366 15365 15364 15363 15362 15361 15360 15359 15358 15357 15356 15355 15354 15353 15352 15351 15350 15349 15348 15347 15346 15345 15344 15343 15342 15341 15340 15339 15338 15337 15336 15335 15334 15333 15332 15331 15330 15329 15328 15327 15326 15325 15324 15323 15322 15321 15320 15319 15318 15317 15316 15315 15314 15313 15312 15311 15310 15309 15308 15307 15306 15305 15304 15303 15302 15301 15300 15299 15298 15297 15296 15295 15294 15293 15292 15291 15290 15289 15288 15287 15286 15285 15284 15283 15282 15281 15280 15279 15278 15277 15276 15275 15274 15273 15272 15271 15270 15269 15268 15267 15266 15265 15264 15263 15262 15261 15260 15259 15258 15257 15256 15255 15254 15253 15252 15251 15250 15249 15248 15247 15246 15245 15244 15243 15242 15241 15240 15239 15238 15237 15236 15235 15234 15233 15232 15231 15230 15229 15228 15227 15226 15225 15224 15223 15222 15221 15220 15219 15218 15217 15216 15215 15214 15213 15212 15211 15210 15209 15208 15207 15206 15205 15204 15203 15202 15201 15200 15199 15198 15197 15196 15195 15194 15193 15192 15191 15190 15189 15188 15187 15186 15185 15184 15183 15182 15181 15180 15179 15178 15177 15176 15175 15174 15173 15172 15171 15170 15169 15168 15167 15166 15165 15164 15163 15162 15161 15160 15159 15158 15157 15156 15155 15154 15153 15152 15151 15150 15149 15148 15147 15146 15145 15144 15143 15142 15141 15140 15139 15138 15137 15136 15135 15134 15133 15132 15131 15130 15129 15128 15127 15126 15125 15124 15123 15122 15121 15120 15119 15118 15117 15116 15115 15114 15113 15112 15111 15110 15109 15108 15107 15106 15105 15104 15103 15102 15101 15100 15099 15098 15097 15096 15095 15094 15093 15092 15091 15090 15089 15088 15087 15086 15085 15084 15083 15082 15081 15080 15079 15078 15077 15076 15075 15074 15073 15072 15071 15070 15069 15068 15067 15066 15065 15064 15063 15062 15061 15060 15059 15058 15057 15056 15055 15054 15053 15052 15051 15050 15049 15048 15047 15046 15045 15044 15043 15042 15041 15040 15039 15038 15037 15036 15035 15034 15033 15032 15031 15030 15029 15028 15027 15026 15025 15024 15023 15022 15021 15020 15019 15018 15017 15016 15015 15014 15013 15012 15011 15010 15009 15008 15007 15006 15005 15004 15003 15002 15001 15000 14999 14998 14997 14996 14995 14994 14993 14992 14991 14990 14989 14988 14987 14986 14985 14984 14983 14982 14981 14980 14979 14978 14977 14976 14975 14974 14973 14972 14971 14970 14969 14968 14967 14966 14965 14964 14963 14962 14961 14960 14959 14958 14957 14956 14955 14954 14953 14952 14951 14950 14949 14948 14947 14946 14945 14944 14943 14942 14941 14940 14939 14938 14937 14936 14935 14934 14933 14932 14931 14930 14929 14928 14927 14926 14925 14924 14923 14922 14921 14920 14919 14918 14917 14916 14915 14914 14913 14912 14911 14910 14909 14908 14907 14906 14905 14904 14903 14902 14901 14900 14899 14898 14897 14896 14895 14894 14893 14892 14891 14890 14889 14888 14887 14886 14885 14884 14883 14882 14881 14880 14879 14878 14877 14876 14875 14874 14873 14872 14871 14870 14869 14868 14867 14866 14865 14864 14863 14862 14861 14860 14859 14858 14857 14856 14855 14854 14853 14852 14851 14850 14849 14848 14847 14846 14845 14844 14843 14842 14841 14840 14839 14838 14837 14836 14835 14834 14833 14832 14831 14830 14829 14828 14827 14826 14825 14824 14823 14822 14821 14820 14819 14818 14817 14816 14815 14814 14813 14812 14811 14810 14809 14808 14807 14806 14805 14804 14803 14802 14801 14800 14799 14798 14797 14796 14795 14794 14793 14792 14791 14790 14789 14788 14787 14786 14785 14784 14783 14782 14781 14780 14779 14778 14777 14776 14775 14774 14773 14772 14771 14770 14769 14768 14767 14766 14765 14764 14763 14762 14761 14760 14759 14758 14757 14756 14755 14754 14753 14752 14751 14750 14749 14748 14747 14746 14745 14744 14743 14742 14741 14740 14739 14738 14737 14736 14735 14734 14733 14732 14731 14730 14729 14728 14727 14726 14725 14724 14723 14722 14721 14720 14719 14718 14717 14716 14715 14714 14713 14712 14711 14710 14709 14708 14707 14706 14705 14704 14703 14702 14701 14700 14699 14698 14697 14696 14695 14694 14693 14692 14691 14690 14689 14688 14687 14686 14685 14684 14683 14682 14681 14680 14679 14678 14677 14676 14675 14674 14673 14672 14671 14670 14669 14668 14667 14666 14665 14664 14663 14662 14661 14660 14659 14658 14657 14656 14655 14654 14653 14652 14651 14650 14649 14648 14647 14646 14645 14644 14643 14642 14641 14640 14639 14638 14637 14636 14635 14634 14633 14632 14631 14630 14629 14628 14627 14626 14625 14624 14623 14622 14621 14620 14619 14618 14617 14616 14615 14614 14613 14612 14611 14610 14609 14608 14607 14606 14605 14604 14603 14602 14601 14600 14599 14598 14597 14596 14595 14594 14593 14592 14591 14590 14589 14588 14587 14586 14585 14584 14583 14582 14581 14580 14579 14578 14577 14576 14575 14574 14573 14572 14571 14570 14569 14568 14567 14566 14565 14564 14563 14562 14561 14560 14559 14558 14557 14556 14555 14554 14553 14552 14551 14550 14549 14548 14547 14546 14545 14544 14543 14542 14541 14540 14539 14538 14537 14536 14535 14534 14533 14532 14531 14530 14529 14528 14527 14526 14525 14524 14523 14522 14521 14520 14519 14518 14517 14516 14515 14514 14513 14512 14511 14510 14509 14508 14507 14506 14505 14504 14503 14502 14501 14500 14499 14498 14497 14496 14495 14494 14493 14492 14491 14490 14489 14488 14487 14486 14485 14484 14483 14482 14481 14480 14479 14478 14477 14476 14475 14474 14473 14472 14471 14470 14469 14468 14467 14466 14465 14464 14463 14462 14461 14460 14459 14458 14457 14456 14455 14454 14453 14452 14451 14450 14449 14448 14447 14446 14445 14444 14443 14442 14441 14440 14439 14438 14437 14436 14435 14434 14433 14432 14431 14430 14429 14428 14427 14426 14425 14424 14423 14422 14421 14420 14419 14418 14417 14416 14415 14414 14413 14412 14411 14410 14409 14408 14407 14406 14405 14404 14403 14402 14401 14400 14399 14398 14397 14396 14395 14394 14393 14392 14391 14390 14389 14388 14387 14386 14385 14384 14383 14382 14381 14380 14379 14378 14377 14376 14375 14374 14373 14372 14371 14370 14369 14368 14367 14366 14365 14364 14363 14362 14361 14360 14359 14358 14357 14356 14355 14354 14353 14352 14351 14350 14349 14348 14347 14346 14345 14344 14343 14342 14341 14340 14339 14338 14337 14336 14335 14334 14333 14332 14331 14330 14329 14328 14327 14326 14325 14324 14323 14322 14321 14320 14319 14318 14317 14316 14315 14314 14313 14312 14311 14310 14309 14308 14307 14306 14305 14304 14303 14302 14301 14300 14299 14298 14297 14296 14295 14294 14293 14292 14291 14290 14289 14288 14287 14286 14285 14284 14283 14282 14281 14280 14279 14278 14277 14276 14275 14274 14273 14272 14271 14270 14269 14268 14267 14266 14265 14264 14263 14262 14261 14260 14259 14258 14257 14256 14255 14254 14253 14252 14251 14250 14249 14248 14247 14246 14245 14244 14243 14242 14241 14240 14239 14238 14237 14236 14235 14234 14233 14232 14231 14230 14229 14228 14227 14226 14225 14224 14223 14222 14221 14220 14219 14218 14217 14216 14215 14214 14213 14212 14211 14210 14209 14208 14207 14206 14205 14204 14203 14202 14201 14200 14199 14198 14197 14196 14195 14194 14193 14192 14191 14190 14189 14188 14187 14186 14185 14184 14183 14182 14181 14180 14179 14178 14177 14176 14175 14174 14173 14172 14171 14170 14169 14168 14167 14166 14165 14164 14163 14162 14161 14160 14159 14158 14157 14156 14155 14154 14153 14152 14151 14150 14149 14148 14147 14146 14145 14144 14143 14142 14141 14140 14139 14138 14137 14136 14135 14134 14133 14132 14131 14130 14129 14128 14127 14126 14125 14124 14123 14122 14121 14120 14119 14118 14117 14116 14115 14114 14113 14112 14111 14110 14109 14108 14107 14106 14105 14104 14103 14102 14101 14100 14099 14098 14097 14096 14095 14094 14093 14092 14091 14090 14089 14088 14087 14086 14085 14084 14083 14082 14081 14080 14079 14078 14077 14076 14075 14074 14073 14072 14071 14070 14069 14068 14067 14066 14065 14064 14063 14062 14061 14060 14059 14058 14057 14056 14055 14054 14053 14052 14051 14050 14049 14048 14047 14046 14045 14044 14043 14042 14041 14040 14039 14038 14037 14036 14035 14034 14033 14032 14031 14030 14029 14028 14027 14026 14025 14024 14023 14022 14021 14020 14019 14018 14017 14016 14015 14014 14013 14012 14011 14010 14009 14008 14007 14006 14005 14004 14003 14002 14001 14000 13999 13998 13997 13996 13995 13994 13993 13992 13991 13990 13989 13988 13987 13986 13985 13984 13983 13982 13981 13980 13979 13978 13977 13976 13975 13974 13973 13972 13971 13970 13969 13968 13967 13966 13965 13964 13963 13962 13961 13960 13959 13958 13957 13956 13955 13954 13953 13952 13951 13950 13949 13948 13947 13946 13945 13944 13943 13942 13941 13940 13939 13938 13937 13936 13935 13934 13933 13932 13931 13930 13929 13928 13927 13926 13925 13924 13923 13922 13921 13920 13919 13918 13917 13916 13915 13914 13913 13912 13911 13910 13909 13908 13907 13906 13905 13904 13903 13902 13901 13900 13899 13898 13897 13896 13895 13894 13893 13892 13891 13890 13889 13888 13887 13886 13885 13884 13883 13882 13881 13880 13879 13878 13877 13876 13875 13874 13873 13872 13871 13870 13869 13868 13867 13866 13865 13864 13863 13862 13861 13860 13859 13858 13857 13856 13855 13854 13853 13852 13851 13850 13849 13848 13847 13846 13845 13844 13843 13842 13841 13840 13839 13838 13837 13836 13835 13834 13833 13832 13831 13830 13829 13828 13827 13826 13825 13824 13823 13822 13821 13820 13819 13818 13817 13816 13815 13814 13813 13812 13811 13810 13809 13808 13807 13806 13805 13804 13803 13802 13801 13800 13799 13798 13797 13796 13795 13794 13793 13792 13791 13790 13789 13788 13787 13786 13785 13784 13783 13782 13781 13780 13779 13778 13777 13776 13775 13774 13773 13772 13771 13770 13769 13768 13767 13766 13765 13764 13763 13762 13761 13760 13759 13758 13757 13756 13755 13754 13753 13752 13751 13750 13749 13748 13747 13746 13745 13744 13743 13742 13741 13740 13739 13738 13737 13736 13735 13734 13733 13732 13731 13730 13729 13728 13727 13726 13725 13724 13723 13722 13721 13720 13719 13718 13717 13716 13715 13714 13713 13712 13711 13710 13709 13708 13707 13706 13705 13704 13703 13702 13701 13700 13699 13698 13697 13696 13695 13694 13693 13692 13691 13690 13689 13688 13687 13686 13685 13684 13683 13682 13681 13680 13679 13678 13677 13676 13675 13674 13673 13672 13671 13670 13669 13668 13667 13666 13665 13664 13663 13662 13661 13660 13659 13658 13657 13656 13655 13654 13653 13652 13651 13650 13649 13648 13647 13646 13645 13644 13643 13642 13641 13640 13639 13638 13637 13636 13635 13634 13633 13632 13631 13630 13629 13628 13627 13626 13625 13624 13623 13622 13621 13620 13619 13618 13617 13616 13615 13614 13613 13612 13611 13610 13609 13608 13607 13606 13605 13604 13603 13602 13601 13600 13599 13598 13597 13596 13595 13594 13593 13592 13591 13590 13589 13588 13587 13586 13585 13584 13583 13582 13581 13580 13579 13578 13577 13576 13575 13574 13573 13572 13571 13570 13569 13568 13567 13566 13565 13564 13563 13562 13561 13560 13559 13558 13557 13556 13555 13554 13553 13552 13551 13550 13549 13548 13547 13546 13545 13544 13543 13542 13541 13540 13539 13538 13537 13536 13535 13534 13533 13532 13531 13530 13529 13528 13527 13526 13525 13524 13523 13522 13521 13520 13519 13518 13517 13516 13515 13514 13513 13512 13511 13510 13509 13508 13507 13506 13505 13504 13503 13502 13501 13500 13499 13498 13497 13496 13495 13494 13493 13492 13491 13490 13489 13488 13487 13486 13485 13484 13483 13482 13481 13480 13479 13478 13477 13476 13475 13474 13473 13472 13471 13470 13469 13468 13467 13466 13465 13464 13463 13462 13461 13460 13459 13458 13457 13456 13455 13454 13453 13452 13451 13450 13449 13448 13447 13446 13445 13444 13443 13442 13441 13440 13439 13438 13437 13436 13435 13434 13433 13432 13431 13430 13429 13428 13427 13426 13425 13424 13423 13422 13421 13420 13419 13418 13417 13416 13415 13414 13413 13412 13411 13410 13409 13408 13407 13406 13405 13404 13403 13402 13401 13400 13399 13398 13397 13396 13395 13394 13393 13392 13391 13390 13389 13388 13387 13386 13385 13384 13383 13382 13381 13380 13379 13378 13377 13376 13375 13374 13373 13372 13371 13370 13369 13368 13367 13366 13365 13364 13363 13362 13361 13360 13359 13358 13357 13356 13355 13354 13353 13352 13351 13350 13349 13348 13347 13346 13345 13344 13343 13342 13341 13340 13339 13338 13337 13336 13335 13334 13333 13332 13331 13330 13329 13328 13327 13326 13325 13324 13323 13322 13321 13320 13319 13318 13317 13316 13315 13314 13313 13312 13311 13310 13309 13308 13307 13306 13305 13304 13303 13302 13301 13300 13299 13298 13297 13296 13295 13294 13293 13292 13291 13290 13289 13288 13287 13286 13285 13284 13283 13282 13281 13280 13279 13278 13277 13276 13275 13274 13273 13272 13271 13270 13269 13268 13267 13266 13265 13264 13263 13262 13261 13260 13259 13258 13257 13256 13255 13254 13253 13252 13251 13250 13249 13248 13247 13246 13245 13244 13243 13242 13241 13240 13239 13238 13237 13236 13235 13234 13233 13232 13231 13230 13229 13228 13227 13226 13225 13224 13223 13222 13221 13220 13219 13218 13217 13216 13215 13214 13213 13212 13211 13210 13209 13208 13207 13206 13205 13204 13203 13202 13201 13200 13199 13198 13197 13196 13195 13194 13193 13192 13191 13190 13189 13188 13187 13186 13185 13184 13183 13182 13181 13180 13179 13178 13177 13176 13175 13174 13173 13172 13171 13170 13169 13168 13167 13166 13165 13164 13163 13162 13161 13160 13159 13158 13157 13156 13155 13154 13153 13152 13151 13150 13149 13148 13147 13146 13145 13144 13143 13142 13141 13140 13139 13138 13137 13136 13135 13134 13133 13132 13131 13130 13129 13128 13127 13126 13125 13124 13123 13122 13121 13120 13119 13118 13117 13116 13115 13114 13113 13112 13111 13110 13109 13108 13107 13106 13105 13104 13103 13102 13101 13100 13099 13098 13097 13096 13095 13094 13093 13092 13091 13090 13089 13088 13087 13086 13085 13084 13083 13082 13081 13080 13079 13078 13077 13076 13075 13074 13073 13072 13071 13070 13069 13068 13067 13066 13065 13064 13063 13062 13061 13060 13059 13058 13057 13056 13055 13054 13053 13052 13051 13050 13049 13048 13047 13046 13045 13044 13043 13042 13041 13040 13039 13038 13037 13036 13035 13034 13033 13032 13031 13030 13029 13028 13027 13026 13025 13024 13023 13022 13021 13020 13019 13018 13017 13016 13015 13014 13013 13012 13011 13010 13009 13008 13007 13006 13005 13004 13003 13002 13001 13000 12999 12998 12997 12996 12995 12994 12993 12992 12991 12990 12989 12988 12987 12986 12985 12984 12983 12982 12981 12980 12979 12978 12977 12976 12975 12974 12973 12972 12971 12970 12969 12968 12967 12966 12965 12964 12963 12962 12961 12960 12959 12958 12957 12956 12955 12954 12953 12952 12951 12950 12949 12948 12947 12946 12945 12944 12943 12942 12941 12940 12939 12938 12937 12936 12935 12934 12933 12932 12931 12930 12929 12928 12927 12926 12925 12924 12923 12922 12921 12920 12919 12918 12917 12916 12915 12914 12913 12912 12911 12910 12909 12908 12907 12906 12905 12904 12903 12902 12901 12900 12899 12898 12897 12896 12895 12894 12893 12892 12891 12890 12889 12888 12887 12886 12885 12884 12883 12882 12881 12880 12879 12878 12877 12876 12875 12874 12873 12872 12871 12870 12869 12868 12867 12866 12865 12864 12863 12862 12861 12860 12859 12858 12857 12856 12855 12854 12853 12852 12851 12850 12849 12848 12847 12846 12845 12844 12843 12842 12841 12840 12839 12838 12837 12836 12835 12834 12833 12832 12831 12830 12829 12828 12827 12826 12825 12824 12823 12822 12821 12820 12819 12818 12817 12816 12815 12814 12813 12812 12811 12810 12809 12808 12807 12806 12805 12804 12803 12802 12801 12800 12799 12798 12797 12796 12795 12794 12793 12792 12791 12790 12789 12788 12787 12786 12785 12784 12783 12782 12781 12780 12779 12778 12777 12776 12775 12774 12773 12772 12771 12770 12769 12768 12767 12766 12765 12764 12763 12762 12761 12760 12759 12758 12757 12756 12755 12754 12753 12752 12751 12750 12749 12748 12747 12746 12745 12744 12743 12742 12741 12740 12739 12738 12737 12736 12735 12734 12733 12732 12731 12730 12729 12728 12727 12726 12725 12724 12723 12722 12721 12720 12719 12718 12717 12716 12715 12714 12713 12712 12711 12710 12709 12708 12707 12706 12705 12704 12703 12702 12701 12700 12699 12698 12697 12696 12695 12694 12693 12692 12691 12690 12689 12688 12687 12686 12685 12684 12683 12682 12681 12680 12679 12678 12677 12676 12675 12674 12673 12672 12671 12670 12669 12668 12667 12666 12665 12664 12663 12662 12661 12660 12659 12658 12657 12656 12655 12654 12653 12652 12651 12650 12649 12648 12647 12646 12645 12644 12643 12642 12641 12640 12639 12638 12637 12636 12635 12634 12633 12632 12631 12630 12629 12628 12627 12626 12625 12624 12623 12622 12621 12620 12619 12618 12617 12616 12615 12614 12613 12612 12611 12610 12609 12608 12607 12606 12605 12604 12603 12602 12601 12600 12599 12598 12597 12596 12595 12594 12593 12592 12591 12590 12589 12588 12587 12586 12585 12584 12583 12582 12581 12580 12579 12578 12577 12576 12575 12574 12573 12572 12571 12570 12569 12568 12567 12566 12565 12564 12563 12562 12561 12560 12559 12558 12557 12556 12555 12554 12553 12552 12551 12550 12549 12548 12547 12546 12545 12544 12543 12542 12541 12540 12539 12538 12537 12536 12535 12534 12533 12532 12531 12530 12529 12528 12527 12526 12525 12524 12523 12522 12521 12520 12519 12518 12517 12516 12515 12514 12513 12512 12511 12510 12509 12508 12507 12506 12505 12504 12503 12502 12501 12500 12499 12498 12497 12496 12495 12494 12493 12492 12491 12490 12489 12488 12487 12486 12485 12484 12483 12482 12481 12480 12479 12478 12477 12476 12475 12474 12473 12472 12471 12470 12469 12468 12467 12466 12465 12464 12463 12462 12461 12460 12459 12458 12457 12456 12455 12454 12453 12452 12451 12450 12449 12448 12447 12446 12445 12444 12443 12442 12441 12440 12439 12438 12437 12436 12435 12434 12433 12432 12431 12430 12429 12428 12427 12426 12425 12424 12423 12422 12421 12420 12419 12418 12417 12416 12415 12414 12413 12412 12411 12410 12409 12408 12407 12406 12405 12404 12403 12402 12401 12400 12399 12398 12397 12396 12395 12394 12393 12392 12391 12390 12389 12388 12387 12386 12385 12384 12383 12382 12381 12380 12379 12378 12377 12376 12375 12374 12373 12372 12371 12370 12369 12368 12367 12366 12365 12364 12363 12362 12361 12360 12359 12358 12357 12356 12355 12354 12353 12352 12351 12350 12349 12348 12347 12346 12345 12344 12343 12342 12341 12340 12339 12338 12337 12336 12335 12334 12333 12332 12331 12330 12329 12328 12327 12326 12325 12324 12323 12322 12321 12320 12319 12318 12317 12316 12315 12314 12313 12312 12311 12310 12309 12308 12307 12306 12305 12304 12303 12302 12301 12300 12299 12298 12297 12296 12295 12294 12293 12292 12291 12290 12289 12288 12287 12286 12285 12284 12283 12282 12281 12280 12279 12278 12277 12276 12275 12274 12273 12272 12271 12270 12269 12268 12267 12266 12265 12264 12263 12262 12261 12260 12259 12258 12257 12256 12255 12254 12253 12252 12251 12250 12249 12248 12247 12246 12245 12244 12243 12242 12241 12240 12239 12238 12237 12236 12235 12234 12233 12232 12231 12230 12229 12228 12227 12226 12225 12224 12223 12222 12221 12220 12219 12218 12217 12216 12215 12214 12213 12212 12211 12210 12209 12208 12207 12206 12205 12204 12203 12202 12201 12200 12199 12198 12197 12196 12195 12194 12193 12192 12191 12190 12189 12188 12187 12186 12185 12184 12183 12182 12181 12180 12179 12178 12177 12176 12175 12174 12173 12172 12171 12170 12169 12168 12167 12166 12165 12164 12163 12162 12161 12160 12159 12158 12157 12156 12155 12154 12153 12152 12151 12150 12149 12148 12147 12146 12145 12144 12143 12142 12141 12140 12139 12138 12137 12136 12135 12134 12133 12132 12131 12130 12129 12128 12127 12126 12125 12124 12123 12122 12121 12120 12119 12118 12117 12116 12115 12114 12113 12112 12111 12110 12109 12108 12107 12106 12105 12104 12103 12102 12101 12100 12099 12098 12097 12096 12095 12094 12093 12092 12091 12090 12089 12088 12087 12086 12085 12084 12083 12082 12081 12080 12079 12078 12077 12076 12075 12074 12073 12072 12071 12070 12069 12068 12067 12066 12065 12064 12063 12062 12061 12060 12059 12058 12057 12056 12055 12054 12053 12052 12051 12050 12049 12048 12047 12046 12045 12044 12043 12042 12041 12040 12039 12038 12037 12036 12035 12034 12033 12032 12031 12030 12029 12028 12027 12026 12025 12024 12023 12022 12021 12020 12019 12018 12017 12016 12015 12014 12013 12012 12011 12010 12009 12008 12007 12006 12005 12004 12003 12002 12001 12000 11999 11998 11997 11996 11995 11994 11993 11992 11991 11990 11989 11988 11987 11986 11985 11984 11983 11982 11981 11980 11979 11978 11977 11976 11975 11974 11973 11972 11971 11970 11969 11968 11967 11966 11965 11964 11963 11962 11961 11960 11959 11958 11957 11956 11955 11954 11953 11952 11951 11950 11949 11948 11947 11946 11945 11944 11943 11942 11941 11940 11939 11938 11937 11936 11935 11934 11933 11932 11931 11930 11929 11928 11927 11926 11925 11924 11923 11922 11921 11920 11919 11918 11917 11916 11915 11914 11913 11912 11911 11910 11909 11908 11907 11906 11905 11904 11903 11902 11901 11900 11899 11898 11897 11896 11895 11894 11893 11892 11891 11890 11889 11888 11887 11886 11885 11884 11883 11882 11881 11880 11879 11878 11877 11876 11875 11874 11873 11872 11871 11870 11869 11868 11867 11866 11865 11864 11863 11862 11861 11860 11859 11858 11857 11856 11855 11854 11853 11852 11851 11850 11849 11848 11847 11846 11845 11844 11843 11842 11841 11840 11839 11838 11837 11836 11835 11834 11833 11832 11831 11830 11829 11828 11827 11826 11825 11824 11823 11822 11821 11820 11819 11818 11817 11816 11815 11814 11813 11812 11811 11810 11809 11808 11807 11806 11805 11804 11803 11802 11801 11800 11799 11798 11797 11796 11795 11794 11793 11792 11791 11790 11789 11788 11787 11786 11785 11784 11783 11782 11781 11780 11779 11778 11777 11776 11775 11774 11773 11772 11771 11770 11769 11768 11767 11766 11765 11764 11763 11762 11761 11760 11759 11758 11757 11756 11755 11754 11753 11752 11751 11750 11749 11748 11747 11746 11745 11744 11743 11742 11741 11740 11739 11738 11737 11736 11735 11734 11733 11732 11731 11730 11729 11728 11727 11726 11725 11724 11723 11722 11721 11720 11719 11718 11717 11716 11715 11714 11713 11712 11711 11710 11709 11708 11707 11706 11705 11704 11703 11702 11701 11700 11699 11698 11697 11696 11695 11694 11693 11692 11691 11690 11689 11688 11687 11686 11685 11684 11683 11682 11681 11680 11679 11678 11677 11676 11675 11674 11673 11672 11671 11670 11669 11668 11667 11666 11665 11664 11663 11662 11661 11660 11659 11658 11657 11656 11655 11654 11653 11652 11651 11650 11649 11648 11647 11646 11645 11644 11643 11642 11641 11640 11639 11638 11637 11636 11635 11634 11633 11632 11631 11630 11629 11628 11627 11626 11625 11624 11623 11622 11621 11620 11619 11618 11617 11616 11615 11614 11613 11612 11611 11610 11609 11608 11607 11606 11605 11604 11603 11602 11601 11600 11599 11598 11597 11596 11595 11594 11593 11592 11591 11590 11589 11588 11587 11586 11585 11584 11583 11582 11581 11580 11579 11578 11577 11576 11575 11574 11573 11572 11571 11570 11569 11568 11567 11566 11565 11564 11563 11562 11561 11560 11559 11558 11557 11556 11555 11554 11553 11552 11551 11550 11549 11548 11547 11546 11545 11544 11543 11542 11541 11540 11539 11538 11537 11536 11535 11534 11533 11532 11531 11530 11529 11528 11527 11526 11525 11524 11523 11522 11521 11520 11519 11518 11517 11516 11515 11514 11513 11512 11511 11510 11509 11508 11507 11506 11505 11504 11503 11502 11501 11500 11499 11498 11497 11496 11495 11494 11493 11492 11491 11490 11489 11488 11487 11486 11485 11484 11483 11482 11481 11480 11479 11478 11477 11476 11475 11474 11473 11472 11471 11470 11469 11468 11467 11466 11465 11464 11463 11462 11461 11460 11459 11458 11457 11456 11455 11454 11453 11452 11451 11450 11449 11448 11447 11446 11445 11444 11443 11442 11441 11440 11439 11438 11437 11436 11435 11434 11433 11432 11431 11430 11429 11428 11427 11426 11425 11424 11423 11422 11421 11420 11419 11418 11417 11416 11415 11414 11413 11412 11411 11410 11409 11408 11407 11406 11405 11404 11403 11402 11401 11400 11399 11398 11397 11396 11395 11394 11393 11392 11391 11390 11389 11388 11387 11386 11385 11384 11383 11382 11381 11380 11379 11378 11377 11376 11375 11374 11373 11372 11371 11370 11369 11368 11367 11366 11365 11364 11363 11362 11361 11360 11359 11358 11357 11356 11355 11354 11353 11352 11351 11350 11349 11348 11347 11346 11345 11344 11343 11342 11341 11340 11339 11338 11337 11336 11335 11334 11333 11332 11331 11330 11329 11328 11327 11326 11325 11324 11323 11322 11321 11320 11319 11318 11317 11316 11315 11314 11313 11312 11311 11310 11309 11308 11307 11306 11305 11304 11303 11302 11301 11300 11299 11298 11297 11296 11295 11294 11293 11292 11291 11290 11289 11288 11287 11286 11285 11284 11283 11282 11281 11280 11279 11278 11277 11276 11275 11274 11273 11272 11271 11270 11269 11268 11267 11266 11265 11264 11263 11262 11261 11260 11259 11258 11257 11256 11255 11254 11253 11252 11251 11250 11249 11248 11247 11246 11245 11244 11243 11242 11241 11240 11239 11238 11237 11236 11235 11234 11233 11232 11231 11230 11229 11228 11227 11226 11225 11224 11223 11222 11221 11220 11219 11218 11217 11216 11215 11214 11213 11212 11211 11210 11209 11208 11207 11206 11205 11204 11203 11202 11201 11200 11199 11198 11197 11196 11195 11194 11193 11192 11191 11190 11189 11188 11187 11186 11185 11184 11183 11182 11181 11180 11179 11178 11177 11176 11175 11174 11173 11172 11171 11170 11169 11168 11167 11166 11165 11164 11163 11162 11161 11160 11159 11158 11157 11156 11155 11154 11153 11152 11151 11150 11149 11148 11147 11146 11145 11144 11143 11142 11141 11140 11139 11138 11137 11136 11135 11134 11133 11132 11131 11130 11129 11128 11127 11126 11125 11124 11123 11122 11121 11120 11119 11118 11117 11116 11115 11114 11113 11112 11111 11110 11109 11108 11107 11106 11105 11104 11103 11102 11101 11100 11099 11098 11097 11096 11095 11094 11093 11092 11091 11090 11089 11088 11087 11086 11085 11084 11083 11082 11081 11080 11079 11078 11077 11076 11075 11074 11073 11072 11071 11070 11069 11068 11067 11066 11065 11064 11063 11062 11061 11060 11059 11058 11057 11056 11055 11054 11053 11052 11051 11050 11049 11048 11047 11046 11045 11044 11043 11042 11041 11040 11039 11038 11037 11036 11035 11034 11033 11032 11031 11030 11029 11028 11027 11026 11025 11024 11023 11022 11021 11020 11019 11018 11017 11016 11015 11014 11013 11012 11011 11010 11009 11008 11007 11006 11005 11004 11003 11002 11001 11000 10999 10998 10997 10996 10995 10994 10993 10992 10991 10990 10989 10988 10987 10986 10985 10984 10983 10982 10981 10980 10979 10978 10977 10976 10975 10974 10973 10972 10971 10970 10969 10968 10967 10966 10965 10964 10963 10962 10961 10960 10959 10958 10957 10956 10955 10954 10953 10952 10951 10950 10949 10948 10947 10946 10945 10944 10943 10942 10941 10940 10939 10938 10937 10936 10935 10934 10933 10932 10931 10930 10929 10928 10927 10926 10925 10924 10923 10922 10921 10920 10919 10918 10917 10916 10915 10914 10913 10912 10911 10910 10909 10908 10907 10906 10905 10904 10903 10902 10901 10900 10899 10898 10897 10896 10895 10894 10893 10892 10891 10890 10889 10888 10887 10886 10885 10884 10883 10882 10881 10880 10879 10878 10877 10876 10875 10874 10873 10872 10871 10870 10869 10868 10867 10866 10865 10864 10863 10862 10861 10860 10859 10858 10857 10856 10855 10854 10853 10852 10851 10850 10849 10848 10847 10846 10845 10844 10843 10842 10841 10840 10839 10838 10837 10836 10835 10834 10833 10832 10831 10830 10829 10828 10827 10826 10825 10824 10823 10822 10821 10820 10819 10818 10817 10816 10815 10814 10813 10812 10811 10810 10809 10808 10807 10806 10805 10804 10803 10802 10801 10800 10799 10798 10797 10796 10795 10794 10793 10792 10791 10790 10789 10788 10787 10786 10785 10784 10783 10782 10781 10780 10779 10778 10777 10776 10775 10774 10773 10772 10771 10770 10769 10768 10767 10766 10765 10764 10763 10762 10761 10760 10759 10758 10757 10756 10755 10754 10753 10752 10751 10750 10749 10748 10747 10746 10745 10744 10743 10742 10741 10740 10739 10738 10737 10736 10735 10734 10733 10732 10731 10730 10729 10728 10727 10726 10725 10724 10723 10722 10721 10720 10719 10718 10717 10716 10715 10714 10713 10712 10711 10710 10709 10708 10707 10706 10705 10704 10703 10702 10701 10700 10699 10698 10697 10696 10695 10694 10693 10692 10691 10690 10689 10688 10687 10686 10685 10684 10683 10682 10681 10680 10679 10678 10677 10676 10675 10674 10673 10672 10671 10670 10669 10668 10667 10666 10665 10664 10663 10662 10661 10660 10659 10658 10657 10656 10655 10654 10653 10652 10651 10650 10649 10648 10647 10646 10645 10644 10643 10642 10641 10640 10639 10638 10637 10636 10635 10634 10633 10632 10631 10630 10629 10628 10627 10626 10625 10624 10623 10622 10621 10620 10619 10618 10617 10616 10615 10614 10613 10612 10611 10610 10609 10608 10607 10606 10605 10604 10603 10602 10601 10600 10599 10598 10597 10596 10595 10594 10593 10592 10591 10590 10589 10588 10587 10586 10585 10584 10583 10582 10581 10580 10579 10578 10577 10576 10575 10574 10573 10572 10571 10570 10569 10568 10567 10566 10565 10564 10563 10562 10561 10560 10559 10558 10557 10556 10555 10554 10553 10552 10551 10550 10549 10548 10547 10546 10545 10544 10543 10542 10541 10540 10539 10538 10537 10536 10535 10534 10533 10532 10531 10530 10529 10528 10527 10526 10525 10524 10523 10522 10521 10520 10519 10518 10517 10516 10515 10514 10513 10512 10511 10510 10509 10508 10507 10506 10505 10504 10503 10502 10501 10500 10499 10498 10497 10496 10495 10494 10493 10492 10491 10490 10489 10488 10487 10486 10485 10484 10483 10482 10481 10480 10479 10478 10477 10476 10475 10474 10473 10472 10471 10470 10469 10468 10467 10466 10465 10464 10463 10462 10461 10460 10459 10458 10457 10456 10455 10454 10453 10452 10451 10450 10449 10448 10447 10446 10445 10444 10443 10442 10441 10440 10439 10438 10437 10436 10435 10434 10433 10432 10431 10430 10429 10428 10427 10426 10425 10424 10423 10422 10421 10420 10419 10418 10417 10416 10415 10414 10413 10412 10411 10410 10409 10408 10407 10406 10405 10404 10403 10402 10401 10400 10399 10398 10397 10396 10395 10394 10393 10392 10391 10390 10389 10388 10387 10386 10385 10384 10383 10382 10381 10380 10379 10378 10377 10376 10375 10374 10373 10372 10371 10370 10369 10368 10367 10366 10365 10364 10363 10362 10361 10360 10359 10358 10357 10356 10355 10354 10353 10352 10351 10350 10349 10348 10347 10346 10345 10344 10343 10342 10341 10340 10339 10338 10337 10336 10335 10334 10333 10332 10331 10330 10329 10328 10327 10326 10325 10324 10323 10322 10321 10320 10319 10318 10317 10316 10315 10314 10313 10312 10311 10310 10309 10308 10307 10306 10305 10304 10303 10302 10301 10300 10299 10298 10297 10296 10295 10294 10293 10292 10291 10290 10289 10288 10287 10286 10285 10284 10283 10282 10281 10280 10279 10278 10277 10276 10275 10274 10273 10272 10271 10270 10269 10268 10267 10266 10265 10264 10263 10262 10261 10260 10259 10258 10257 10256 10255 10254 10253 10252 10251 10250 10249 10248 10247 10246 10245 10244 10243 10242 10241 10240 10239 10238 10237 10236 10235 10234 10233 10232 10231 10230 10229 10228 10227 10226 10225 10224 10223 10222 10221 10220 10219 10218 10217 10216 10215 10214 10213 10212 10211 10210 10209 10208 10207 10206 10205 10204 10203 10202 10201 10200 10199 10198 10197 10196 10195 10194 10193 10192 10191 10190 10189 10188 10187 10186 10185 10184 10183 10182 10181 10180 10179 10178 10177 10176 10175 10174 10173 10172 10171 10170 10169 10168 10167 10166 10165 10164 10163 10162 10161 10160 10159 10158 10157 10156 10155 10154 10153 10152 10151 10150 10149 10148 10147 10146 10145 10144 10143 10142 10141 10140 10139 10138 10137 10136 10135 10134 10133 10132 10131 10130 10129 10128 10127 10126 10125 10124 10123 10122 10121 10120 10119 10118 10117 10116 10115 10114 10113 10112 10111 10110 10109 10108 10107 10106 10105 10104 10103 10102 10101 10100 10099 10098 10097 10096 10095 10094 10093 10092 10091 10090 10089 10088 10087 10086 10085 10084 10083 10082 10081 10080 10079 10078 10077 10076 10075 10074 10073 10072 10071 10070 10069 10068 10067 10066 10065 10064 10063 10062 10061 10060 10059 10058 10057 10056 10055 10054 10053 10052 10051 10050 10049 10048 10047 10046 10045 10044 10043 10042 10041 10040 10039 10038 10037 10036 10035 10034 10033 10032 10031 10030 10029 10028 10027 10026 10025 10024 10023 10022 10021 10020 10019 10018 10017 10016 10015 10014 10013 10012 10011 10010 10009 10008 10007 10006 10005 10004 10003 10002 10001 10000 9999 9998 9997 9996 9995 9994 9993 9992 9991 9990 9989 9988 9987 9986 9985 9984 9983 9982 9981 9980 9979 9978 9977 9976 9975 9974 9973 9972 9971 9970 9969 9968 9967 9966 9965 9964 9963 9962 9961 9960 9959 9958 9957 9956 9955 9954 9953 9952 9951 9950 9949 9948 9947 9946 9945 9944 9943 9942 9941 9940 9939 9938 9937 9936 9935 9934 9933 9932 9931 9930 9929 9928 9927 9926 9925 9924 9923 9922 9921 9920 9919 9918 9917 9916 9915 9914 9913 9912 9911 9910 9909 9908 9907 9906 9905 9904 9903 9902 9901 9900 9899 9898 9897 9896 9895 9894 9893 9892 9891 9890 9889 9888 9887 9886 9885 9884 9883 9882 9881 9880 9879 9878 9877 9876 9875 9874 9873 9872 9871 9870 9869 9868 9867 9866 9865 9864 9863 9862 9861 9860 9859 9858 9857 9856 9855 9854 9853 9852 9851 9850 9849 9848 9847 9846 9845 9844 9843 9842 9841 9840 9839 9838 9837 9836 9835 9834 9833 9832 9831 9830 9829 9828 9827 9826 9825 9824 9823 9822 9821 9820 9819 9818 9817 9816 9815 9814 9813 9812 9811 9810 9809 9808 9807 9806 9805 9804 9803 9802 9801 9800 9799 9798 9797 9796 9795 9794 9793 9792 9791 9790 9789 9788 9787 9786 9785 9784 9783 9782 9781 9780 9779 9778 9777 9776 9775 9774 9773 9772 9771 9770 9769 9768 9767 9766 9765 9764 9763 9762 9761 9760 9759 9758 9757 9756 9755 9754 9753 9752 9751 9750 9749 9748 9747 9746 9745 9744 9743 9742 9741 9740 9739 9738 9737 9736 9735 9734 9733 9732 9731 9730 9729 9728 9727 9726 9725 9724 9723 9722 9721 9720 9719 9718 9717 9716 9715 9714 9713 9712 9711 9710 9709 9708 9707 9706 9705 9704 9703 9702 9701 9700 9699 9698 9697 9696 9695 9694 9693 9692 9691 9690 9689 9688 9687 9686 9685 9684 9683 9682 9681 9680 9679 9678 9677 9676 9675 9674 9673 9672 9671 9670 9669 9668 9667 9666 9665 9664 9663 9662 9661 9660 9659 9658 9657 9656 9655 9654 9653 9652 9651 9650 9649 9648 9647 9646 9645 9644 9643 9642 9641 9640 9639 9638 9637 9636 9635 9634 9633 9632 9631 9630 9629 9628 9627 9626 9625 9624 9623 9622 9621 9620 9619 9618 9617 9616 9615 9614 9613 9612 9611 9610 9609 9608 9607 9606 9605 9604 9603 9602 9601 9600 9599 9598 9597 9596 9595 9594 9593 9592 9591 9590 9589 9588 9587 9586 9585 9584 9583 9582 9581 9580 9579 9578 9577 9576 9575 9574 9573 9572 9571 9570 9569 9568 9567 9566 9565 9564 9563 9562 9561 9560 9559 9558 9557 9556 9555 9554 9553 9552 9551 9550 9549 9548 9547 9546 9545 9544 9543 9542 9541 9540 9539 9538 9537 9536 9535 9534 9533 9532 9531 9530 9529 9528 9527 9526 9525 9524 9523 9522 9521 9520 9519 9518 9517 9516 9515 9514 9513 9512 9511 9510 9509 9508 9507 9506 9505 9504 9503 9502 9501 9500 9499 9498 9497 9496 9495 9494 9493 9492 9491 9490 9489 9488 9487 9486 9485 9484 9483 9482 9481 9480 9479 9478 9477 9476 9475 9474 9473 9472 9471 9470 9469 9468 9467 9466 9465 9464 9463 9462 9461 9460 9459 9458 9457 9456 9455 9454 9453 9452 9451 9450 9449 9448 9447 9446 9445 9444 9443 9442 9441 9440 9439 9438 9437 9436 9435 9434 9433 9432 9431 9430 9429 9428 9427 9426 9425 9424 9423 9422 9421 9420 9419 9418 9417 9416 9415 9414 9413 9412 9411 9410 9409 9408 9407 9406 9405 9404 9403 9402 9401 9400 9399 9398 9397 9396 9395 9394 9393 9392 9391 9390 9389 9388 9387 9386 9385 9384 9383 9382 9381 9380 9379 9378 9377 9376 9375 9374 9373 9372 9371 9370 9369 9368 9367 9366 9365 9364 9363 9362 9361 9360 9359 9358 9357 9356 9355 9354 9353 9352 9351 9350 9349 9348 9347 9346 9345 9344 9343 9342 9341 9340 9339 9338 9337 9336 9335 9334 9333 9332 9331 9330 9329 9328 9327 9326 9325 9324 9323 9322 9321 9320 9319 9318 9317 9316 9315 9314 9313 9312 9311 9310 9309 9308 9307 9306 9305 9304 9303 9302 9301 9300 9299 9298 9297 9296 9295 9294 9293 9292 9291 9290 9289 9288 9287 9286 9285 9284 9283 9282 9281 9280 9279 9278 9277 9276 9275 9274 9273 9272 9271 9270 9269 9268 9267 9266 9265 9264 9263 9262 9261 9260 9259 9258 9257 9256 9255 9254 9253 9252 9251 9250 9249 9248 9247 9246 9245 9244 9243 9242 9241 9240 9239 9238 9237 9236 9235 9234 9233 9232 9231 9230 9229 9228 9227 9226 9225 9224 9223 9222 9221 9220 9219 9218 9217 9216 9215 9214 9213 9212 9211 9210 9209 9208 9207 9206 9205 9204 9203 9202 9201 9200 9199 9198 9197 9196 9195 9194 9193 9192 9191 9190 9189 9188 9187 9186 9185 9184 9183 9182 9181 9180 9179 9178 9177 9176 9175 9174 9173 9172 9171 9170 9169 9168 9167 9166 9165 9164 9163 9162 9161 9160 9159 9158 9157 9156 9155 9154 9153 9152 9151 9150 9149 9148 9147 9146 9145 9144 9143 9142 9141 9140 9139 9138 9137 9136 9135 9134 9133 9132 9131 9130 9129 9128 9127 9126 9125 9124 9123 9122 9121 9120 9119 9118 9117 9116 9115 9114 9113 9112 9111 9110 9109 9108 9107 9106 9105 9104 9103 9102 9101 9100 9099 9098 9097 9096 9095 9094 9093 9092 9091 9090 9089 9088 9087 9086 9085 9084 9083 9082 9081 9080 9079 9078 9077 9076 9075 9074 9073 9072 9071 9070 9069 9068 9067 9066 9065 9064 9063 9062 9061 9060 9059 9058 9057 9056 9055 9054 9053 9052 9051 9050 9049 9048 9047 9046 9045 9044 9043 9042 9041 9040 9039 9038 9037 9036 9035 9034 9033 9032 9031 9030 9029 9028 9027 9026 9025 9024 9023 9022 9021 9020 9019 9018 9017 9016 9015 9014 9013 9012 9011 9010 9009 9008 9007 9006 9005 9004 9003 9002 9001 9000 8999 8998 8997 8996 8995 8994 8993 8992 8991 8990 8989 8988 8987 8986 8985 8984 8983 8982 8981 8980 8979 8978 8977 8976 8975 8974 8973 8972 8971 8970 8969 8968 8967 8966 8965 8964 8963 8962 8961 8960 8959 8958 8957 8956 8955 8954 8953 8952 8951 8950 8949 8948 8947 8946 8945 8944 8943 8942 8941 8940 8939 8938 8937 8936 8935 8934 8933 8932 8931 8930 8929 8928 8927 8926 8925 8924 8923 8922 8921 8920 8919 8918 8917 8916 8915 8914 8913 8912 8911 8910 8909 8908 8907 8906 8905 8904 8903 8902 8901 8900 8899 8898 8897 8896 8895 8894 8893 8892 8891 8890 8889 8888 8887 8886 8885 8884 8883 8882 8881 8880 8879 8878 8877 8876 8875 8874 8873 8872 8871 8870 8869 8868 8867 8866 8865 8864 8863 8862 8861 8860 8859 8858 8857 8856 8855 8854 8853 8852 8851 8850 8849 8848 8847 8846 8845 8844 8843 8842 8841 8840 8839 8838 8837 8836 8835 8834 8833 8832 8831 8830 8829 8828 8827 8826 8825 8824 8823 8822 8821 8820 8819 8818 8817 8816 8815 8814 8813 8812 8811 8810 8809 8808 8807 8806 8805 8804 8803 8802 8801 8800 8799 8798 8797 8796 8795 8794 8793 8792 8791 8790 8789 8788 8787 8786 8785 8784 8783 8782 8781 8780 8779 8778 8777 8776 8775 8774 8773 8772 8771 8770 8769 8768 8767 8766 8765 8764 8763 8762 8761 8760 8759 8758 8757 8756 8755 8754 8753 8752 8751 8750 8749 8748 8747 8746 8745 8744 8743 8742 8741 8740 8739 8738 8737 8736 8735 8734 8733 8732 8731 8730 8729 8728 8727 8726 8725 8724 8723 8722 8721 8720 8719 8718 8717 8716 8715 8714 8713 8712 8711 8710 8709 8708 8707 8706 8705 8704 8703 8702 8701 8700 8699 8698 8697 8696 8695 8694 8693 8692 8691 8690 8689 8688 8687 8686 8685 8684 8683 8682 8681 8680 8679 8678 8677 8676 8675 8674 8673 8672 8671 8670 8669 8668 8667 8666 8665 8664 8663 8662 8661 8660 8659 8658 8657 8656 8655 8654 8653 8652 8651 8650 8649 8648 8647 8646 8645 8644 8643 8642 8641 8640 8639 8638 8637 8636 8635 8634 8633 8632 8631 8630 8629 8628 8627 8626 8625 8624 8623 8622 8621 8620 8619 8618 8617 8616 8615 8614 8613 8612 8611 8610 8609 8608 8607 8606 8605 8604 8603 8602 8601 8600 8599 8598 8597 8596 8595 8594 8593 8592 8591 8590 8589 8588 8587 8586 8585 8584 8583 8582 8581 8580 8579 8578 8577 8576 8575 8574 8573 8572 8571 8570 8569 8568 8567 8566 8565 8564 8563 8562 8561 8560 8559 8558 8557 8556 8555 8554 8553 8552 8551 8550 8549 8548 8547 8546 8545 8544 8543 8542 8541 8540 8539 8538 8537 8536 8535 8534 8533 8532 8531 8530 8529 8528 8527 8526 8525 8524 8523 8522 8521 8520 8519 8518 8517 8516 8515 8514 8513 8512 8511 8510 8509 8508 8507 8506 8505 8504 8503 8502 8501 8500 8499 8498 8497 8496 8495 8494 8493 8492 8491 8490 8489 8488 8487 8486 8485 8484 8483 8482 8481 8480 8479 8478 8477 8476 8475 8474 8473 8472 8471 8470 8469 8468 8467 8466 8465 8464 8463 8462 8461 8460 8459 8458 8457 8456 8455 8454 8453 8452 8451 8450 8449 8448 8447 8446 8445 8444 8443 8442 8441 8440 8439 8438 8437 8436 8435 8434 8433 8432 8431 8430 8429 8428 8427 8426 8425 8424 8423 8422 8421 8420 8419 8418 8417 8416 8415 8414 8413 8412 8411 8410 8409 8408 8407 8406 8405 8404 8403 8402 8401 8400 8399 8398 8397 8396 8395 8394 8393 8392 8391 8390 8389 8388 8387 8386 8385 8384 8383 8382 8381 8380 8379 8378 8377 8376 8375 8374 8373 8372 8371 8370 8369 8368 8367 8366 8365 8364 8363 8362 8361 8360 8359 8358 8357 8356 8355 8354 8353 8352 8351 8350 8349 8348 8347 8346 8345 8344 8343 8342 8341 8340 8339 8338 8337 8336 8335 8334 8333 8332 8331 8330 8329 8328 8327 8326 8325 8324 8323 8322 8321 8320 8319 8318 8317 8316 8315 8314 8313 8312 8311 8310 8309 8308 8307 8306 8305 8304 8303 8302 8301 8300 8299 8298 8297 8296 8295 8294 8293 8292 8291 8290 8289 8288 8287 8286 8285 8284 8283 8282 8281 8280 8279 8278 8277 8276 8275 8274 8273 8272 8271 8270 8269 8268 8267 8266 8265 8264 8263 8262 8261 8260 8259 8258 8257 8256 8255 8254 8253 8252 8251 8250 8249 8248 8247 8246 8245 8244 8243 8242 8241 8240 8239 8238 8237 8236 8235 8234 8233 8232 8231 8230 8229 8228 8227 8226 8225 8224 8223 8222 8221 8220 8219 8218 8217 8216 8215 8214 8213 8212 8211 8210 8209 8208 8207 8206 8205 8204 8203 8202 8201 8200 8199 8198 8197 8196 8195 8194 8193 8192 8191 8190 8189 8188 8187 8186 8185 8184 8183 8182 8181 8180 8179 8178 8177 8176 8175 8174 8173 8172 8171 8170 8169 8168 8167 8166 8165 8164 8163 8162 8161 8160 8159 8158 8157 8156 8155 8154 8153 8152 8151 8150 8149 8148 8147 8146 8145 8144 8143 8142 8141 8140 8139 8138 8137 8136 8135 8134 8133 8132 8131 8130 8129 8128 8127 8126 8125 8124 8123 8122 8121 8120 8119 8118 8117 8116 8115 8114 8113 8112 8111 8110 8109 8108 8107 8106 8105 8104 8103 8102 8101 8100 8099 8098 8097 8096 8095 8094 8093 8092 8091 8090 8089 8088 8087 8086 8085 8084 8083 8082 8081 8080 8079 8078 8077 8076 8075 8074 8073 8072 8071 8070 8069 8068 8067 8066 8065 8064 8063 8062 8061 8060 8059 8058 8057 8056 8055 8054 8053 8052 8051 8050 8049 8048 8047 8046 8045 8044 8043 8042 8041 8040 8039 8038 8037 8036 8035 8034 8033 8032 8031 8030 8029 8028 8027 8026 8025 8024 8023 8022 8021 8020 8019 8018 8017 8016 8015 8014 8013 8012 8011 8010 8009 8008 8007 8006 8005 8004 8003 8002 8001 8000 7999 7998 7997 7996 7995 7994 7993 7992 7991 7990 7989 7988 7987 7986 7985 7984 7983 7982 7981 7980 7979 7978 7977 7976 7975 7974 7973 7972 7971 7970 7969 7968 7967 7966 7965 7964 7963 7962 7961 7960 7959 7958 7957 7956 7955 7954 7953 7952 7951 7950 7949 7948 7947 7946 7945 7944 7943 7942 7941 7940 7939 7938 7937 7936 7935 7934 7933 7932 7931 7930 7929 7928 7927 7926 7925 7924 7923 7922 7921 7920 7919 7918 7917 7916 7915 7914 7913 7912 7911 7910 7909 7908 7907 7906 7905 7904 7903 7902 7901 7900 7899 7898 7897 7896 7895 7894 7893 7892 7891 7890 7889 7888 7887 7886 7885 7884 7883 7882 7881 7880 7879 7878 7877 7876 7875 7874 7873 7872 7871 7870 7869 7868 7867 7866 7865 7864 7863 7862 7861 7860 7859 7858 7857 7856 7855 7854 7853 7852 7851 7850 7849 7848 7847 7846 7845 7844 7843 7842 7841 7840 7839 7838 7837 7836 7835 7834 7833 7832 7831 7830 7829 7828 7827 7826 7825 7824 7823 7822 7821 7820 7819 7818 7817 7816 7815 7814 7813 7812 7811 7810 7809 7808 7807 7806 7805 7804 7803 7802 7801 7800 7799 7798 7797 7796 7795 7794 7793 7792 7791 7790 7789 7788 7787 7786 7785 7784 7783 7782 7781 7780 7779 7778 7777 7776 7775 7774 7773 7772 7771 7770 7769 7768 7767 7766 7765 7764 7763 7762 7761 7760 7759 7758 7757 7756 7755 7754 7753 7752 7751 7750 7749 7748 7747 7746 7745 7744 7743 7742 7741 7740 7739 7738 7737 7736 7735 7734 7733 7732 7731 7730 7729 7728 7727 7726 7725 7724 7723 7722 7721 7720 7719 7718 7717 7716 7715 7714 7713 7712 7711 7710 7709 7708 7707 7706 7705 7704 7703 7702 7701 7700 7699 7698 7697 7696 7695 7694 7693 7692 7691 7690 7689 7688 7687 7686 7685 7684 7683 7682 7681 7680 7679 7678 7677 7676 7675 7674 7673 7672 7671 7670 7669 7668 7667 7666 7665 7664 7663 7662 7661 7660 7659 7658 7657 7656 7655 7654 7653 7652 7651 7650 7649 7648 7647 7646 7645 7644 7643 7642 7641 7640 7639 7638 7637 7636 7635 7634 7633 7632 7631 7630 7629 7628 7627 7626 7625 7624 7623 7622 7621 7620 7619 7618 7617 7616 7615 7614 7613 7612 7611 7610 7609 7608 7607 7606 7605 7604 7603 7602 7601 7600 7599 7598 7597 7596 7595 7594 7593 7592 7591 7590 7589 7588 7587 7586 7585 7584 7583 7582 7581 7580 7579 7578 7577 7576 7575 7574 7573 7572 7571 7570 7569 7568 7567 7566 7565 7564 7563 7562 7561 7560 7559 7558 7557 7556 7555 7554 7553 7552 7551 7550 7549 7548 7547 7546 7545 7544 7543 7542 7541 7540 7539 7538 7537 7536 7535 7534 7533 7532 7531 7530 7529 7528 7527 7526 7525 7524 7523 7522 7521 7520 7519 7518 7517 7516 7515 7514 7513 7512 7511 7510 7509 7508 7507 7506 7505 7504 7503 7502 7501 7500 7499 7498 7497 7496 7495 7494 7493 7492 7491 7490 7489 7488 7487 7486 7485 7484 7483 7482 7481 7480 7479 7478 7477 7476 7475 7474 7473 7472 7471 7470 7469 7468 7467 7466 7465 7464 7463 7462 7461 7460 7459 7458 7457 7456 7455 7454 7453 7452 7451 7450 7449 7448 7447 7446 7445 7444 7443 7442 7441 7440 7439 7438 7437 7436 7435 7434 7433 7432 7431 7430 7429 7428 7427 7426 7425 7424 7423 7422 7421 7420 7419 7418 7417 7416 7415 7414 7413 7412 7411 7410 7409 7408 7407 7406 7405 7404 7403 7402 7401 7400 7399 7398 7397 7396 7395 7394 7393 7392 7391 7390 7389 7388 7387 7386 7385 7384 7383 7382 7381 7380 7379 7378 7377 7376 7375 7374 7373 7372 7371 7370 7369 7368 7367 7366 7365 7364 7363 7362 7361 7360 7359 7358 7357 7356 7355 7354 7353 7352 7351 7350 7349 7348 7347 7346 7345 7344 7343 7342 7341 7340 7339 7338 7337 7336 7335 7334 7333 7332 7331 7330 7329 7328 7327 7326 7325 7324 7323 7322 7321 7320 7319 7318 7317 7316 7315 7314 7313 7312 7311 7310 7309 7308 7307 7306 7305 7304 7303 7302 7301 7300 7299 7298 7297 7296 7295 7294 7293 7292 7291 7290 7289 7288 7287 7286 7285 7284 7283 7282 7281 7280 7279 7278 7277 7276 7275 7274 7273 7272 7271 7270 7269 7268 7267 7266 7265 7264 7263 7262 7261 7260 7259 7258 7257 7256 7255 7254 7253 7252 7251 7250 7249 7248 7247 7246 7245 7244 7243 7242 7241 7240 7239 7238 7237 7236 7235 7234 7233 7232 7231 7230 7229 7228 7227 7226 7225 7224 7223 7222 7221 7220 7219 7218 7217 7216 7215 7214 7213 7212 7211 7210 7209 7208 7207 7206 7205 7204 7203 7202 7201 7200 7199 7198 7197 7196 7195 7194 7193 7192 7191 7190 7189 7188 7187 7186 7185 7184 7183 7182 7181 7180 7179 7178 7177 7176 7175 7174 7173 7172 7171 7170 7169 7168 7167 7166 7165 7164 7163 7162 7161 7160 7159 7158 7157 7156 7155 7154 7153 7152 7151 7150 7149 7148 7147 7146 7145 7144 7143 7142 7141 7140 7139 7138 7137 7136 7135 7134 7133 7132 7131 7130 7129 7128 7127 7126 7125 7124 7123 7122 7121 7120 7119 7118 7117 7116 7115 7114 7113 7112 7111 7110 7109 7108 7107 7106 7105 7104 7103 7102 7101 7100 7099 7098 7097 7096 7095 7094 7093 7092 7091 7090 7089 7088 7087 7086 7085 7084 7083 7082 7081 7080 7079 7078 7077 7076 7075 7074 7073 7072 7071 7070 7069 7068 7067 7066 7065 7064 7063 7062 7061 7060 7059 7058 7057 7056 7055 7054 7053 7052 7051 7050 7049 7048 7047 7046 7045 7044 7043 7042 7041 7040 7039 7038 7037 7036 7035 7034 7033 7032 7031 7030 7029 7028 7027 7026 7025 7024 7023 7022 7021 7020 7019 7018 7017 7016 7015 7014 7013 7012 7011 7010 7009 7008 7007 7006 7005 7004 7003 7002 7001 7000 6999 6998 6997 6996 6995 6994 6993 6992 6991 6990 6989 6988 6987 6986 6985 6984 6983 6982 6981 6980 6979 6978 6977 6976 6975 6974 6973 6972 6971 6970 6969 6968 6967 6966 6965 6964 6963 6962 6961 6960 6959 6958 6957 6956 6955 6954 6953 6952 6951 6950 6949 6948 6947 6946 6945 6944 6943 6942 6941 6940 6939 6938 6937 6936 6935 6934 6933 6932 6931 6930 6929 6928 6927 6926 6925 6924 6923 6922 6921 6920 6919 6918 6917 6916 6915 6914 6913 6912 6911 6910 6909 6908 6907 6906 6905 6904 6903 6902 6901 6900 6899 6898 6897 6896 6895 6894 6893 6892 6891 6890 6889 6888 6887 6886 6885 6884 6883 6882 6881 6880 6879 6878 6877 6876 6875 6874 6873 6872 6871 6870 6869 6868 6867 6866 6865 6864 6863 6862 6861 6860 6859 6858 6857 6856 6855 6854 6853 6852 6851 6850 6849 6848 6847 6846 6845 6844 6843 6842 6841 6840 6839 6838 6837 6836 6835 6834 6833 6832 6831 6830 6829 6828 6827 6826 6825 6824 6823 6822 6821 6820 6819 6818 6817 6816 6815 6814 6813 6812 6811 6810 6809 6808 6807 6806 6805 6804 6803 6802 6801 6800 6799 6798 6797 6796 6795 6794 6793 6792 6791 6790 6789 6788 6787 6786 6785 6784 6783 6782 6781 6780 6779 6778 6777 6776 6775 6774 6773 6772 6771 6770 6769 6768 6767 6766 6765 6764 6763 6762 6761 6760 6759 6758 6757 6756 6755 6754 6753 6752 6751 6750 6749 6748 6747 6746 6745 6744 6743 6742 6741 6740 6739 6738 6737 6736 6735 6734 6733 6732 6731 6730 6729 6728 6727 6726 6725 6724 6723 6722 6721 6720 6719 6718 6717 6716 6715 6714 6713 6712 6711 6710 6709 6708 6707 6706 6705 6704 6703 6702 6701 6700 6699 6698 6697 6696 6695 6694 6693 6692 6691 6690 6689 6688 6687 6686 6685 6684 6683 6682 6681 6680 6679 6678 6677 6676 6675 6674 6673 6672 6671 6670 6669 6668 6667 6666 6665 6664 6663 6662 6661 6660 6659 6658 6657 6656 6655 6654 6653 6652 6651 6650 6649 6648 6647 6646 6645 6644 6643 6642 6641 6640 6639 6638 6637 6636 6635 6634 6633 6632 6631 6630 6629 6628 6627 6626 6625 6624 6623 6622 6621 6620 6619 6618 6617 6616 6615 6614 6613 6612 6611 6610 6609 6608 6607 6606 6605 6604 6603 6602 6601 6600 6599 6598 6597 6596 6595 6594 6593 6592 6591 6590 6589 6588 6587 6586 6585 6584 6583 6582 6581 6580 6579 6578 6577 6576 6575 6574 6573 6572 6571 6570 6569 6568 6567 6566 6565 6564 6563 6562 6561 6560 6559 6558 6557 6556 6555 6554 6553 6552 6551 6550 6549 6548 6547 6546 6545 6544 6543 6542 6541 6540 6539 6538 6537 6536 6535 6534 6533 6532 6531 6530 6529 6528 6527 6526 6525 6524 6523 6522 6521 6520 6519 6518 6517 6516 6515 6514 6513 6512 6511 6510 6509 6508 6507 6506 6505 6504 6503 6502 6501 6500 6499 6498 6497 6496 6495 6494 6493 6492 6491 6490 6489 6488 6487 6486 6485 6484 6483 6482 6481 6480 6479 6478 6477 6476 6475 6474 6473 6472 6471 6470 6469 6468 6467 6466 6465 6464 6463 6462 6461 6460 6459 6458 6457 6456 6455 6454 6453 6452 6451 6450 6449 6448 6447 6446 6445 6444 6443 6442 6441 6440 6439 6438 6437 6436 6435 6434 6433 6432 6431 6430 6429 6428 6427 6426 6425 6424 6423 6422 6421 6420 6419 6418 6417 6416 6415 6414 6413 6412 6411 6410 6409 6408 6407 6406 6405 6404 6403 6402 6401 6400 6399 6398 6397 6396 6395 6394 6393 6392 6391 6390 6389 6388 6387 6386 6385 6384 6383 6382 6381 6380 6379 6378 6377 6376 6375 6374 6373 6372 6371 6370 6369 6368 6367 6366 6365 6364 6363 6362 6361 6360 6359 6358 6357 6356 6355 6354 6353 6352 6351 6350 6349 6348 6347 6346 6345 6344 6343 6342 6341 6340 6339 6338 6337 6336 6335 6334 6333 6332 6331 6330 6329 6328 6327 6326 6325 6324 6323 6322 6321 6320 6319 6318 6317 6316 6315 6314 6313 6312 6311 6310 6309 6308 6307 6306 6305 6304 6303 6302 6301 6300 6299 6298 6297 6296 6295 6294 6293 6292 6291 6290 6289 6288 6287 6286 6285 6284 6283 6282 6281 6280 6279 6278 6277 6276 6275 6274 6273 6272 6271 6270 6269 6268 6267 6266 6265 6264 6263 6262 6261 6260 6259 6258 6257 6256 6255 6254 6253 6252 6251 6250 6249 6248 6247 6246 6245 6244 6243 6242 6241 6240 6239 6238 6237 6236 6235 6234 6233 6232 6231 6230 6229 6228 6227 6226 6225 6224 6223 6222 6221 6220 6219 6218 6217 6216 6215 6214 6213 6212 6211 6210 6209 6208 6207 6206 6205 6204 6203 6202 6201 6200 6199 6198 6197 6196 6195 6194 6193 6192 6191 6190 6189 6188 6187 6186 6185 6184 6183 6182 6181 6180 6179 6178 6177 6176 6175 6174 6173 6172 6171 6170 6169 6168 6167 6166 6165 6164 6163 6162 6161 6160 6159 6158 6157 6156 6155 6154 6153 6152 6151 6150 6149 6148 6147 6146 6145 6144 6143 6142 6141 6140 6139 6138 6137 6136 6135 6134 6133 6132 6131 6130 6129 6128 6127 6126 6125 6124 6123 6122 6121 6120 6119 6118 6117 6116 6115 6114 6113 6112 6111 6110 6109 6108 6107 6106 6105 6104 6103 6102 6101 6100 6099 6098 6097 6096 6095 6094 6093 6092 6091 6090 6089 6088 6087 6086 6085 6084 6083 6082 6081 6080 6079 6078 6077 6076 6075 6074 6073 6072 6071 6070 6069 6068 6067 6066 6065 6064 6063 6062 6061 6060 6059 6058 6057 6056 6055 6054 6053 6052 6051 6050 6049 6048 6047 6046 6045 6044 6043 6042 6041 6040 6039 6038 6037 6036 6035 6034 6033 6032 6031 6030 6029 6028 6027 6026 6025 6024 6023 6022 6021 6020 6019 6018 6017 6016 6015 6014 6013 6012 6011 6010 6009 6008 6007 6006 6005 6004 6003 6002 6001 6000 5999 5998 5997 5996 5995 5994 5993 5992 5991 5990 5989 5988 5987 5986 5985 5984 5983 5982 5981 5980 5979 5978 5977 5976 5975 5974 5973 5972 5971 5970 5969 5968 5967 5966 5965 5964 5963 5962 5961 5960 5959 5958 5957 5956 5955 5954 5953 5952 5951 5950 5949 5948 5947 5946 5945 5944 5943 5942 5941 5940 5939 5938 5937 5936 5935 5934 5933 5932 5931 5930 5929 5928 5927 5926 5925 5924 5923 5922 5921 5920 5919 5918 5917 5916 5915 5914 5913 5912 5911 5910 5909 5908 5907 5906 5905 5904 5903 5902 5901 5900 5899 5898 5897 5896 5895 5894 5893 5892 5891 5890 5889 5888 5887 5886 5885 5884 5883 5882 5881 5880 5879 5878 5877 5876 5875 5874 5873 5872 5871 5870 5869 5868 5867 5866 5865 5864 5863 5862 5861 5860 5859 5858 5857 5856 5855 5854 5853 5852 5851 5850 5849 5848 5847 5846 5845 5844 5843 5842 5841 5840 5839 5838 5837 5836 5835 5834 5833 5832 5831 5830 5829 5828 5827 5826 5825 5824 5823 5822 5821 5820 5819 5818 5817 5816 5815 5814 5813 5812 5811 5810 5809 5808 5807 5806 5805 5804 5803 5802 5801 5800 5799 5798 5797 5796 5795 5794 5793 5792 5791 5790 5789 5788 5787 5786 5785 5784 5783 5782 5781 5780 5779 5778 5777 5776 5775 5774 5773 5772 5771 5770 5769 5768 5767 5766 5765 5764 5763 5762 5761 5760 5759 5758 5757 5756 5755 5754 5753 5752 5751 5750 5749 5748 5747 5746 5745 5744 5743 5742 5741 5740 5739 5738 5737 5736 5735 5734 5733 5732 5731 5730 5729 5728 5727 5726 5725 5724 5723 5722 5721 5720 5719 5718 5717 5716 5715 5714 5713 5712 5711 5710 5709 5708 5707 5706 5705 5704 5703 5702 5701 5700 5699 5698 5697 5696 5695 5694 5693 5692 5691 5690 5689 5688 5687 5686 5685 5684 5683 5682 5681 5680 5679 5678 5677 5676 5675 5674 5673 5672 5671 5670 5669 5668 5667 5666 5665 5664 5663 5662 5661 5660 5659 5658 5657 5656 5655 5654 5653 5652 5651 5650 5649 5648 5647 5646 5645 5644 5643 5642 5641 5640 5639 5638 5637 5636 5635 5634 5633 5632 5631 5630 5629 5628 5627 5626 5625 5624 5623 5622 5621 5620 5619 5618 5617 5616 5615 5614 5613 5612 5611 5610 5609 5608 5607 5606 5605 5604 5603 5602 5601 5600 5599 5598 5597 5596 5595 5594 5593 5592 5591 5590 5589 5588 5587 5586 5585 5584 5583 5582 5581 5580 5579 5578 5577 5576 5575 5574 5573 5572 5571 5570 5569 5568 5567 5566 5565 5564 5563 5562 5561 5560 5559 5558 5557 5556 5555 5554 5553 5552 5551 5550 5549 5548 5547 5546 5545 5544 5543 5542 5541 5540 5539 5538 5537 5536 5535 5534 5533 5532 5531 5530 5529 5528 5527 5526 5525 5524 5523 5522 5521 5520 5519 5518 5517 5516 5515 5514 5513 5512 5511 5510 5509 5508 5507 5506 5505 5504 5503 5502 5501 5500 5499 5498 5497 5496 5495 5494 5493 5492 5491 5490 5489 5488 5487 5486 5485 5484 5483 5482 5481 5480 5479 5478 5477 5476 5475 5474 5473 5472 5471 5470 5469 5468 5467 5466 5465 5464 5463 5462 5461 5460 5459 5458 5457 5456 5455 5454 5453 5452 5451 5450 5449 5448 5447 5446 5445 5444 5443 5442 5441 5440 5439 5438 5437 5436 5435 5434 5433 5432 5431 5430 5429 5428 5427 5426 5425 5424 5423 5422 5421 5420 5419 5418 5417 5416 5415 5414 5413 5412 5411 5410 5409 5408 5407 5406 5405 5404 5403 5402 5401 5400 5399 5398 5397 5396 5395 5394 5393 5392 5391 5390 5389 5388 5387 5386 5385 5384 5383 5382 5381 5380 5379 5378 5377 5376 5375 5374 5373 5372 5371 5370 5369 5368 5367 5366 5365 5364 5363 5362 5361 5360 5359 5358 5357 5356 5355 5354 5353 5352 5351 5350 5349 5348 5347 5346 5345 5344 5343 5342 5341 5340 5339 5338 5337 5336 5335 5334 5333 5332 5331 5330 5329 5328 5327 5326 5325 5324 5323 5322 5321 5320 5319 5318 5317 5316 5315 5314 5313 5312 5311 5310 5309 5308 5307 5306 5305 5304 5303 5302 5301 5300 5299 5298 5297 5296 5295 5294 5293 5292 5291 5290 5289 5288 5287 5286 5285 5284 5283 5282 5281 5280 5279 5278 5277 5276 5275 5274 5273 5272 5271 5270 5269 5268 5267 5266 5265 5264 5263 5262 5261 5260 5259 5258 5257 5256 5255 5254 5253 5252 5251 5250 5249 5248 5247 5246 5245 5244 5243 5242 5241 5240 5239 5238 5237 5236 5235 5234 5233 5232 5231 5230 5229 5228 5227 5226 5225 5224 5223 5222 5221 5220 5219 5218 5217 5216 5215 5214 5213 5212 5211 5210 5209 5208 5207 5206 5205 5204 5203 5202 5201 5200 5199 5198 5197 5196 5195 5194 5193 5192 5191 5190 5189 5188 5187 5186 5185 5184 5183 5182 5181 5180 5179 5178 5177 5176 5175 5174 5173 5172 5171 5170 5169 5168 5167 5166 5165 5164 5163 5162 5161 5160 5159 5158 5157 5156 5155 5154 5153 5152 5151 5150 5149 5148 5147 5146 5145 5144 5143 5142 5141 5140 5139 5138 5137 5136 5135 5134 5133 5132 5131 5130 5129 5128 5127 5126 5125 5124 5123 5122 5121 5120 5119 5118 5117 5116 5115 5114 5113 5112 5111 5110 5109 5108 5107 5106 5105 5104 5103 5102 5101 5100 5099 5098 5097 5096 5095 5094 5093 5092 5091 5090 5089 5088 5087 5086 5085 5084 5083 5082 5081 5080 5079 5078 5077 5076 5075 5074 5073 5072 5071 5070 5069 5068 5067 5066 5065 5064 5063 5062 5061 5060 5059 5058 5057 5056 5055 5054 5053 5052 5051 5050 5049 5048 5047 5046 5045 5044 5043 5042 5041 5040 5039 5038 5037 5036 5035 5034 5033 5032 5031 5030 5029 5028 5027 5026 5025 5024 5023 5022 5021 5020 5019 5018 5017 5016 5015 5014 5013 5012 5011 5010 5009 5008 5007 5006 5005 5004 5003 5002 5001 5000 4999 4998 4997 4996 4995 4994 4993 4992 4991 4990 4989 4988 4987 4986 4985 4984 4983 4982 4981 4980 4979 4978 4977 4976 4975 4974 4973 4972 4971 4970 4969 4968 4967 4966 4965 4964 4963 4962 4961 4960 4959 4958 4957 4956 4955 4954 4953 4952 4951 4950 4949 4948 4947 4946 4945 4944 4943 4942 4941 4940 4939 4938 4937 4936 4935 4934 4933 4932 4931 4930 4929 4928 4927 4926 4925 4924 4923 4922 4921 4920 4919 4918 4917 4916 4915 4914 4913 4912 4911 4910 4909 4908 4907 4906 4905 4904 4903 4902 4901 4900 4899 4898 4897 4896 4895 4894 4893 4892 4891 4890 4889 4888 4887 4886 4885 4884 4883 4882 4881 4880 4879 4878 4877 4876 4875 4874 4873 4872 4871 4870 4869 4868 4867 4866 4865 4864 4863 4862 4861 4860 4859 4858 4857 4856 4855 4854 4853 4852 4851 4850 4849 4848 4847 4846 4845 4844 4843 4842 4841 4840 4839 4838 4837 4836 4835 4834 4833 4832 4831 4830 4829 4828 4827 4826 4825 4824 4823 4822 4821 4820 4819 4818 4817 4816 4815 4814 4813 4812 4811 4810 4809 4808 4807 4806 4805 4804 4803 4802 4801 4800 4799 4798 4797 4796 4795 4794 4793 4792 4791 4790 4789 4788 4787 4786 4785 4784 4783 4782 4781 4780 4779 4778 4777 4776 4775 4774 4773 4772 4771 4770 4769 4768 4767 4766 4765 4764 4763 4762 4761 4760 4759 4758 4757 4756 4755 4754 4753 4752 4751 4750 4749 4748 4747 4746 4745 4744 4743 4742 4741 4740 4739 4738 4737 4736 4735 4734 4733 4732 4731 4730 4729 4728 4727 4726 4725 4724 4723 4722 4721 4720 4719 4718 4717 4716 4715 4714 4713 4712 4711 4710 4709 4708 4707 4706 4705 4704 4703 4702 4701 4700 4699 4698 4697 4696 4695 4694 4693 4692 4691 4690 4689 4688 4687 4686 4685 4684 4683 4682 4681 4680 4679 4678 4677 4676 4675 4674 4673 4672 4671 4670 4669 4668 4667 4666 4665 4664 4663 4662 4661 4660 4659 4658 4657 4656 4655 4654 4653 4652 4651 4650 4649 4648 4647 4646 4645 4644 4643 4642 4641 4640 4639 4638 4637 4636 4635 4634 4633 4632 4631 4630 4629 4628 4627 4626 4625 4624 4623 4622 4621 4620 4619 4618 4617 4616 4615 4614 4613 4612 4611 4610 4609 4608 4607 4606 4605 4604 4603 4602 4601 4600 4599 4598 4597 4596 4595 4594 4593 4592 4591 4590 4589 4588 4587 4586 4585 4584 4583 4582 4581 4580 4579 4578 4577 4576 4575 4574 4573 4572 4571 4570 4569 4568 4567 4566 4565 4564 4563 4562 4561 4560 4559 4558 4557 4556 4555 4554 4553 4552 4551 4550 4549 4548 4547 4546 4545 4544 4543 4542 4541 4540 4539 4538 4537 4536 4535 4534 4533 4532 4531 4530 4529 4528 4527 4526 4525 4524 4523 4522 4521 4520 4519 4518 4517 4516 4515 4514 4513 4512 4511 4510 4509 4508 4507 4506 4505 4504 4503 4502 4501 4500 4499 4498 4497 4496 4495 4494 4493 4492 4491 4490 4489 4488 4487 4486 4485 4484 4483 4482 4481 4480 4479 4478 4477 4476 4475 4474 4473 4472 4471 4470 4469 4468 4467 4466 4465 4464 4463 4462 4461 4460 4459 4458 4457 4456 4455 4454 4453 4452 4451 4450 4449 4448 4447 4446 4445 4444 4443 4442 4441 4440 4439 4438 4437 4436 4435 4434 4433 4432 4431 4430 4429 4428 4427 4426 4425 4424 4423 4422 4421 4420 4419 4418 4417 4416 4415 4414 4413 4412 4411 4410 4409 4408 4407 4406 4405 4404 4403 4402 4401 4400 4399 4398 4397 4396 4395 4394 4393 4392 4391 4390 4389 4388 4387 4386 4385 4384 4383 4382 4381 4380 4379 4378 4377 4376 4375 4374 4373 4372 4371 4370 4369 4368 4367 4366 4365 4364 4363 4362 4361 4360 4359 4358 4357 4356 4355 4354 4353 4352 4351 4350 4349 4348 4347 4346 4345 4344 4343 4342 4341 4340 4339 4338 4337 4336 4335 4334 4333 4332 4331 4330 4329 4328 4327 4326 4325 4324 4323 4322 4321 4320 4319 4318 4317 4316 4315 4314 4313 4312 4311 4310 4309 4308 4307 4306 4305 4304 4303 4302 4301 4300 4299 4298 4297 4296 4295 4294 4293 4292 4291 4290 4289 4288 4287 4286 4285 4284 4283 4282 4281 4280 4279 4278 4277 4276 4275 4274 4273 4272 4271 4270 4269 4268 4267 4266 4265 4264 4263 4262 4261 4260 4259 4258 4257 4256 4255 4254 4253 4252 4251 4250 4249 4248 4247 4246 4245 4244 4243 4242 4241 4240 4239 4238 4237 4236 4235 4234 4233 4232 4231 4230 4229 4228 4227 4226 4225 4224 4223 4222 4221 4220 4219 4218 4217 4216 4215 4214 4213 4212 4211 4210 4209 4208 4207 4206 4205 4204 4203 4202 4201 4200 4199 4198 4197 4196 4195 4194 4193 4192 4191 4190 4189 4188 4187 4186 4185 4184 4183 4182 4181 4180 4179 4178 4177 4176 4175 4174 4173 4172 4171 4170 4169 4168 4167 4166 4165 4164 4163 4162 4161 4160 4159 4158 4157 4156 4155 4154 4153 4152 4151 4150 4149 4148 4147 4146 4145 4144 4143 4142 4141 4140 4139 4138 4137 4136 4135 4134 4133 4132 4131 4130 4129 4128 4127 4126 4125 4124 4123 4122 4121 4120 4119 4118 4117 4116 4115 4114 4113 4112 4111 4110 4109 4108 4107 4106 4105 4104 4103 4102 4101 4100 4099 4098 4097 4096 4095 4094 4093 4092 4091 4090 4089 4088 4087 4086 4085 4084 4083 4082 4081 4080 4079 4078 4077 4076 4075 4074 4073 4072 4071 4070 4069 4068 4067 4066 4065 4064 4063 4062 4061 4060 4059 4058 4057 4056 4055 4054 4053 4052 4051 4050 4049 4048 4047 4046 4045 4044 4043 4042 4041 4040 4039 4038 4037 4036 4035 4034 4033 4032 4031 4030 4029 4028 4027 4026 4025 4024 4023 4022 4021 4020 4019 4018 4017 4016 4015 4014 4013 4012 4011 4010 4009 4008 4007 4006 4005 4004 4003 4002 4001 4000 3999 3998 3997 3996 3995 3994 3993 3992 3991 3990 3989 3988 3987 3986 3985 3984 3983 3982 3981 3980 3979 3978 3977 3976 3975 3974 3973 3972 3971 3970 3969 3968 3967 3966 3965 3964 3963 3962 3961 3960 3959 3958 3957 3956 3955 3954 3953 3952 3951 3950 3949 3948 3947 3946 3945 3944 3943 3942 3941 3940 3939 3938 3937 3936 3935 3934 3933 3932 3931 3930 3929 3928 3927 3926 3925 3924 3923 3922 3921 3920 3919 3918 3917 3916 3915 3914 3913 3912 3911 3910 3909 3908 3907 3906 3905 3904 3903 3902 3901 3900 3899 3898 3897 3896 3895 3894 3893 3892 3891 3890 3889 3888 3887 3886 3885 3884 3883 3882 3881 3880 3879 3878 3877 3876 3875 3874 3873 3872 3871 3870 3869 3868 3867 3866 3865 3864 3863 3862 3861 3860 3859 3858 3857 3856 3855 3854 3853 3852 3851 3850 3849 3848 3847 3846 3845 3844 3843 3842 3841 3840 3839 3838 3837 3836 3835 3834 3833 3832 3831 3830 3829 3828 3827 3826 3825 3824 3823 3822 3821 3820 3819 3818 3817 3816 3815 3814 3813 3812 3811 3810 3809 3808 3807 3806 3805 3804 3803 3802 3801 3800 3799 3798 3797 3796 3795 3794 3793 3792 3791 3790 3789 3788 3787 3786 3785 3784 3783 3782 3781 3780 3779 3778 3777 3776 3775 3774 3773 3772 3771 3770 3769 3768 3767 3766 3765 3764 3763 3762 3761 3760 3759 3758 3757 3756 3755 3754 3753 3752 3751 3750 3749 3748 3747 3746 3745 3744 3743 3742 3741 3740 3739 3738 3737 3736 3735 3734 3733 3732 3731 3730 3729 3728 3727 3726 3725 3724 3723 3722 3721 3720 3719 3718 3717 3716 3715 3714 3713 3712 3711 3710 3709 3708 3707 3706 3705 3704 3703 3702 3701 3700 3699 3698 3697 3696 3695 3694 3693 3692 3691 3690 3689 3688 3687 3686 3685 3684 3683 3682 3681 3680 3679 3678 3677 3676 3675 3674 3673 3672 3671 3670 3669 3668 3667 3666 3665 3664 3663 3662 3661 3660 3659 3658 3657 3656 3655 3654 3653 3652 3651 3650 3649 3648 3647 3646 3645 3644 3643 3642 3641 3640 3639 3638 3637 3636 3635 3634 3633 3632 3631 3630 3629 3628 3627 3626 3625 3624 3623 3622 3621 3620 3619 3618 3617 3616 3615 3614 3613 3612 3611 3610 3609 3608 3607 3606 3605 3604 3603 3602 3601 3600 3599 3598 3597 3596 3595 3594 3593 3592 3591 3590 3589 3588 3587 3586 3585 3584 3583 3582 3581 3580 3579 3578 3577 3576 3575 3574 3573 3572 3571 3570 3569 3568 3567 3566 3565 3564 3563 3562 3561 3560 3559 3558 3557 3556 3555 3554 3553 3552 3551 3550 3549 3548 3547 3546 3545 3544 3543 3542 3541 3540 3539 3538 3537 3536 3535 3534 3533 3532 3531 3530 3529 3528 3527 3526 3525 3524 3523 3522 3521 3520 3519 3518 3517 3516 3515 3514 3513 3512 3511 3510 3509 3508 3507 3506 3505 3504 3503 3502 3501 3500 3499 3498 3497 3496 3495 3494 3493 3492 3491 3490 3489 3488 3487 3486 3485 3484 3483 3482 3481 3480 3479 3478 3477 3476 3475 3474 3473 3472 3471 3470 3469 3468 3467 3466 3465 3464 3463 3462 3461 3460 3459 3458 3457 3456 3455 3454 3453 3452 3451 3450 3449 3448 3447 3446 3445 3444 3443 3442 3441 3440 3439 3438 3437 3436 3435 3434 3433 3432 3431 3430 3429 3428 3427 3426 3425 3424 3423 3422 3421 3420 3419 3418 3417 3416 3415 3414 3413 3412 3411 3410 3409 3408 3407 3406 3405 3404 3403 3402 3401 3400 3399 3398 3397 3396 3395 3394 3393 3392 3391 3390 3389 3388 3387 3386 3385 3384 3383 3382 3381 3380 3379 3378 3377 3376 3375 3374 3373 3372 3371 3370 3369 3368 3367 3366 3365 3364 3363 3362 3361 3360 3359 3358 3357 3356 3355 3354 3353 3352 3351 3350 3349 3348 3347 3346 3345 3344 3343 3342 3341 3340 3339 3338 3337 3336 3335 3334 3333 3332 3331 3330 3329 3328 3327 3326 3325 3324 3323 3322 3321 3320 3319 3318 3317 3316 3315 3314 3313 3312 3311 3310 3309 3308 3307 3306 3305 3304 3303 3302 3301 3300 3299 3298 3297 3296 3295 3294 3293 3292 3291 3290 3289 3288 3287 3286 3285 3284 3283 3282 3281 3280 3279 3278 3277 3276 3275 3274 3273 3272 3271 3270 3269 3268 3267 3266 3265 3264 3263 3262 3261 3260 3259 3258 3257 3256 3255 3254 3253 3252 3251 3250 3249 3248 3247 3246 3245 3244 3243 3242 3241 3240 3239 3238 3237 3236 3235 3234 3233 3232 3231 3230 3229 3228 3227 3226 3225 3224 3223 3222 3221 3220 3219 3218 3217 3216 3215 3214 3213 3212 3211 3210 3209 3208 3207 3206 3205 3204 3203 3202 3201 3200 3199 3198 3197 3196 3195 3194 3193 3192 3191 3190 3189 3188 3187 3186 3185 3184 3183 3182 3181 3180 3179 3178 3177 3176 3175 3174 3173 3172 3171 3170 3169 3168 3167 3166 3165 3164 3163 3162 3161 3160 3159 3158 3157 3156 3155 3154 3153 3152 3151 3150 3149 3148 3147 3146 3145 3144 3143 3142 3141 3140 3139 3138 3137 3136 3135 3134 3133 3132 3131 3130 3129 3128 3127 3126 3125 3124 3123 3122 3121 3120 3119 3118 3117 3116 3115 3114 3113 3112 3111 3110 3109 3108 3107 3106 3105 3104 3103 3102 3101 3100 3099 3098 3097 3096 3095 3094 3093 3092 3091 3090 3089 3088 3087 3086 3085 3084 3083 3082 3081 3080 3079 3078 3077 3076 3075 3074 3073 3072 3071 3070 3069 3068 3067 3066 3065 3064 3063 3062 3061 3060 3059 3058 3057 3056 3055 3054 3053 3052 3051 3050 3049 3048 3047 3046 3045 3044 3043 3042 3041 3040 3039 3038 3037 3036 3035 3034 3033 3032 3031 3030 3029 3028 3027 3026 3025 3024 3023 3022 3021 3020 3019 3018 3017 3016 3015 3014 3013 3012 3011 3010 3009 3008 3007 3006 3005 3004 3003 3002 3001 3000 2999 2998 2997 2996 2995 2994 2993 2992 2991 2990 2989 2988 2987 2986 2985 2984 2983 2982 2981 2980 2979 2978 2977 2976 2975 2974 2973 2972 2971 2970 2969 2968 2967 2966 2965 2964 2963 2962 2961 2960 2959 2958 2957 2956 2955 2954 2953 2952 2951 2950 2949 2948 2947 2946 2945 2944 2943 2942 2941 2940 2939 2938 2937 2936 2935 2934 2933 2932 2931 2930 2929 2928 2927 2926 2925 2924 2923 2922 2921 2920 2919 2918 2917 2916 2915 2914 2913 2912 2911 2910 2909 2908 2907 2906 2905 2904 2903 2902 2901 2900 2899 2898 2897 2896 2895 2894 2893 2892 2891 2890 2889 2888 2887 2886 2885 2884 2883 2882 2881 2880 2879 2878 2877 2876 2875 2874 2873 2872 2871 2870 2869 2868 2867 2866 2865 2864 2863 2862 2861 2860 2859 2858 2857 2856 2855 2854 2853 2852 2851 2850 2849 2848 2847 2846 2845 2844 2843 2842 2841 2840 2839 2838 2837 2836 2835 2834 2833 2832 2831 2830 2829 2828 2827 2826 2825 2824 2823 2822 2821 2820 2819 2818 2817 2816 2815 2814 2813 2812 2811 2810 2809 2808 2807 2806 2805 2804 2803 2802 2801 2800 2799 2798 2797 2796 2795 2794 2793 2792 2791 2790 2789 2788 2787 2786 2785 2784 2783 2782 2781 2780 2779 2778 2777 2776 2775 2774 2773 2772 2771 2770 2769 2768 2767 2766 2765 2764 2763 2762 2761 2760 2759 2758 2757 2756 2755 2754 2753 2752 2751 2750 2749 2748 2747 2746 2745 2744 2743 2742 2741 2740 2739 2738 2737 2736 2735 2734 2733 2732 2731 2730 2729 2728 2727 2726 2725 2724 2723 2722 2721 2720 2719 2718 2717 2716 2715 2714 2713 2712 2711 2710 2709 2708 2707 2706 2705 2704 2703 2702 2701 2700 2699 2698 2697 2696 2695 2694 2693 2692 2691 2690 2689 2688 2687 2686 2685 2684 2683 2682 2681 2680 2679 2678 2677 2676 2675 2674 2673 2672 2671 2670 2669 2668 2667 2666 2665 2664 2663 2662 2661 2660 2659 2658 2657 2656 2655 2654 2653 2652 2651 2650 2649 2648 2647 2646 2645 2644 2643 2642 2641 2640 2639 2638 2637 2636 2635 2634 2633 2632 2631 2630 2629 2628 2627 2626 2625 2624 2623 2622 2621 2620 2619 2618 2617 2616 2615 2614 2613 2612 2611 2610 2609 2608 2607 2606 2605 2604 2603 2602 2601 2600 2599 2598 2597 2596 2595 2594 2593 2592 2591 2590 2589 2588 2587 2586 2585 2584 2583 2582 2581 2580 2579 2578 2577 2576 2575 2574 2573 2572 2571 2570 2569 2568 2567 2566 2565 2564 2563 2562 2561 2560 2559 2558 2557 2556 2555 2554 2553 2552 2551 2550 2549 2548 2547 2546 2545 2544 2543 2542 2541 2540 2539 2538 2537 2536 2535 2534 2533 2532 2531 2530 2529 2528 2527 2526 2525 2524 2523 2522 2521 2520 2519 2518 2517 2516 2515 2514 2513 2512 2511 2510 2509 2508 2507 2506 2505 2504 2503 2502 2501 2500 2499 2498 2497 2496 2495 2494 2493 2492 2491 2490 2489 2488 2487 2486 2485 2484 2483 2482 2481 2480 2479 2478 2477 2476 2475 2474 2473 2472 2471 2470 2469 2468 2467 2466 2465 2464 2463 2462 2461 2460 2459 2458 2457 2456 2455 2454 2453 2452 2451 2450 2449 2448 2447 2446 2445 2444 2443 2442 2441 2440 2439 2438 2437 2436 2435 2434 2433 2432 2431 2430 2429 2428 2427 2426 2425 2424 2423 2422 2421 2420 2419 2418 2417 2416 2415 2414 2413 2412 2411 2410 2409 2408 2407 2406 2405 2404 2403 2402 2401 2400 2399 2398 2397 2396 2395 2394 2393 2392 2391 2390 2389 2388 2387 2386 2385 2384 2383 2382 2381 2380 2379 2378 2377 2376 2375 2374 2373 2372 2371 2370 2369 2368 2367 2366 2365 2364 2363 2362 2361 2360 2359 2358 2357 2356 2355 2354 2353 2352 2351 2350 2349 2348 2347 2346 2345 2344 2343 2342 2341 2340 2339 2338 2337 2336 2335 2334 2333 2332 2331 2330 2329 2328 2327 2326 2325 2324 2323 2322 2321 2320 2319 2318 2317 2316 2315 2314 2313 2312 2311 2310 2309 2308 2307 2306 2305 2304 2303 2302 2301 2300 2299 2298 2297 2296 2295 2294 2293 2292 2291 2290 2289 2288 2287 2286 2285 2284 2283 2282 2281 2280 2279 2278 2277 2276 2275 2274 2273 2272 2271 2270 2269 2268 2267 2266 2265 2264 2263 2262 2261 2260 2259 2258 2257 2256 2255 2254 2253 2252 2251 2250 2249 2248 2247 2246 2245 2244 2243 2242 2241 2240 2239 2238 2237 2236 2235 2234 2233 2232 2231 2230 2229 2228 2227 2226 2225 2224 2223 2222 2221 2220 2219 2218 2217 2216 2215 2214 2213 2212 2211 2210 2209 2208 2207 2206 2205 2204 2203 2202 2201 2200 2199 2198 2197 2196 2195 2194 2193 2192 2191 2190 2189 2188 2187 2186 2185 2184 2183 2182 2181 2180 2179 2178 2177 2176 2175 2174 2173 2172 2171 2170 2169 2168 2167 2166 2165 2164 2163 2162 2161 2160 2159 2158 2157 2156 2155 2154 2153 2152 2151 2150 2149 2148 2147 2146 2145 2144 2143 2142 2141 2140 2139 2138 2137 2136 2135 2134 2133 2132 2131 2130 2129 2128 2127 2126 2125 2124 2123 2122 2121 2120 2119 2118 2117 2116 2115 2114 2113 2112 2111 2110 2109 2108 2107 2106 2105 2104 2103 2102 2101 2100 2099 2098 2097 2096 2095 2094 2093 2092 2091 2090 2089 2088 2087 2086 2085 2084 2083 2082 2081 2080 2079 2078 2077 2076 2075 2074 2073 2072 2071 2070 2069 2068 2067 2066 2065 2064 2063 2062 2061 2060 2059 2058 2057 2056 2055 2054 2053 2052 2051 2050 2049 2048 2047 2046 2045 2044 2043 2042 2041 2040 2039 2038 2037 2036 2035 2034 2033 2032 2031 2030 2029 2028 2027 2026 2025 2024 2023 2022 2021 2020 2019 2018 2017 2016 2015 2014 2013 2012 2011 2010 2009 2008 2007 2006 2005 2004 2003 2002 2001 2000 1999 1998 1997 1996 1995 1994 1993 1992 1991 1990 1989 1988 1987 1986 1985 1984 1983 1982 1981 1980 1979 1978 1977 1976 1975 1974 1973 1972 1971 1970 1969 1968 1967 1966 1965 1964 1963 1962 1961 1960 1959 1958 1957 1956 1955 1954 1953 1952 1951 1950 1949 1948 1947 1946 1945 1944 1943 1942 1941 1940 1939 1938 1937 1936 1935 1934 1933 1932 1931 1930 1929 1928 1927 1926 1925 1924 1923 1922 1921 1920 1919 1918 1917 1916 1915 1914 1913 1912 1911 1910 1909 1908 1907 1906 1905 1904 1903 1902 1901 1900 1899 1898 1897 1896 1895 1894 1893 1892 1891 1890 1889 1888 1887 1886 1885 1884 1883 1882 1881 1880 1879 1878 1877 1876 1875 1874 1873 1872 1871 1870 1869 1868 1867 1866 1865 1864 1863 1862 1861 1860 1859 1858 1857 1856 1855 1854 1853 1852 1851 1850 1849 1848 1847 1846 1845 1844 1843 1842 1841 1840 1839 1838 1837 1836 1835 1834 1833 1832 1831 1830 1829 1828 1827 1826 1825 1824 1823 1822 1821 1820 1819 1818 1817 1816 1815 1814 1813 1812 1811 1810 1809 1808 1807 1806 1805 1804 1803 1802 1801 1800 1799 1798 1797 1796 1795 1794 1793 1792 1791 1790 1789 1788 1787 1786 1785 1784 1783 1782 1781 1780 1779 1778 1777 1776 1775 1774 1773 1772 1771 1770 1769 1768 1767 1766 1765 1764 1763 1762 1761 1760 1759 1758 1757 1756 1755 1754 1753 1752 1751 1750 1749 1748 1747 1746 1745 1744 1743 1742 1741 1740 1739 1738 1737 1736 1735 1734 1733 1732 1731 1730 1729 1728 1727 1726 1725 1724 1723 1722 1721 1720 1719 1718 1717 1716 1715 1714 1713 1712 1711 1710 1709 1708 1707 1706 1705 1704 1703 1702 1701 1700 1699 1698 1697 1696 1695 1694 1693 1692 1691 1690 1689 1688 1687 1686 1685 1684 1683 1682 1681 1680 1679 1678 1677 1676 1675 1674 1673 1672 1671 1670 1669 1668 1667 1666 1665 1664 1663 1662 1661 1660 1659 1658 1657 1656 1655 1654 1653 1652 1651 1650 1649 1648 1647 1646 1645 1644 1643 1642 1641 1640 1639 1638 1637 1636 1635 1634 1633 1632 1631 1630 1629 1628 1627 1626 1625 1624 1623 1622 1621 1620 1619 1618 1617 1616 1615 1614 1613 1612 1611 1610 1609 1608 1607 1606 1605 1604 1603 1602 1601 1600 1599 1598 1597 1596 1595 1594 1593 1592 1591 1590 1589 1588 1587 1586 1585 1584 1583 1582 1581 1580 1579 1578 1577 1576 1575 1574 1573 1572 1571 1570 1569 1568 1567 1566 1565 1564 1563 1562 1561 1560 1559 1558 1557 1556 1555 1554 1553 1552 1551 1550 1549 1548 1547 1546 1545 1544 1543 1542 1541 1540 1539 1538 1537 1536 1535 1534 1533 1532 1531 1530 1529 1528 1527 1526 1525 1524 1523 1522 1521 1520 1519 1518 1517 1516 1515 1514 1513 1512 1511 1510 1509 1508 1507 1506 1505 1504 1503 1502 1501 1500 1499 1498 1497 1496 1495 1494 1493 1492 1491 1490 1489 1488 1487 1486 1485 1484 1483 1482 1481 1480 1479 1478 1477 1476 1475 1474 1473 1472 1471 1470 1469 1468 1467 1466 1465 1464 1463 1462 1461 1460 1459 1458 1457 1456 1455 1454 1453 1452 1451 1450 1449 1448 1447 1446 1445 1444 1443 1442 1441 1440 1439 1438 1437 1436 1435 1434 1433 1432 1431 1430 1429 1428 1427 1426 1425 1424 1423 1422 1421 1420 1419 1418 1417 1416 1415 1414 1413 1412 1411 1410 1409 1408 1407 1406 1405 1404 1403 1402 1401 1400 1399 1398 1397 1396 1395 1394 1393 1392 1391 1390 1389 1388 1387 1386 1385 1384 1383 1382 1381 1380 1379 1378 1377 1376 1375 1374 1373 1372 1371 1370 1369 1368 1367 1366 1365 1364 1363 1362 1361 1360 1359 1358 1357 1356 1355 1354 1353 1352 1351 1350 1349 1348 1347 1346 1345 1344 1343 1342 1341 1340 1339 1338 1337 1336 1335 1334 1333 1332 1331 1330 1329 1328 1327 1326 1325 1324 1323 1322 1321 1320 1319 1318 1317 1316 1315 1314 1313 1312 1311 1310 1309 1308 1307 1306 1305 1304 1303 1302 1301 1300 1299 1298 1297 1296 1295 1294 1293 1292 1291 1290 1289 1288 1287 1286 1285 1284 1283 1282 1281 1280 1279 1278 1277 1276 1275 1274 1273 1272 1271 1270 1269 1268 1267 1266 1265 1264 1263 1262 1261 1260 1259 1258 1257 1256 1255 1254 1253 1252 1251 1250 1249 1248 1247 1246 1245 1244 1243 1242 1241 1240 1239 1238 1237 1236 1235 1234 1233 1232 1231 1230 1229 1228 1227 1226 1225 1224 1223 1222 1221 1220 1219 1218 1217 1216 1215 1214 1213 1212 1211 1210 1209 1208 1207 1206 1205 1204 1203 1202 1201 1200 1199 1198 1197 1196 1195 1194 1193 1192 1191 1190 1189 1188 1187 1186 1185 1184 1183 1182 1181 1180 1179 1178 1177 1176 1175 1174 1173 1172 1171 1170 1169 1168 1167 1166 1165 1164 1163 1162 1161 1160 1159 1158 1157 1156 1155 1154 1153 1152 1151 1150 1149 1148 1147 1146 1145 1144 1143 1142 1141 1140 1139 1138 1137 1136 1135 1134 1133 1132 1131 1130 1129 1128 1127 1126 1125 1124 1123 1122 1121 1120 1119 1118 1117 1116 1115 1114 1113 1112 1111 1110 1109 1108 1107 1106 1105 1104 1103 1102 1101 1100 1099 1098 1097 1096 1095 1094 1093 1092 1091 1090 1089 1088 1087 1086 1085 1084 1083 1082 1081 1080 1079 1078 1077 1076 1075 1074 1073 1072 1071 1070 1069 1068 1067 1066 1065 1064 1063 1062 1061 1060 1059 1058 1057 1056 1055 1054 1053 1052 1051 1050 1049 1048 1047 1046 1045 1044 1043 1042 1041 1040 1039 1038 1037 1036 1035 1034 1033 1032 1031 1030 1029 1028 1027 1026 1025 1024 1023 1022 1021 1020 1019 1018 1017 1016 1015 1014 1013 1012 1011 1010 1009 1008 1007 1006 1005 1004 1003 1002 1001 1000 999 998 997 996 995 994 993 992 991 990 989 988 987 986 985 984 983 982 981 980 979 978 977 976 975 974 973 972 971 970 969 968 967 966 965 964 963 962 961 960 959 958 957 956 955 954 953 952 951 950 949 948 947 946 945 944 943 942 941 940 939 938 937 936 935 934 933 932 931 930 929 928 927 926 925 924 923 922 921 920 919 918 917 916 915 914 913 912 911 910 909 908 907 906 905 904 903 902 901 900 899 898 897 896 895 894 893 892 891 890 889 888 887 886 885 884 883 882 881 880 879 878 877 876 875 874 873 872 871 870 869 868 867 866 865 864 863 862 861 860 859 858 857 856 855 854 853 852 851 850 849 848 847 846 845 844 843 842 841 840 839 838 837 836 835 834 833 832 831 830 829 828 827 826 825 824 823 822 821 820 819 818 817 816 815 814 813 812 811 810 809 808 807 806 805 804 803 802 801 800 799 798 797 796 795 794 793 792 791 790 789 788 787 786 785 784 783 782 781 780 779 778 777 776 775 774 773 772 771 770 769 768 767 766 765 764 763 762 761 760 759 758 757 756 755 754 753 752 751 750 749 748 747 746 745 744 743 742 741 740 739 738 737 736 735 734 733 732 731 730 729 728 727 726 725 724 723 722 721 720 719 718 717 716 715 714 713 712 711 710 709 708 707 706 705 704 703 702 701 700 699 698 697 696 695 694 693 692 691 690 689 688 687 686 685 684 683 682 681 680 679 678 677 676 675 674 673 672 671 670 669 668 667 666 665 664 663 662 661 660 659 658 657 656 655 654 653 652 651 650 649 648 647 646 645 644 643 642 641 640 639 638 637 636 635 634 633 632 631 630 629 628 627 626 625 624 623 622 621 620 619 618 617 616 615 614 613 612 611 610 609 608 607 606 605 604 603 602 601 600 599 598 597 596 595 594 593 592 591 590 589 588 587 586 585 584 583 582 581 580 579 578 577 576 575 574 573 572 571 570 569 568 567 566 565 564 563 562 561 560 559 558 557 556 555 554 553 552 551 550 549 548 547 546 545 544 543 542 541 540 539 538 537 536 535 534 533 532 531 530 529 528 527 526 525 524 523 522 521 520 519 518 517 516 515 514 513 512 511 510 509 508 507 506 505 504 503 502 501 500 499 498 497 496 495 494 493 492 491 490 489 488 487 486 485 484 483 482 481 480 479 478 477 476 475 474 473 472 471 470 469 468 467 466 465 464 463 462 461 460 459 458 457 456 455 454 453 452 451 450 449 448 447 446 445 444 443 442 441 440 439 438 437 436 435 434 433 432 431 430 429 428 427 426 425 424 423 422 421 420 419 418 417 416 415 414 413 412 411 410 409 408 407 406 405 404 403 402 401 400 399 398 397 396 395 394 393 392 391 390 389 388 387 386 385 384 383 382 381 380 379 378 377 376 375 374 373 372 371 370 369 368 367 366 365 364 363 362 361 360 359 358 357 356 355 354 353 352 351 350 349 348 347 346 345 344 343 342 341 340 339 338 337 336 335 334 333 332 331 330 329 328 327 326 325 324 323 322 321 320 319 318 317 316 315 314 313 312 311 310 309 308 307 306 305 304 303 302 301 300 299 298 297 296 295 294 293 292 291 290 289 288 287 286 285 284 283 282 281 280 279 278 277 276 275 274 273 272 271 270 269 268 267 266 265 264 263 262 261 260 259 258 257 256 255 254 253 252 251 250 249 248 247 246 245 244 243 242 241 240 239 238 237 236 235 234 233 232 231 230 229 228 227 226 225 224 223 222 221 220 219 218 217 216 215 214 213 212 211 210 209 208 207 206 205 204 203 202 201 200 199 198 197 196 195 194 193 192 191 190 189 188 187 186 185 184 183 182 181 180 179 178 177 176 175 174 173 172 171 170 169 168 167 166 165 164 163 162 161 160 159 158 157 156 155 154 153 152 151 150 149 148 147 146 145 144 143 142 141 140 139 138 137 136 135 134 133 132 131 130 129 128 127 126 125 124 123 122 121 120 119 118 117 116 115 114 113 112 111 110 109 108 107 106 105 104 103 102 101 100 99 98 97 96 95 94 93 92 91 90 89 88 87 86 85 84 83 82 81 80 79 78 77 76 75 74 73 72 71 70 69 68 67 66 65 64 63 62 61 60 59 58 57 56 55 54 53 52 51 50 49 48 47 46 45 44 43 42 41 40 39 38 37 36 35 34 33 32 31 30 29 28 27 26 25 24 23 22 21 20 19 18 17 16 15 14 13 12 11 10 9 8 7 6 5 4 3 2 1 0